14 0.15 0.234375 0.03125 0.053125
1 0.1734375 0.2296875 0.009375 0.021875
12 0.221875 0.23125 0.0140625 0.025
11 0.26875 0.2375 0.015625 0.028125
1 0.30625 0.21875 0.0140625 0.0203125
3 0.321875 0.23125 0.021875 0.025
3 0.353125 0.2296875 0.0265625 0.0296875
3 0.38125 0.2296875 0.021875 0.028125
3 0.4 0.228125 0.03125 0.028125
3 0.459375 0.225 0.0171875 0.03125
11 0.4859375 0.228125 0.0140625 0.028125
1 0.4453125 0.209375 0.0125 0.0203125
3 0.5375 0.2296875 0.0171875 0.0296875
11 0.565625 0.2296875 0.015625 0.03125
12 0.6265625 0.23125 0.0140625 0.025
12 0.690625 0.2328125 0.015625 0.0234375
3 0.74375 0.2375 0.01875 0.0265625
3 0.7625 0.2375 0.03125 0.0265625
1 0.7875 0.21875 0.0125 0.01875
3 0.80625 0.2328125 0.028125 0.0296875
3 0.834375 0.23125 0.03125 0.03125
3 0.8640625 0.23125 0.028125 0.0328125
3 0.8828125 0.23125 0.0328125 0.0328125
9 0.7984375 0.33125 0.01875 0.0078125
0 0.1484375 0.33125 0.021875 0.0296875
1 0.171875 0.3359375 0.0109375 0.0203125
11 0.221875 0.340625 0.01875 0.028125
12 0.26875 0.334375 0.0140625 0.021875
9 0.31875 0.33125 0.0234375 0.0078125
9 0.459375 0.33125 0.021875 0.0078125
4 0.565625 0.334375 0.0140625 0.015625
3 0.6 0.346875 0.021875 0.0328125
1 0.615625 0.3484375 0.0125 0.0171875
11 0.628125 0.3421875 0.0171875 0.028125
11 0.69375 0.340625 0.0203125 0.0234375
12 0.7390625 0.334375 0.0171875 0.0234375
14 0.1015625 0.44375 0.028125 0.05
1 0.121875 0.440625 0.0125 0.01875
1 0.1375 0.4203125 0.0125 0.01875
3 0.15 0.434375 0.0171875 0.0296875
11 0.184375 0.440625 0.015625 0.0296875
3 0.2375 0.440625 0.0171875 0.028125
3 0.275 0.440625 0.01875 0.028125
3 0.3 0.4421875 0.025 0.0265625
1 0.29375 0.43125 0.0109375 0.0203125
11 0.340625 0.45 0.0171875 0.028125
11 0.4125 0.434375 0.0140625 0.028125
11 0.4125 0.45625 0.015625 0.0171875
11 0.465625 0.45625 0.0140625 0.0171875
3 0.4734375 0.434375 0.028125 0.025
3 0.4953125 0.440625 0.021875 0.0359375
1 0.521875 0.44375 0.015625 0.01875
11 0.534375 0.459375 0.015625 0.01875
3 0.5375 0.4375 0.021875 0.0265625
11 0.5671875 0.45625 0.0125 0.0171875
11 0.56875 0.434375 0.01875 0.0296875
11 0.621875 0.4546875 0.01875 0.0171875
3 0.625 0.434375 0.025 0.0296875
11 0.671875 0.45625 0.015625 0.0171875
3 0.68125 0.434375 0.03125 0.025
3 0.7125 0.440625 0.0328125 0.0359375
3 0.746875 0.434375 0.028125 0.0265625
3 0.771875 0.440625 0.021875 0.0390625
11 0.7390625 0.45625 0.015625 0.015625
1 0.79375 0.44375 0.0109375 0.0171875
11 0.8078125 0.459375 0.015625 0.0140625
3 0.8109375 0.4375 0.0203125 0.028125
11 0.840625 0.45625 0.0171875 0.0171875
11 0.840625 0.434375 0.015625 0.028125
0 0.096875 0.5203125 0.028125 0.03125
1 0.121875 0.5265625 0.015625 0.0203125
9 0.15 0.521875 0.021875 0.009375
12 0.271875 0.5234375 0.0140625 0.021875
11 0.340625 0.5296875 0.015625 0.028125
11 0.4125 0.521875 0.01875 0.03125
11 0.534375 0.5265625 0.021875 0.028125
3 0.496875 0.528125 0.01875 0.03125
11 0.59375 0.5296875 0.0171875 0.028125
11 0.671875 0.5203125 0.01875 0.028125
11 0.8046875 0.525 0.01875 0.028125
11 0.865625 0.5203125 0.01875 0.028125
3 0.7703125 0.528125 0.021875 0.03125
14 0.1 0.634375 0.0265625 0.0515625
0 0.096875 0.6984375 0.021875 0.0265625
1 0.121875 0.63125 0.0140625 0.0203125
1 0.121875 0.703125 0.0125 0.01875
11 0.15 0.6546875 0.0171875 0.015625
11 0.153125 0.634375 0.01875 0.03125
11 0.15 0.70625 0.0171875 0.03125
11 0.2046875 0.6546875 0.015625 0.0171875
3 0.2125 0.634375 0.0296875 0.025
3 0.2359375 0.6390625 0.0234375 0.034375
3 0.2421875 0.69375 0.0234375 0.028125
11 0.2734375 0.69375 0.015625 0.03125
1 0.2609375 0.640625 0.0140625 0.01875
3 0.278125 0.6359375 0.0234375 0.028125
11 0.271875 0.659375 0.01875 0.015625
11 0.30625 0.6546875 0.0171875 0.0171875
11 0.30625 0.6328125 0.0171875 0.0328125
11 0.334375 0.715625 0.015625 0.03125
3 0.3625 0.634375 0.021875 0.0296875
11 0.359375 0.65625 0.015625 0.0171875
11 0.4125 0.65625 0.015625 0.015625
3 0.41875 0.63125 0.0328125 0.028125
3 0.453125 0.6375 0.0328125 0.0390625
3 0.484375 0.6328125 0.0296875 0.0296875
3 0.5078125 0.6375 0.025 0.0390625
11 0.478125 0.6546875 0.0140625 0.015625
1 0.534375 0.64375 0.0109375 0.0171875
11 0.546875 0.659375 0.0171875 0.015625
3 0.55 0.6375 0.01875 0.028125
11 0.578125 0.6546875 0.015625 0.0171875
11 0.5796875 0.63125 0.015625 0.0296875
11 0.4109375 0.70625 0.0171875 0.0296875
3 0.515625 0.69375 0.021875 0.0296875
11 0.546875 0.69375 0.0140625 0.03125
11 0.603125 0.70625 0.015625 0.028125
11 0.675 0.715625 0.0140625 0.03125
11 0.675 0.6421875 0.015625 0.0171875
11 0.675 0.621875 0.01875 0.028125
11 0.728125 0.6421875 0.015625 0.0171875
3 0.734375 0.621875 0.0234375 0.025
3 0.7609375 0.625 0.0203125 0.034375
11 0.796875 0.6453125 0.015625 0.0171875
3 0.8 0.625 0.021875 0.028125
11 0.83125 0.621875 0.0171875 0.0265625
11 0.83125 0.64375 0.0171875 0.015625
3 0.765625 0.703125 0.0203125 0.0265625
11 0.796875 0.703125 0.015625 0.0296875
11 0.8578125 0.6953125 0.0171875 0.028125
11 0.8859375 0.64375 0.015625 0.015625
3 0.8875 0.625 0.0234375 0.028125
14 0.1015625 0.809375 0.025 0.05
0 0.096875 0.875 0.0203125 0.0265625
1 0.121875 0.80625 0.0140625 0.0203125
1 0.121875 0.88125 0.0125 0.0203125
1 0.55625 0.828125 0.0109375 0.0171875
1 0.5578125 0.8734375 0.0125 0.01875
1 0.45 0.8703125 0.0125 0.01875
1 0.171875 0.809375 0.0125 0.01875
11 0.15 0.821875 0.015625 0.0171875
3 0.15625 0.8015625 0.025 0.025
11 0.15 0.89375 0.015625 0.034375
11 0.215625 0.821875 0.0125 0.0171875
11 0.28125 0.825 0.015625 0.0171875
11 0.315625 0.8 0.015625 0.028125
11 0.315625 0.821875 0.0140625 0.0140625
3 0.1875 0.8015625 0.0265625 0.028125
3 0.225 0.8 0.0296875 0.025
3 0.246875 0.80625 0.021875 0.0390625
3 0.284375 0.803125 0.025 0.0296875
3 0.253125 0.884375 0.025 0.028125
11 0.284375 0.884375 0.0140625 0.028125
11 0.340625 0.875 0.0171875 0.0296875
11 0.409375 0.809375 0.015625 0.0296875
11 0.409375 0.83125 0.01875 0.0125
11 0.409375 0.8828125 0.015625 0.0296875
11 0.4625 0.884375 0.0203125 0.03125
11 0.4625 0.81875 0.0171875 0.025
11 0.571875 0.821875 0.01875 0.028125
11 0.51875 0.821875 0.0140625 0.028125
11 0.515625 0.8875 0.015625 0.028125
11 0.56875 0.884375 0.0171875 0.028125
3 0.65 0.8125 0.034375 0.0546875
11 0.671875 0.803125 0.015625 0.0234375
3 0.65 0.8734375 0.03125 0.0234375
3 0.68125 0.884375 0.03125 0.046875
3 0.7125 0.884375 0.028125 0.04375
3 0.734375 0.884375 0.028125 0.046875
3 0.78125 0.8921875 0.0328125 0.0328125
3 0.809375 0.890625 0.021875 0.0328125
3 0.84375 0.890625 0.025 0.03125
3 0.8703125 0.890625 0.021875 0.0328125