14 0.871875 0.740625 0.0375 0.0625
1 0.8453125 0.746875 0.0125 0.0234375
12 0.790625 0.74375 0.015625 0.028125
11 0.734375 0.7375 0.01875 0.0328125
1 0.690625 0.7578125 0.015625 0.0234375
3 0.671875 0.74375 0.0265625 0.028125
3 0.634375 0.746875 0.03125 0.034375
3 0.603125 0.746875 0.025 0.034375
3 0.58125 0.746875 0.0359375 0.034375
3 0.509375 0.753125 0.0203125 0.0359375
11 0.478125 0.746875 0.0171875 0.0328125
1 0.5265625 0.7703125 0.015625 0.0234375
3 0.41875 0.746875 0.0203125 0.034375
11 0.3859375 0.746875 0.0203125 0.0375
12 0.3140625 0.74375 0.015625 0.028125
12 0.2375 0.74375 0.0171875 0.028125
3 0.178125 0.7375 0.021875 0.03125
3 0.1546875 0.7375 0.0375 0.03125
1 0.125 0.759375 0.0140625 0.021875
3 0.103125 0.74375 0.034375 0.034375
3 0.0703125 0.74375 0.0375 0.0359375
3 0.0359375 0.74375 0.0328125 0.0375
3 0.015625 0.74609375 0.03125 0.0390625
9 0.1125 0.6265625 0.021875 0.009375
0 0.875 0.628125 0.025 0.034375
1 0.846875 0.621875 0.0125 0.0234375
11 0.7875 0.615625 0.0203125 0.0328125
12 0.734375 0.625 0.015625 0.0265625
9 0.675 0.6265625 0.028125 0.0078125
9 0.5125 0.6265625 0.025 0.009375
4 0.3875 0.625 0.0171875 0.01875
3 0.346875 0.609375 0.025 0.0375
1 0.328125 0.6078125 0.0140625 0.0203125
11 0.3109375 0.615625 0.0203125 0.0328125
11 0.234375 0.615625 0.0234375 0.028125
12 0.1828125 0.625 0.0203125 0.028125
14 0.9296875 0.496875 0.0328125 0.059375
1 0.9046875 0.5 0.0140625 0.021875
1 0.8875 0.5234375 0.0140625 0.021875
3 0.8734375 0.50625 0.0203125 0.034375
11 0.8328125 0.4984375 0.01875 0.034375
3 0.76875 0.5 0.0203125 0.0328125
3 0.7265625 0.4984375 0.021875 0.0328125
3 0.696875 0.496875 0.028125 0.03125
1 0.703125 0.5109375 0.0125 0.0234375
11 0.65 0.4890625 0.0203125 0.034375
11 0.565625 0.50625 0.015625 0.034375
11 0.565625 0.48125 0.01875 0.01875
11 0.503125 0.48125 0.0171875 0.0203125
3 0.49375 0.50625 0.0328125 0.028125
3 0.46875 0.5 0.025 0.0421875
1 0.4375 0.496875 0.01875 0.021875
11 0.421875 0.478125 0.0171875 0.021875
3 0.41875 0.503125 0.0265625 0.03125
11 0.384375 0.48125 0.015625 0.01875
11 0.38125 0.5078125 0.021875 0.034375
11 0.31875 0.4828125 0.021875 0.0203125
3 0.315625 0.50625 0.028125 0.034375
11 0.2625 0.48125 0.01875 0.01875
3 0.2515625 0.50625 0.0359375 0.028125
3 0.2140625 0.5 0.0375 0.0421875
3 0.1734375 0.50625 0.0328125 0.03125
3 0.1453125 0.5 0.025 0.0453125
11 0.1828125 0.48125 0.0171875 0.0171875
1 0.11875 0.4953125 0.0125 0.0203125
11 0.1015625 0.478125 0.01875 0.0171875
3 0.0984375 0.503125 0.0234375 0.03125
11 0.065625 0.4796875 0.0203125 0.0203125
11 0.0625 0.5078125 0.0171875 0.0328125
0 0.934375 0.40625 0.0328125 0.0359375
1 0.9046875 0.3984375 0.0171875 0.0234375
9 0.871875 0.4046875 0.025 0.0109375
12 0.7296875 0.403125 0.015625 0.0265625
11 0.6484375 0.3953125 0.01875 0.0328125
11 0.565625 0.40625 0.021875 0.0359375
11 0.4234375 0.3984375 0.0265625 0.034375
3 0.465625 0.396875 0.021875 0.0359375
11 0.3515625 0.3953125 0.0203125 0.034375
11 0.2625 0.40625 0.021875 0.0328125
11 0.10625 0.4 0.021875 0.0328125
11 0.034375 0.40625 0.021875 0.0328125
3 0.146875 0.396875 0.025 0.0359375
14 0.93125 0.2734375 0.03125 0.0609375
0 0.934375 0.196875 0.028125 0.03125
1 0.90625 0.278125 0.0171875 0.0234375
1 0.9046875 0.190625 0.015625 0.021875
11 0.871875 0.2484375 0.0203125 0.0171875
11 0.8703125 0.2734375 0.021875 0.0375
11 0.871875 0.1875 0.0203125 0.0359375
11 0.809375 0.2484375 0.01875 0.01875
3 0.8 0.271875 0.034375 0.028125
3 0.771875 0.2671875 0.028125 0.0390625
3 0.765625 0.203125 0.028125 0.034375
11 0.728125 0.203125 0.0171875 0.0375
1 0.74375 0.2640625 0.015625 0.021875
3 0.721875 0.2703125 0.028125 0.034375
11 0.7296875 0.24375 0.0203125 0.0171875
11 0.6890625 0.25 0.0203125 0.01875
11 0.690625 0.275 0.0203125 0.0375
11 0.65625 0.178125 0.0203125 0.0359375
3 0.621875 0.271875 0.0265625 0.034375
11 0.625 0.246875 0.0171875 0.0203125
11 0.565625 0.246875 0.0171875 0.01875
3 0.559375 0.275 0.0375 0.0328125
3 0.5171875 0.26875 0.0390625 0.046875
3 0.48125 0.275 0.034375 0.034375
3 0.453125 0.26875 0.0296875 0.0453125
11 0.4875 0.2484375 0.015625 0.0171875
1 0.4234375 0.2625 0.0125 0.0203125
11 0.40625 0.24375 0.0203125 0.01875
3 0.403125 0.26875 0.021875 0.034375
11 0.3703125 0.2484375 0.0171875 0.01875
11 0.36875 0.275 0.0171875 0.034375
11 0.5671875 0.1875 0.0203125 0.034375
3 0.4453125 0.2015625 0.0265625 0.034375
11 0.40625 0.203125 0.015625 0.0375
11 0.340625 0.1875 0.0171875 0.0328125
11 0.25625 0.178125 0.015625 0.0359375
11 0.2578125 0.2625 0.0171875 0.01875
11 0.259375 0.2875 0.021875 0.0328125
11 0.19375 0.2625 0.01875 0.01875
3 0.1875 0.2875 0.028125 0.028125
3 0.15625 0.28125 0.025 0.040625
11 0.1140625 0.259375 0.0171875 0.0203125
3 0.1125 0.284375 0.025 0.03125
11 0.075 0.2875 0.0203125 0.03125
11 0.075 0.2625 0.0203125 0.01875
3 0.1515625 0.190625 0.0234375 0.03125
11 0.1140625 0.1921875 0.0171875 0.034375
11 0.04375 0.2 0.0203125 0.0328125
11 0.0109375 0.2609375 0.0171875 0.01875
3 0.0109375 0.2828125 0.021875 0.0328125
14 0.9296875 0.065625 0.0296875 0.059375
1 0.9046875 0.0703125 0.015625 0.0234375
1 0.396875 0.0453125 0.0125 0.0203125
1 0.521875 0.003125 0.0125 0.00625
1 0.846875 0.06875 0.0140625 0.0203125
11 0.871875 0.053125 0.01875 0.0203125
3 0.865625 0.0765625 0.0296875 0.028125
11 0.796875 0.053125 0.015625 0.01875
11 0.71875 0.0484375 0.0171875 0.01875
11 0.678125 0.078125 0.0171875 0.034375
11 0.678125 0.0515625 0.015625 0.0171875
3 0.828125 0.075 0.03125 0.034375
3 0.7859375 0.078125 0.034375 0.0296875
3 0.759375 0.071875 0.0265625 0.0453125
3 0.7140625 0.075 0.028125 0.034375
11 0.65 0.0046875 0.0203125 0.009375
11 0.56875 0.0671875 0.01875 0.034375
11 0.56875 0.040625 0.0203125 0.015625
11 0.50625 0.05625 0.0203125 0.028125
11 0.378125 0.053125 0.021875 0.0328125
11 0.440625 0.053125 0.0171875 0.0328125
3 0.2875 0.0625 0.0390625 0.0625
11 0.259375 0.075 0.0171875 0.0265625
3 0.2875 0.003125 0.0359375 0.00625