0 0.98046875 0.4765625 0.0390625 0.86875
2 0.9375 0.715625 0.0296875 0.3515625
13 0.6125 0.325 0.0296875 0.6140625
13 0.5765625 0.290625 0.028125 0.5640625
13 0.540625 0.253125 0.028125 0.503125
13 0.50625 0.64609375 0.0375 0.7078125
13 0.471875 0.75 0.028125 0.5
13 0.4171875 0.628125 0.028125 0.74375
13 0.384375 0.77109375 0.034375 0.4578125
13 0.3421875 0.5734375 0.0359375 0.8140625
13 0.315625 0.76171875 0.028125 0.4765625
13 0.28125 0.73125 0.03125 0.5359375
13 0.246875 0.69375 0.0296875 0.6125
13 0.215625 0.259375 0.0328125 0.51875
13 0.18125 0.3546875 0.0390625 0.709375
13 0.14609375 0.23125 0.0328125 0.4625
13 0.11171875 0.365625 0.0359375 0.73125
11 0.028125 0.4859375 0.0390625 0.4859375
0 0.99921875 0.4765625 0.0015625 0.86875