0 0.95546875 0.5 0.0890625 1
2 0.875 0.209375 0.04375 0.41875
13 0.6625 0.490625 0.0640625 0.7609375
13 0.603125 0.459375 0.0515625 0.7109375
13 0.553125 0.41875 0.046875 0.68125
13 0.490625 0.41875 0.053125 0.828125
13 0.44296875 0.375 0.0546875 0.75
13 0.38671875 0.346875 0.0390625 0.69375
13 0.334375 0.41875 0.05 0.8359375
3 0.265625 0.446875 0.075 0.675
11 0.190625 0.503125 0.0703125 0.690625
2 0.1203125 0.3328125 0.034375 0.421875
3 0.0765625 0.5765625 0.05 0.6421875
0 0.99921875 0.5 0.0015625 1