0 0.0328125 0.465625 0.0484375 0.8984375
2 0.0796875 0.196875 0.01875 0.39375
2 0.103125 0.396875 0.0203125 0.4015625
8 0.2 0.321875 0.0296875 0.5390625
8 0.3 0.5140625 0.028125 0.578125
3 0.4375 0.6234375 0.0265625 0.6625
3 0.525 0.6640625 0.03125 0.5890625
3 0.6140625 0.71875 0.028125 0.5484375
3 0.703125 0.6625 0.0375 0.5703125
3 0.821875 0.6375 0.028125 0.6484375
3 0.909375 0.671875 0.03125 0.5890625
13 0.4875 0.590625 0.040625 0.7046875
13 0.578125 0.6359375 0.0375 0.659375
13 0.665625 0.659375 0.0390625 0.6796875
13 0.75625 0.5984375 0.0390625 0.7046875
13 0.871875 0.621875 0.0390625 0.75
13 0.9640625 0.6546875 0.040625 0.66875