0 0.021875 0.51875 0.04375 0.9609375
2 0.06875 0.803125 0.021875 0.3921875
2 0.09375 0.603125 0.021875 0.4390625
8 0.1984375 0.6875 0.03125 0.5890625
8 0.3078125 0.4765625 0.0296875 0.63125
3 0.453125 0.3625 0.0296875 0.7234375
3 0.5484375 0.31875 0.034375 0.6375
3 0.64375 0.278125 0.0296875 0.5546875
3 0.740625 0.315625 0.040625 0.6234375
3 0.86875 0.35 0.0296875 0.7
3 0.9640625 0.315625 0.034375 0.63125
13 0.509375 0.3921875 0.04375 0.7703125
13 0.60625 0.353125 0.040625 0.70625
13 0.7 0.346875 0.040625 0.6921875
13 0.7984375 0.384375 0.040625 0.76875
13 0.92421875 0.384375 0.0421875 0.76875