0 0.034375 0.5109375 0.0609375 0.7765625
2 0.0859375 0.2921875 0.0265625 0.315625
13 0.378125 0.64375 0.0265625 0.5515625
13 0.409375 0.675 0.025 0.50625
13 0.4421875 0.709375 0.0265625 0.4515625
13 0.4734375 0.34375 0.034375 0.6625
13 0.5046875 0.2578125 0.0265625 0.4609375
13 0.553125 0.359375 0.025 0.69375
13 0.584375 0.234375 0.03125 0.434375
13 0.6203125 0.4203125 0.03125 0.73125
13 0.6453125 0.2328125 0.0265625 0.465625
13 0.675 0.259375 0.028125 0.51875
13 0.70625 0.29375 0.0265625 0.5875
13 0.734375 0.734375 0.0296875 0.5296875
13 0.7640625 0.64921875 0.034375 0.7015625
13 0.7953125 0.759375 0.0296875 0.475
13 0.828125 0.621875 0.0328125 0.690625
11 0.903125 0.5 0.0359375 0.4359375