0 0.0328125 0.534375 0.0484375 0.8984375
2 0.0796875 0.803125 0.01875 0.39375
2 0.103125 0.603125 0.0203125 0.4015625
8 0.2 0.678125 0.0296875 0.5390625
8 0.3 0.4859375 0.028125 0.578125
3 0.4375 0.3765625 0.0265625 0.6625
3 0.525 0.3359375 0.03125 0.5890625
3 0.6140625 0.28125 0.028125 0.55
3 0.703125 0.3375 0.0375 0.5703125
3 0.821875 0.3625 0.028125 0.6484375
3 0.909375 0.328125 0.03125 0.5890625
13 0.4875 0.409375 0.040625 0.7046875
13 0.578125 0.3640625 0.0375 0.659375
13 0.665625 0.340625 0.0390625 0.6796875
13 0.75625 0.4015625 0.0390625 0.703125
13 0.871875 0.378125 0.0390625 0.75
13 0.9640625 0.3453125 0.040625 0.66875