0 0.0265625 0.51875 0.0421875 0.715625
1 0.065625 0.4421875 0.015625 0.265625
1 0.0828125 0.2921875 0.0171875 0.2625
4 0.159375 0.503125 0.0171875 0.2125
3 0.196875 0.4015625 0.0265625 0.5421875
3 0.23125 0.478125 0.0296875 0.803125
3 0.265625 0.29375 0.03125 0.4609375
3 0.340625 0.6625 0.025 0.675
3 0.375 0.7625 0.028125 0.475
3 0.409375 0.584375 0.034375 0.8140625
3 0.625 0.6171875 0.0265625 0.4671875
3 0.65625 0.5359375 0.0328125 0.609375
3 0.703125 0.484375 0.0296875 0.7125
3 0.85 0.634375 0.0265625 0.609375
3 0.8828125 0.69375 0.03125 0.5015625
3 0.91875 0.5765625 0.03125 0.5953125
3 0.9546875 0.515625 0.0359375 0.6890625
4 0.30625 0.50625 0.015625 0.2046875
4 0.5875 0.509375 0.0171875 0.1921875
11 0.475 0.5078125 0.025 0.4375
1 0.684375 0.1375 0.015625 0.26875
12 0.534375 0.4921875 0.0203125 0.3265625
8 0.765625 0.5625 0.021875 0.4640625