0 0.98984375 0.5 0.0203125 1
2 0.96171875 0.80546875 0.0359375 0.3890625
2 0.934375 0.628125 0.0296875 0.415625
3 0.69375 0.38125 0.0453125 0.7484375
3 0.634375 0.39375 0.046875 0.7859375
3 0.5734375 0.41875 0.046875 0.79375
3 0.51875 0.459375 0.05 0.75625
3 0.43125 0.55625 0.053125 0.8671875
3 0.3703125 0.603125 0.046875 0.740625
3 0.3109375 0.571875 0.040625 0.740625
3 0.25625 0.496875 0.0453125 0.7515625
3 0.196875 0.503125 0.040625 0.9109375
3 0.1453125 0.496875 0.0484375 0.971875
3 0.0859375 0.5 0.053125 1
3 0.03359375 0.73046875 0.0515625 0.5390625
0 0.99921875 0.5 0.0015625 1