1 0.9625 0.575 0.021875 0.446875
1 0.9421875 0.79375 0.021875 0.4109375
1 0.921875 0.4953125 0.021875 0.4375
11 0.6625 0.29375 0.03125 0.5875
11 0.48125 0.6453125 0.0328125 0.6828125
11 0.2609375 0.321875 0.03125 0.64375
11 0.08046875 0.29375 0.0296875 0.5875
3 0.809375 0.59375 0.0359375 0.7765625
3 0.584375 0.3 0.0359375 0.5984375
3 0.3953125 0.640625 0.0515625 0.675
3 0.18046875 0.325 0.0328125 0.65
13 0.734375 0.6515625 0.0359375 0.6953125
13 0.51875 0.290625 0.0359375 0.58125
13 0.328125 0.64375 0.05 0.70625
13 0.115625 0.33125 0.0328125 0.6609375