1 0.98125 0.540625 0.0328125 0.465625
1 0.940625 0.7875 0.0328125 0.425
11 0.7671875 0.321875 0.05 0.6421875
13 0.6375 0.35 0.0515625 0.6984375
13 0.58125 0.359375 0.053125 0.7171875
13 0.525 0.378125 0.05 0.7546875
13 0.465625 0.396875 0.05 0.7921875
13 0.4046875 0.478125 0.0515625 0.7734375
13 0.3484375 0.4578125 0.05 0.915625
13 0.2875 0.5109375 0.0515625 0.834375
13 0.23125 0.5546875 0.046875 0.7640625
13 0.16875 0.471875 0.053125 0.7734375
13 0.115625 0.4390625 0.05 0.878125
13 0.05625 0.425 0.05 0.85
13 0.0140625 0.3875 0.028125 0.7734375