0 0.02578125 0.49375 0.0359375 0.9875
2 0.065625 0.2125 0.01875 0.3609375
3 0.14375 0.546875 0.0265625 0.5671875
13 0.2 0.609375 0.0234375 0.5703125
11 0.2515625 0.678125 0.025 0.61875
11 0.309375 0.6859375 0.025 0.6015625
11 0.3640625 0.628125 0.0234375 0.640625
11 0.4453125 0.69375 0.025 0.584375
11 0.5015625 0.3375 0.0265625 0.6265625
3 0.559375 0.690625 0.0296875 0.5921875
13 0.6125 0.34375 0.0390625 0.640625
11 0.6625 0.409375 0.028125 0.6359375
11 0.71875 0.321875 0.0265625 0.64375
11 0.775 0.475 0.0265625 0.609375
8 0.8578125 0.40625 0.0234375 0.5921875
12 0.9421875 0.4875 0.025 0.4296875