0 0.98046875 0.5078125 0.0390625 0.984375
2 0.9375 0.24375 0.0203125 0.4078125
8 0.7515625 0.5171875 0.0234375 0.575
11 0.65859375 0.71171875 0.0265625 0.5765625
11 0.5953125 0.36875 0.025 0.59375
11 0.484375 0.596875 0.025 0.5796875
11 0.353125 0.525 0.0234375 0.5890625
11 0.290625 0.7078125 0.025 0.584375
11 0.08515625 0.71171875 0.0234375 0.5765625
11 0.021875 0.2625 0.0234375 0.5234375
2 0.5078125 0.371875 0.021875 0.39375
13 0.40625 0.540625 0.0234375 0.665625
13 0.38125 0.484375 0.028125 0.7109375
8 0.1796875 0.65625 0.0234375 0.5703125
0 0.99921875 0.5078125 0.0015625 0.984375