0 0.98671875 0.50234375 0.0265625 0.9921875
2 0.953125 0.2125 0.01875 0.4234375
11 0.86875 0.565625 0.025 0.6203125
11 0.76875 0.4125 0.025 0.640625
11 0.7125 0.35625 0.021875 0.6453125
11 0.659375 0.7 0.0234375 0.6
3 0.590625 0.628125 0.0234375 0.5921875
3 0.5296875 0.5734375 0.0234375 0.625
3 0.459375 0.575 0.0234375 0.640625
11 0.390625 0.55625 0.0234375 0.5921875
11 0.103125 0.628125 0.021875 0.5921875
13 0.4875 0.5296875 0.03125 0.6546875
13 0.4171875 0.471875 0.03125 0.8375
13 0.31875 0.6671875 0.0234375 0.659375
13 0.29375 0.6984375 0.025 0.5953125
3 0.2421875 0.3515625 0.0296875 0.596875
3 0.209375 0.3578125 0.021875 0.715625
3 0.1734375 0.315625 0.0234375 0.63125
3 0.1375 0.3 0.0203125 0.6
13 0.034375 0.584375 0.0265625 0.6484375
13 0.009375 0.54609375 0.01875 0.7078125
0 0.99921875 0.50234375 0.0015625 0.9921875