1 0.0328125 0.60625 0.0234375 0.4125
3 0.1453125 0.3890625 0.0359375 0.6484375
3 0.20625 0.53125 0.053125 0.6671875
3 0.3109375 0.3390625 0.0546875 0.678125
3 0.36875 0.6375 0.046875 0.6640625
3 0.421875 0.6625 0.05 0.6671875
4 0.25 0.503125 0.0265625 0.3046875
11 0.46875 0.3265625 0.0421875 0.653125
11 0.5859375 0.678125 0.040625 0.6
11 0.665625 0.515625 0.0421875 0.6609375
3 0.7546875 0.5390625 0.0453125 0.6671875
13 0.809375 0.4625 0.0609375 0.665625
13 0.865625 0.51875 0.0484375 0.6296875
3 0.921875 0.60625 0.053125 0.6484375
3 0.965625 0.3375 0.0328125 0.646875