0 0.00625 0.5 0.0125 1
4 0.084375 0.528125 0.0375 0.478125
3 0.140625 0.609375 0.0359375 0.715625
8 0.203125 0.371875 0.0296875 0.7421875
8 0.29765625 0.60234375 0.0390625 0.7953125
11 0.41875 0.425 0.0375 0.8484375
11 0.475 0.321875 0.0390625 0.64375
11 0.534375 0.471875 0.0390625 0.7203125
11 0.590625 0.625 0.04375 0.7265625
11 0.678125 0.434375 0.0328125 0.8671875
11 0.7375 0.371875 0.034375 0.7421875
11 0.7984375 0.490625 0.0359375 0.7921875
11 0.85625 0.59375 0.04375 0.775
5 0.94921875 0.115625 0.0390625 0.23125