1 0.059375 0.334375 0.0140625 0.334375
8 0.128125 0.45625 0.0203125 0.5171875
8 0.4 0.5703125 0.021875 0.5171875
8 0.846875 0.4 0.0203125 0.5359375
8 0.921875 0.459375 0.0203125 0.5171875
1 0.828125 0.1515625 0.015625 0.303125
11 0.203125 0.634375 0.01875 0.5140625
11 0.3 0.51875 0.021875 0.5046875
11 0.35 0.6359375 0.0203125 0.5
11 0.4984375 0.6375 0.0203125 0.5046875
11 0.5984375 0.459375 0.0203125 0.5
11 0.6484375 0.7 0.0203125 0.521875
11 0.7453125 0.584375 0.0203125 0.5171875
11 0.796875 0.453125 0.0203125 0.5046875
3 0.26875 0.584375 0.021875 0.5171875
3 0.7125 0.640625 0.021875 0.5265625
12 0.55 0.5265625 0.0171875 0.359375