2 0.909375 0.340625 0.0328125 0.4234375
2 0.88125 0.184375 0.0296875 0.36875
12 0.784375 0.3328125 0.03125 0.5125
11 0.7125 0.6375 0.04375 0.6109375
3 0.6125 0.68984375 0.04375 0.6203125
3 0.53125 0.675 0.0359375 0.615625
3 0.484375 0.596875 0.040625 0.65
3 0.4375 0.578125 0.0453125 0.5921875
3 0.3859375 0.5484375 0.0421875 0.575
3 0.3375 0.528125 0.0359375 0.5375
3 0.2875 0.471875 0.0390625 0.6125
3 0.2 0.5375 0.0359375 0.584375
13 0.14375 0.5578125 0.04375 0.5359375
3 0.103125 0.553125 0.0375 0.6671875
3 0.01875 0.68125 0.034375 0.6375