0 0.03125 0.5 0.0625 1
1 0.0796875 0.4125 0.0296875 0.3578125
1 0.1 0.203125 0.034375 0.40625
1 0.121875 0.471875 0.03125 0.4078125
11 0.215625 0.70625 0.034375 0.5859375
11 0.384375 0.54375 0.0328125 0.6203125
8 0.2859375 0.46875 0.0390625 0.6484375
3 0.478125 0.484375 0.0375 0.7265625
3 0.5203125 0.4828125 0.0265625 0.6984375
3 0.5625 0.55625 0.0328125 0.6640625
3 0.603125 0.4578125 0.034375 0.759375
3 0.65 0.503125 0.0234375 0.759375
3 0.69375 0.58125 0.0359375 0.6484375
3 0.740625 0.49375 0.0328125 0.7875
3 0.78125 0.496875 0.0328125 0.68125
3 0.825 0.5828125 0.0359375 0.675
3 0.86875 0.4546875 0.028125 0.753125
3 0.909375 0.525 0.03125 0.7140625
3 0.953125 0.55625 0.0296875 0.6640625