0 0.0203125 0.553125 0.040625 0.8828125
2 0.059375 0.8140625 0.0171875 0.3515625
2 0.075 0.6515625 0.015625 0.3453125
2 0.090625 0.853125 0.01875 0.2921875
8 0.3109375 0.69375 0.028125 0.528125
3 0.45 0.30625 0.028125 0.6109375
3 0.553125 0.309375 0.0296875 0.6171875
11 0.6296875 0.503125 0.0265625 0.5671875
11 0.6875 0.5109375 0.028125 0.5328125
3 0.7453125 0.559375 0.0265625 0.584375
13 0.79375 0.603125 0.025 0.5546875
13 0.86875 0.721875 0.0234375 0.5546875
13 0.96484375 0.72109375 0.0265625 0.5578125
3 0.91875 0.753125 0.0265625 0.49375
3 0.821875 0.665625 0.0296875 0.5671875
8 0.98984375 0.41171875 0.0203125 0.5265625
8 0.99921875 0.41171875 0.0015625 0.5265625