0 0.05 0.5 0.075 0.996875
1 0.121875 0.403125 0.028125 0.3921875
1 0.15625 0.1890625 0.028125 0.378125
11 0.303125 0.628125 0.040625 0.6140625
13 0.4125 0.6015625 0.04375 0.6609375
13 0.459375 0.628125 0.0453125 0.74375
13 0.5078125 0.578125 0.0421875 0.7015625
13 0.55625 0.540625 0.04375 0.6859375
13 0.609375 0.45625 0.04375 0.65
13 0.65625 0.475 0.040625 0.765625
13 0.70625 0.428125 0.04375 0.7015625
13 0.7546875 0.390625 0.0390625 0.64375
13 0.80625 0.4609375 0.0453125 0.65
13 0.8515625 0.496875 0.040625 0.7484375
13 0.903125 0.54375 0.0421875 0.7921875
13 0.9484375 0.60625 0.046875 0.7859375