2 0.028125 0.409375 0.021875 0.5125
2 0.05 0.7640625 0.0234375 0.471875
8 0.14375 0.346875 0.0265625 0.6921875
3 0.246875 0.4734375 0.028125 0.790625
3 0.3625 0.625 0.0296875 0.75
3 0.5375 0.4875 0.03125 0.7640625
3 0.7 0.475 0.0265625 0.8171875
3 0.740625 0.40625 0.03125 0.7421875
3 0.78125 0.4625 0.040625 0.8234375
3 0.8609375 0.571875 0.025 0.796875
11 0.9484375 0.50625 0.025 0.70625
11 0.45 0.6 0.028125 0.7328125
11 0.6125 0.603125 0.028125 0.7328125
13 0.3 0.54375 0.0359375 0.84375
13 0.415625 0.625 0.034375 0.75
13 0.9125 0.5578125 0.0359375 0.884375