2 0.05625 0.4015625 0.0171875 0.4328125
8 0.2578125 0.55 0.025 0.6390625
8 0.478125 0.546875 0.0234375 0.6453125
8 0.653125 0.396875 0.025 0.628125
13 0.3484375 0.646875 0.0234375 0.7046875
13 0.3734375 0.609375 0.025 0.78125
13 0.3984375 0.58125 0.0234375 0.8359375
13 0.425 0.646875 0.0265625 0.7046875
13 0.74375 0.521875 0.0234375 0.715625
13 0.76875 0.475 0.0234375 0.8421875
13 0.796875 0.4453125 0.025 0.846875
13 0.821875 0.525 0.025 0.7328125
11 0.56875 0.73359375 0.021875 0.5328125
11 0.871875 0.55625 0.025 0.6234375