0 0.9796875 0.6 0.040625 0.7984375
1 0.94375 0.51875 0.01875 0.303125
1 0.9296875 0.3375 0.01875 0.328125
1 0.9109375 0.5796875 0.0171875 0.328125
1 0.8953125 0.378125 0.0234375 0.34375
8 0.8125 0.5390625 0.0296875 0.5109375
8 0.71875 0.571875 0.0359375 0.51875
8 0.596875 0.384375 0.03125 0.5109375
3 0.503125 0.44375 0.034375 0.596875
13 0.4671875 0.415625 0.0296875 0.61875
13 0.4390625 0.453125 0.0265625 0.5890625
3 0.409375 0.49375 0.0265625 0.571875
3 0.36875 0.509375 0.0375 0.5421875
3 0.2859375 0.609375 0.025 0.640625
3 0.2484375 0.590625 0.034375 0.671875
3 0.2078125 0.68125 0.025 0.609375
3 0.171875 0.69375 0.025 0.565625
3 0.121875 0.525 0.028125 0.9484375
3 0.084375 0.7203125 0.0296875 0.559375
3 0.0375 0.5203125 0.0265625 0.88125
3 0.0078125 0.515625 0.015625 0.7984375
3 0.0625 0.15 0.021875 0.2984375