0 0.97734375 0.5 0.0453125 1
2 0.9375 0.665625 0.028125 0.5484375
2 0.9125 0.525 0.01875 0.4375
12 0.690625 0.45 0.025 0.60625
4 0.63125 0.45625 0.025 0.39375
3 0.584375 0.565625 0.040625 0.6609375
3 0.546875 0.3875 0.028125 0.60625
3 0.5 0.315625 0.0484375 0.56875
3 0.4546875 0.45625 0.040625 0.6140625
13 0.41875 0.4 0.0296875 0.615625
13 0.390625 0.390625 0.0296875 0.6453125
13 0.34375 0.6171875 0.0359375 0.6203125
13 0.2921875 0.559375 0.0265625 0.709375
2 0.3125 0.35625 0.0265625 0.409375
3 0.25625 0.5953125 0.0375 0.59375
4 0.221875 0.421875 0.0234375 0.3109375
3 0.184375 0.371875 0.028125 0.58125
3 0.14375 0.45 0.0265625 0.5890625
3 0.096875 0.509375 0.03125 0.575
3 0.0625 0.4515625 0.0296875 0.55625
13 0.0140625 0.41875 0.028125 0.6125
0 0.99921875 0.5 0.0015625 1