0 0.028125 0.503125 0.0484375 0.99375
12 0.121875 0.490625 0.0296875 0.5296875
3 0.1734375 0.59375 0.03125 0.56875
13 0.234375 0.446875 0.04375 0.7734375
11 0.2671875 0.6 0.021875 0.61875
3 0.3359375 0.61875 0.0375 0.7265625
3 0.4046875 0.590625 0.03125 0.621875
3 0.44375 0.6 0.03125 0.628125
13 0.48046875 0.63671875 0.0265625 0.7265625
13 0.5078125 0.6125 0.025 0.775
13 0.5328125 0.684375 0.0265625 0.63125
13 0.55625 0.6375 0.025 0.69375
11 0.5875 0.5203125 0.0265625 0.6734375
3 0.665625 0.528125 0.034375 0.615625
3 0.7265625 0.5203125 0.0296875 0.6015625
3 0.765625 0.534375 0.03125 0.7109375
13 0.803125 0.54375 0.0265625 0.7296875
13 0.825 0.490625 0.0265625 0.803125
13 0.853125 0.5125 0.025 0.7265625
13 0.8828125 0.4328125 0.0265625 0.865625
8 0.9109375 0.359375 0.03125 0.7171875