0 0.025 0.521875 0.05 0.9546875
2 0.0625 0.2828125 0.01875 0.3578125
2 0.0796875 0.496875 0.015625 0.315625
2 0.09375 0.259375 0.0171875 0.309375
4 0.1875 0.5625 0.021875 0.29375
12 0.4875 0.5671875 0.021875 0.4984375
4 0.5421875 0.5625 0.0234375 0.30625
3 0.584375 0.628125 0.0390625 0.5296875
13 0.665625 0.50625 0.0203125 0.778125
13 0.725 0.4328125 0.0171875 0.775
13 0.784375 0.390625 0.0203125 0.734375
3 0.8203125 0.653125 0.0234375 0.471875
3 0.85625 0.66875 0.028125 0.5203125
3 0.890625 0.7296875 0.0265625 0.540625
4 0.928125 0.553125 0.0203125 0.2859375
3 0.9625 0.6625 0.03125 0.5046875