0 0.98984375 0.471875 0.0203125 0.840625
2 0.9625 0.7125 0.0140625 0.353125
2 0.95 0.5484375 0.0140625 0.334375
2 0.934375 0.7875 0.0140625 0.3125
11 0.7625 0.609375 0.0203125 0.5046875
11 0.6625 0.43125 0.021875 0.4953125
11 0.5625 0.259375 0.021875 0.51875
11 0.340625 0.3078125 0.0234375 0.5046875
11 0.2375 0.484375 0.021875 0.48125
11 0.1359375 0.253125 0.0234375 0.4859375
3 0.4625 0.2375 0.0265625 0.475
3 0.43125 0.2546875 0.0265625 0.490625
3 0.39375 0.240625 0.0375 0.48125
3 0.03515625 0.271875 0.0234375 0.54375
3 0.0078125 0.3140625 0.015625 0.5265625
0 0.99921875 0.471875 0.0015625 0.840625