0 0.978125 0.43125 0.034375 0.8625
2 0.9453125 0.690625 0.0140625 0.3671875
2 0.9328125 0.503125 0.0140625 0.371875
3 0.84375 0.3125 0.0328125 0.5484375
3 0.7625 0.3046875 0.03125 0.54375
3 0.68125 0.296875 0.0328125 0.528125
11 0.603125 0.621875 0.021875 0.553125
11 0.5578125 0.70546875 0.021875 0.5890625
4 0.509375 0.43125 0.01875 0.2390625
12 0.478125 0.4296875 0.0171875 0.421875
3 0.384375 0.3046875 0.03125 0.5046875
3 0.303125 0.3046875 0.0328125 0.534375
3 0.221875 0.3171875 0.0328125 0.528125
3 0.096875 0.4390625 0.0265625 0.5390625
11 0.14375 0.5625 0.0203125 0.5578125
4 0.8171875 0.434375 0.0171875 0.2453125
4 0.7359375 0.4296875 0.0171875 0.2453125
4 0.6546875 0.425 0.015625 0.2359375
4 0.359375 0.4296875 0.015625 0.2453125
4 0.278125 0.421875 0.015625 0.25
4 0.196875 0.43125 0.015625 0.2390625
4 0.06875 0.415625 0.015625 0.2453125
12 0.0375 0.43125 0.015625 0.396875