0 0.00859375 0.51796875 0.0171875 0.9640625
11 0.0875 0.671875 0.040625 0.559375
12 0.15625 0.625 0.0359375 0.54375
12 0.2875 0.59375 0.0390625 0.54375
12 0.44375 0.6375 0.046875 0.6828125
11 0.21875 0.465625 0.0484375 0.7015625
11 0.378125 0.3078125 0.046875 0.615625
11 0.50625 0.4625 0.034375 0.6953125
3 0.5890625 0.440625 0.03125 0.740625
11 0.665625 0.415625 0.04375 0.6921875
11 0.725 0.471875 0.034375 0.753125
8 0.79375 0.471875 0.034375 0.6890625
11 0.91875 0.59375 0.0359375 0.6859375
4 0.978125 0.590625 0.0265625 0.3328125