0 0.021875 0.5 0.04375 1
1 0.0625 0.5375 0.028125 0.3828125
1 0.08125 0.73125 0.03125 0.3515625
1 0.1125 0.4734375 0.021875 0.4203125
12 0.353125 0.45625 0.0359375 0.546875
3 0.4265625 0.4375 0.046875 0.6171875
3 0.478125 0.45625 0.04375 0.5921875
13 0.55 0.378125 0.0390625 0.7546875
13 0.5890625 0.271875 0.0328125 0.5421875
3 0.625 0.3 0.0375 0.5984375
3 0.675 0.2921875 0.0359375 0.584375
3 0.728125 0.2890625 0.0546875 0.578125
13 0.803125 0.6609375 0.0453125 0.6640625
13 0.8390625 0.571875 0.0296875 0.740625
3 0.8796875 0.515625 0.0546875 0.6234375
3 0.9328125 0.40625 0.0515625 0.6015625
3 0.98125 0.4125 0.0375 0.584375