0 0.9765625 0.528125 0.046875 0.9421875
2 0.9359375 0.3265625 0.021875 0.415625
2 0.91875 0.53125 0.01875 0.434375
11 0.83671875 0.31875 0.0390625 0.6375
11 0.771875 0.409375 0.0359375 0.6625
3 0.71875 0.60625 0.028125 0.7875
11 0.6 0.640625 0.025 0.6859375
11 0.5375 0.471875 0.040625 0.6109375
12 0.4796875 0.6265625 0.021875 0.6140625
11 0.3921875 0.690625 0.028125 0.61875
11 0.3375 0.678125 0.03125 0.5828125
11 0.275 0.53125 0.028125 0.578125
11 0.190625 0.603125 0.0328125 0.7015625
12 0.1328125 0.60625 0.0296875 0.5109375
4 0.075 0.6375 0.025 0.359375