0 0.01875 0.553125 0.0375 0.8921875
1 0.05625 0.453125 0.0234375 0.3734375
8 0.21875 0.540625 0.0234375 0.4859375
13 0.278125 0.675 0.0203125 0.65
3 0.3 0.7375 0.015625 0.525
13 0.340625 0.440625 0.021875 0.5890625
3 0.3578125 0.521875 0.015625 0.6453125
8 0.434375 0.5390625 0.0171875 0.553125
11 0.521875 0.696875 0.0265625 0.5140625
11 0.603125 0.684375 0.0203125 0.5765625
3 0.6484375 0.36875 0.01875 0.5296875
3 0.675 0.43125 0.0234375 0.553125
8 0.725 0.428125 0.021875 0.459375
11 0.809375 0.615625 0.0234375 0.5421875
3 0.85 0.6859375 0.0265625 0.553125
3 0.884375 0.409375 0.0296875 0.5265625
11 0.9109375 0.478125 0.025 0.490625
11 0.9546875 0.540625 0.0203125 0.5890625