1 0.009375 0.80234375 0.01875 0.3953125
1 0.0296875 0.515625 0.0203125 0.44375
1 0.0515625 0.728125 0.0234375 0.428125
12 0.15 0.559375 0.0328125 0.453125
11 0.21875 0.353125 0.040625 0.6484375
3 0.315625 0.415625 0.04375 0.7515625
11 0.36171875 0.3625 0.0328125 0.725
3 0.4703125 0.35 0.034375 0.7
3 0.521875 0.4125 0.04375 0.7328125
11 0.5671875 0.434375 0.03125 0.8109375
3 0.6640625 0.621875 0.03125 0.7234375
1 0.634375 0.878125 0.0390625 0.2421875
3 0.70625 0.4671875 0.0328125 0.8296875
3 0.753125 0.509375 0.046875 0.696875
8 0.8375 0.375 0.0390625 0.75
8 0.953125 0.35 0.065625 0.7