1 0.984375 0.346875 0.0203125 0.3546875
1 0.9609375 0.603125 0.0203125 0.3453125
1 0.9375 0.4140625 0.0203125 0.35
3 0.715625 0.559375 0.0296875 0.5625
3 0.665625 0.403125 0.040625 0.5328125
3 0.5875 0.3625 0.028125 0.5546875
3 0.440625 0.296875 0.0296875 0.559375
3 0.196875 0.609375 0.0265625 0.571875
3 0.059375 0.41875 0.040625 0.571875
13 0.5 0.428125 0.025 0.5921875
13 0.471875 0.4140625 0.028125 0.665625
13 0.125 0.6921875 0.025 0.615625
13 0.1 0.728125 0.0265625 0.54375
12 0.3984375 0.55 0.0203125 0.41875
12 0.30625 0.546875 0.0234375 0.409375
12 0.021875 0.540625 0.0234375 0.3921875
4 0.2390625 0.5625 0.021875 0.25625
4 0.63125 0.5609375 0.0203125 0.2515625