1 0.05 0.653125 0.0203125 0.3765625
1 0.075 0.38125 0.021875 0.3671875
1 0.1 0.584375 0.021875 0.371875
3 0.334375 0.4296875 0.03125 0.5984375
3 0.3875 0.5953125 0.04375 0.565625
3 0.4703125 0.6375 0.0296875 0.5890625
3 0.628125 0.7078125 0.03125 0.584375
3 0.8859375 0.375 0.0296875 0.60625
13 0.5625 0.56875 0.0265625 0.6296875
13 0.59375 0.584375 0.0296875 0.70625
13 0.959375 0.3078125 0.0265625 0.615625
13 0.9875 0.26875 0.025 0.5375
12 0.671875 0.4390625 0.021875 0.44375
12 0.7703125 0.44375 0.0234375 0.434375
4 0.840625 0.425 0.0234375 0.271875
4 0.425 0.428125 0.021875 0.2671875