1 0.015625 0.275 0.015625 0.4328125
1 0.071875 0.35 0.0140625 0.4453125
11 0.0875 0.665625 0.0203125 0.659375
8 0.134375 0.3890625 0.021875 0.7015625
11 0.2078125 0.38125 0.0203125 0.6046875
11 0.275 0.575 0.015625 0.6203125
8 0.3203125 0.446875 0.028125 0.6859375
11 0.39375 0.459375 0.01875 0.6734375
3 0.4625 0.4125 0.021875 0.7359375
13 0.49375 0.359375 0.0203125 0.71875
13 0.5125 0.325 0.01875 0.6484375
8 0.5359375 0.3875 0.01875 0.6765625
11 0.60625 0.3671875 0.0234375 0.5984375
4 0.671875 0.521875 0.015625 0.3828125
1 0.690625 0.3546875 0.015625 0.4046875
3 0.70625 0.66875 0.015625 0.640625
3 0.7375 0.659375 0.0203125 0.6375
3 0.765625 0.671875 0.015625 0.634375
11 0.796875 0.353125 0.01875 0.659375
3 0.85 0.3734375 0.025 0.65
3 0.87734375 0.69921875 0.0171875 0.6015625
8 0.92890625 0.69921875 0.0171875 0.6015625
8 0.99375 0.690625 0.0109375 0.6171875