0 0.0234375 0.51875 0.046875 0.9625
1 0.0625 0.471875 0.01875 0.3765625
1 0.078125 0.2875 0.0203125 0.375
1 0.0984375 0.5375 0.0203125 0.3671875
12 0.271875 0.521875 0.0234375 0.61875
4 0.346875 0.5640625 0.0234375 0.2765625
3 0.384375 0.478125 0.028125 0.5609375
3 0.41875 0.4640625 0.028125 0.60625
3 0.4796875 0.721875 0.0234375 0.5546875
3 0.546875 0.73125 0.021875 0.5359375
3 0.58125 0.71875 0.0203125 0.5625
3 0.628125 0.4046875 0.0359375 0.6109375
3 0.665625 0.496875 0.0359375 0.528125
3 0.725 0.50625 0.0390625 0.56875
3 0.765625 0.5453125 0.0390625 0.5890625
3 0.80625 0.490625 0.040625 0.5734375
13 0.521875 0.68125 0.0234375 0.5875
13 0.934375 0.43125 0.0421875 0.5890625
13 0.975 0.478125 0.0390625 0.578125
11 0.871875 0.45625 0.034375 0.6375