0 0.03203125 0.496875 0.0484375 0.99375
2 0.0765625 0.209375 0.0203125 0.4125
11 0.165625 0.5546875 0.0265625 0.6203125
11 0.29375 0.484375 0.0265625 0.6078125
11 0.7703125 0.68984375 0.028125 0.6203125
11 0.9015625 0.340625 0.03125 0.6
3 0.475 0.5203125 0.0328125 0.6578125
3 0.5203125 0.69375 0.028125 0.6046875
3 0.65 0.6625 0.0328125 0.640625
3 0.703125 0.35 0.0421875 0.5921875
13 0.41875 0.58125 0.0265625 0.6484375
13 0.446875 0.5484375 0.0296875 0.721875
13 0.59375 0.646875 0.0265625 0.6328125
13 0.621875 0.6140625 0.028125 0.7140625