11 0.08125 0.31875 0.0203125 0.5828125
3 0.146875 0.328125 0.0234375 0.5890625
3 0.440625 0.5953125 0.0234375 0.6125
3 0.475 0.59375 0.0234375 0.60625
3 0.56875 0.6515625 0.0265625 0.696875
3 0.778125 0.5875 0.025 0.5828125
3 0.8140625 0.665625 0.0234375 0.6
8 0.203125 0.525 0.0234375 0.5890625
11 0.28125 0.528125 0.0203125 0.61875
11 0.603125 0.646875 0.0234375 0.6125
11 0.65625 0.65 0.0234375 0.61875
11 0.846875 0.528125 0.021875 0.5828125
11 0.8984375 0.528125 0.0234375 0.5953125
11 0.95 0.521875 0.0234375 0.5828125
12 0.334375 0.5171875 0.0140625 0.44375
12 0.728125 0.525 0.015625 0.425
4 0.40625 0.528125 0.015625 0.2453125
13 0.50625 0.571875 0.021875 0.646875
13 0.54375 0.5953125 0.028125 0.7515625
1 0.5265625 0.878125 0.0140625 0.2421875