0 0.01875 0.46171875 0.0375 0.9234375
1 0.05625 0.515625 0.021875 0.3625
12 0.35 0.396875 0.0203125 0.53125
4 0.409375 0.43125 0.025 0.3203125
3 0.4453125 0.384375 0.0328125 0.565625
3 0.50625 0.384375 0.0265625 0.5375
13 0.54375 0.2953125 0.0234375 0.590625
13 0.56875 0.3375 0.0265625 0.6328125
1 0.590625 0.7109375 0.0203125 0.359375
3 0.6125 0.434375 0.025 0.559375
3 0.646875 0.4453125 0.03125 0.5875
3 0.6875 0.4453125 0.0234375 0.5609375
3 0.7234375 0.3796875 0.028125 0.5578125
4 0.7625 0.43125 0.01875 0.303125
13 0.79375 0.49375 0.028125 0.7265625
1 0.81875 0.71875 0.01875 0.353125
13 0.840625 0.4171875 0.0234375 0.64375
3 0.8875 0.415625 0.0296875 0.6203125
3 0.9296875 0.390625 0.0296875 0.584375
4 0.9640625 0.44375 0.0234375 0.3125