8 0.1 0.540625 0.03125 0.553125
8 0.959375 0.546875 0.0328125 0.553125
13 0.2125 0.6265625 0.0328125 0.66875
13 0.2703125 0.6375 0.0359375 0.578125
13 0.30625 0.609375 0.034375 0.6546875
13 0.340625 0.571875 0.0328125 0.715625
13 0.378125 0.484375 0.03125 0.6734375
13 0.4140625 0.51875 0.0296875 0.609375
13 0.446875 0.478125 0.0328125 0.6625
13 0.4828125 0.4609375 0.0359375 0.71875
3 0.55 0.353125 0.034375 0.6734375
3 0.59375 0.340625 0.05 0.6234375
3 0.725 0.3453125 0.034375 0.640625
3 0.771875 0.4 0.0390625 0.6234375
3 0.821875 0.453125 0.0421875 0.5890625
3 0.86875 0.490625 0.04375 0.546875
11 0.65 0.35625 0.03125 0.6625
2 0.246875 0.421875 0.0234375 0.3953125