0 0.034375 0.503125 0.0671875 0.9921875
2 0.078125 0.2125 0.034375 0.4234375
3 0.20625 0.434375 0.05 0.6546875
3 0.30625 0.38125 0.046875 0.7625
3 0.346875 0.303125 0.034375 0.60625
3 0.390625 0.7 0.034375 0.5984375
3 0.43125 0.6328125 0.040625 0.734375
3 0.4765625 0.5828125 0.0390625 0.6890625
3 0.521875 0.5125 0.040625 0.696875
3 0.5671875 0.484375 0.03125 0.6515625
3 0.609375 0.4390625 0.0390625 0.6828125
11 0.684375 0.390625 0.040625 0.7796875
11 0.7515625 0.43125 0.0484375 0.778125
4 0.81875 0.503125 0.028125 0.396875
3 0.8703125 0.43125 0.0375 0.63125
3 0.9109375 0.4296875 0.0421875 0.6171875
3 0.9546875 0.43125 0.0390625 0.684375