1 0.06875 0.621875 0.015625 0.4015625
1 0.0828125 0.3921875 0.0140625 0.3875
5 0.1609375 0.346875 0.028125 0.16875
1 0.225 0.190625 0.0140625 0.38125
8 0.246875 0.4859375 0.021875 0.6453125
8 0.3 0.3546875 0.021875 0.640625
5 0.4 0.41875 0.0265625 0.184375
8 0.484375 0.5609375 0.021875 0.625
8 0.540625 0.56875 0.0203125 0.6203125
8 0.621875 0.56875 0.021875 0.6109375
8 0.675 0.6375 0.0234375 0.6203125
8 0.7328125 0.6375 0.0234375 0.6203125
8 0.7875 0.696875 0.0203125 0.6
2 0.378125 0.421875 0.015625 0.396875
1 0.76875 0.4 0.0125 0.3921875