0 0.021875 0.55625 0.034375 0.8859375
1 0.05625 0.490625 0.0140625 0.328125
1 0.0703125 0.3125 0.0125 0.3125
1 0.084375 0.54375 0.0140625 0.30625
11 0.31875 0.6109375 0.015625 0.515625
11 0.4265625 0.484375 0.01875 0.540625
11 0.65 0.615625 0.01875 0.546875
11 0.69375 0.7375 0.01875 0.5
11 0.740625 0.4859375 0.0203125 0.546875
11 0.80625 0.61875 0.01875 0.53125
11 0.85 0.615625 0.0203125 0.525
3 0.378125 0.734375 0.01875 0.515625
3 0.96875 0.559375 0.021875 0.525
4 0.940625 0.571875 0.0140625 0.2390625
12 0.471875 0.553125 0.0125 0.4
12 0.6046875 0.55625 0.015625 0.3640625
12 0.8953125 0.55 0.0171875 0.3953125