0 0.0140625 0.51875 0.028125 0.9625
2 0.05 0.259375 0.0203125 0.3953125
8 0.2328125 0.525 0.0234375 0.5578125
11 0.3234375 0.715625 0.025 0.5671875
11 0.384375 0.378125 0.025 0.575
11 0.490625 0.6 0.0234375 0.5625
11 0.6203125 0.53125 0.0234375 0.5703125
11 0.68125 0.7125 0.0234375 0.575
11 0.8796875 0.715625 0.021875 0.5671875
11 0.940625 0.265625 0.021875 0.5296875
2 0.46875 0.384375 0.0203125 0.3828125
13 0.56875 0.546875 0.0234375 0.6453125
13 0.59375 0.49375 0.028125 0.6890625
8 0.7875 0.6578125 0.0234375 0.553125