0 0.0390625 0.5 0.059375 1
12 0.15625 0.465625 0.0359375 0.4390625
3 0.2375 0.421875 0.05625 0.6734375
3 0.29375 0.69375 0.0484375 0.6109375
12 0.3296875 0.4796875 0.0328125 0.4953125
3 0.40625 0.621875 0.046875 0.6546875
13 0.4578125 0.621875 0.034375 0.65625
1 0.490625 0.4796875 0.0296875 0.4015625
13 0.528125 0.3625 0.0484375 0.6125
2 0.590625 0.7 0.028125 0.4984375
3 0.6265625 0.465625 0.0484375 0.6859375
3 0.678125 0.5125 0.05 0.6171875
4 0.721875 0.49375 0.0234375 0.29375
3 0.765625 0.625 0.034375 0.6265625
3 0.825 0.6875 0.0296875 0.609375
3 0.87421875 0.69921875 0.0421875 0.6015625
12 0.91875 0.49375 0.0328125 0.559375