0 0.03125 0.5 0.0625 1
1 0.078125 0.45625 0.0265625 0.3625
1 0.096875 0.275 0.0296875 0.3328125
1 0.125 0.51875 0.021875 0.3984375
12 0.35625 0.534375 0.034375 0.5171875
3 0.4265625 0.553125 0.04375 0.584375
3 0.475 0.534375 0.040625 0.5609375
13 0.54296875 0.62734375 0.0359375 0.7453125
13 0.58125 0.72734375 0.03125 0.5453125
3 0.615625 0.703125 0.0359375 0.59375
3 0.6625 0.7 0.034375 0.56875
3 0.7125 0.709375 0.0515625 0.5796875
13 0.7859375 0.340625 0.04375 0.628125
13 0.81875 0.4265625 0.028125 0.7015625
3 0.8578125 0.478125 0.053125 0.590625
3 0.909375 0.58125 0.0484375 0.56875
3 0.9625 0.58125 0.05 0.5546875