5 0.971875 0.6171875 0.0265625 0.271875
8 0.859375 0.40625 0.028125 0.6796875
11 0.759375 0.553125 0.0234375 0.7265625
11 0.7125 0.55625 0.0328125 0.6734375
11 0.659375 0.5203125 0.025 0.79375
8 0.6125 0.5515625 0.0265625 0.7
8 0.5125 0.559375 0.0234375 0.746875
1 0.43671875 0.81171875 0.0203125 0.3765625
11 0.415625 0.4890625 0.01875 0.7
3 0.353125 0.41875 0.03125 0.73125
11 0.31484375 0.35 0.0265625 0.7
8 0.265625 0.41875 0.03125 0.73125
8 0.190625 0.453125 0.0296875 0.8015625
5 0.1140625 0.640625 0.025 0.240625