0 0.990625 0.453125 0.01875 0.8078125
2 0.9640625 0.68125 0.015625 0.3046875
2 0.95 0.5453125 0.015625 0.3375
8 0.8875 0.346875 0.03125 0.471875
11 0.8109375 0.4453125 0.0234375 0.453125
3 0.7640625 0.4046875 0.01875 0.6015625
3 0.73125 0.384375 0.01875 0.5328125
3 0.678125 0.584375 0.0234375 0.546875
3 0.64921875 0.40625 0.0234375 0.8125
3 0.61796875 0.390625 0.0265625 0.78125
3 0.584375 0.3765625 0.028125 0.753125
11 0.5515625 0.253125 0.0359375 0.50625
12 0.509375 0.434375 0.025 0.4234375
8 0.4375 0.546875 0.0296875 0.546875
11 0.36875 0.34375 0.0265625 0.54375
3 0.31875 0.628125 0.0265625 0.553125
3 0.2875 0.6 0.03125 0.578125
3 0.2328125 0.740625 0.025 0.51875
3 0.203125 0.5390625 0.025 0.921875
3 0.16875 0.53125 0.0234375 0.9203125
3 0.140625 0.51875 0.025 0.8734375
3 0.0984375 0.353125 0.03125 0.540625
3 0.071875 0.73125 0.0234375 0.5359375
3 0.040625 0.70625 0.021875 0.55
3 0.0125 0.671875 0.025 0.5359375