12 0.171875 0.584375 0.0234375 0.7046875
11 0.215625 0.684375 0.01875 0.6171875
8 0.259375 0.509375 0.015625 0.525
8 0.34375 0.509375 0.0203125 0.540625
8 0.40625 0.540625 0.021875 0.56875
11 0.490625 0.58125 0.0171875 0.6359375
3 0.5453125 0.5203125 0.0203125 0.5921875
8 0.575 0.509375 0.021875 0.5890625
11 0.7234375 0.325 0.0234375 0.6171875
11 0.7671875 0.35625 0.0234375 0.6
11 0.828125 0.421875 0.0171875 0.6203125
11 0.871875 0.5125 0.01875 0.54375
11 0.915625 0.5203125 0.025 0.5125
11 0.9578125 0.525 0.01875 0.56875