2 0.0234375 0.1625 0.015625 0.325
2 0.0421875 0.3421875 0.015625 0.4609375
11 0.121875 0.3046875 0.0234375 0.609375
3 0.178125 0.65 0.025 0.7
3 0.7046875 0.61796875 0.025 0.7640625
13 0.221875 0.6125 0.0296875 0.7734375
11 0.253125 0.5015625 0.021875 0.7140625
11 0.31171875 0.3125 0.0265625 0.625
11 0.3921875 0.65859375 0.025 0.6828125
11 0.453125 0.309375 0.025 0.61875
11 0.565625 0.5046875 0.0203125 0.759375
11 0.6484375 0.4625 0.0265625 0.728125
11 0.78125 0.3046875 0.0234375 0.609375
11 0.83671875 0.33125 0.0234375 0.6625
11 0.921875 0.340625 0.0234375 0.68125
11 0.9796875 0.4234375 0.021875 0.7015625
13 0.75 0.6625 0.03125 0.671875
12 0.509375 0.4203125 0.0171875 0.475