0 0.978125 0.4375 0.04375 0.8734375
1 0.9390625 0.490625 0.0171875 0.3375
11 0.703125 0.421875 0.028125 0.5234375
3 0.640625 0.5953125 0.028125 0.60625
13 0.5875 0.653125 0.025 0.60625
11 0.5609375 0.30625 0.0265625 0.5046875
3 0.490625 0.428125 0.04375 0.546875
3 0.44375 0.421875 0.0421875 0.5203125
3 0.375 0.4953125 0.0421875 0.546875
3 0.3296875 0.55 0.040625 0.5390625
11 0.215625 0.2609375 0.025 0.521875
3 0.14375 0.559375 0.0421875 0.5359375
11 0.10625 0.55625 0.0296875 0.5359375
13 0.040625 0.525 0.028125 0.5984375
13 0.0140625 0.4890625 0.025 0.6609375