0 0.9515625 0.4875 0.096875 0.975
1 0.8734375 0.528125 0.0453125 0.3625
1 0.8375 0.6953125 0.053125 0.309375
1 0.796875 0.45625 0.0390625 0.3625
13 0.640625 0.4453125 0.059375 0.690625
13 0.584375 0.528125 0.04375 0.590625
13 0.5390625 0.578125 0.0546875 0.671875
13 0.4890625 0.646875 0.05 0.5578125
13 0.3984375 0.259375 0.04375 0.51875
13 0.35 0.3703125 0.0515625 0.740625
13 0.3 0.40625 0.0421875 0.60625
13 0.25 0.390625 0.046875 0.5921875
13 0.190625 0.74375 0.0515625 0.5125
13 0.1453125 0.5 0.040625 1
13 0.0921875 0.471875 0.0484375 0.9421875
13 0.04375 0.640625 0.0578125 0.6015625