1 0.03125 0.346875 0.015625 0.421875
1 0.046875 0.5875 0.0125 0.40625
5 0.128125 0.634375 0.028125 0.1765625
1 0.19375 0.8 0.0140625 0.4
8 0.215625 0.490625 0.021875 0.678125
8 0.271875 0.628125 0.0234375 0.671875
5 0.378125 0.559375 0.028125 0.19375
8 0.465625 0.4125 0.021875 0.65625
8 0.5234375 0.403125 0.021875 0.6515625
8 0.6078125 0.403125 0.0234375 0.640625
8 0.665625 0.33125 0.0234375 0.65
8 0.725 0.33125 0.025 0.65
8 0.78125 0.296875 0.021875 0.5921875
2 0.3546875 0.55625 0.015625 0.415625
1 0.759375 0.58125 0.0140625 0.4125