2 0.0546875 0.5984375 0.01875 0.4296875
11 0.21875 0.6796875 0.025 0.621875
3 0.2625 0.575 0.0234375 0.515625
3 0.290625 0.515625 0.0234375 0.515625
11 0.31875 0.475 0.021875 0.55625
11 0.3671875 0.54375 0.0265625 0.5515625
3 0.428125 0.3421875 0.03125 0.609375
3 0.4578125 0.378125 0.025 0.5765625
11 0.4859375 0.709375 0.01875 0.571875
12 0.5328125 0.5125 0.015625 0.390625
11 0.575 0.525 0.0296875 0.5390625
8 0.659375 0.475 0.0234375 0.5015625
11 0.746875 0.303125 0.03125 0.5765625
11 0.809375 0.29375 0.0234375 0.578125
13 0.8625 0.36875 0.028125 0.7375
13 0.890625 0.421875 0.0203125 0.6046875
11 0.909375 0.4671875 0.021875 0.49375
11 0.95625 0.53125 0.025 0.65