8 0.115625 0.50625 0.0328125 0.5890625
8 0.196875 0.5078125 0.034375 0.565625
8 0.303125 0.453125 0.025 0.596875
8 0.49375 0.478125 0.0203125 0.6546875
11 0.409375 0.525 0.0375 0.6546875
3 0.5765625 0.40625 0.0203125 0.64375
13 0.621875 0.3875 0.0265625 0.5875
3 0.65 0.359375 0.0296875 0.6921875
3 0.684375 0.3953125 0.0265625 0.603125
3 0.7453125 0.38125 0.025 0.6125
13 0.790625 0.45 0.025 0.5546875
11 0.81875 0.50625 0.03125 0.5703125
12 0.871875 0.503125 0.025 0.425
3 0.925 0.2625 0.0328125 0.5234375
3 0.965625 0.296875 0.034375 0.5921875