0 0.034375 0.56484375 0.06875 0.8671875
2 0.084375 0.39375 0.028125 0.340625
2 0.1109375 0.5484375 0.0296875 0.346875
3 0.203125 0.45625 0.0453125 0.5203125
3 0.2578125 0.475 0.05 0.4875
4 0.296875 0.61875 0.0265625 0.25625
3 0.3421875 0.440625 0.0375 0.5171875
13 0.384375 0.428125 0.03125 0.590625
13 0.415625 0.48125 0.0265625 0.5546875
3 0.446875 0.5 0.028125 0.5171875
4 0.4953125 0.6 0.0328125 0.2671875
3 0.540625 0.315625 0.04375 0.56875
8 0.6484375 0.5375 0.034375 0.60625
13 0.7484375 0.596875 0.0390625 0.5859375
13 0.7828125 0.603125 0.028125 0.51875
13 0.8125 0.575 0.0328125 0.553125
13 0.84375 0.565625 0.028125 0.6203125
13 0.875 0.5296875 0.028125 0.69375
13 0.90625 0.6015625 0.03125 0.6203125
13 0.9328125 0.634375 0.0265625 0.5703125
13 0.96875 0.6625 0.03125 0.5328125