0 0.0109375 0.525 0.021875 0.9484375
2 0.04375 0.25625 0.0171875 0.40625
8 0.1265625 0.709375 0.0265625 0.5796875
11 0.221875 0.434375 0.0265625 0.6109375
11 0.2828125 0.58125 0.025 0.575
11 0.36875 0.6484375 0.0234375 0.571875
3 0.45 0.7 0.0265625 0.5625
3 0.4890625 0.3546875 0.0265625 0.5890625
3 0.5296875 0.4171875 0.0265625 0.628125
3 0.56875 0.4625 0.028125 0.6671875
3 0.6078125 0.5015625 0.028125 0.71875
3 0.696875 0.50625 0.028125 0.85625
3 0.734375 0.425 0.0265625 0.8140625
3 0.775 0.309375 0.0234375 0.5921875
3 0.8140625 0.325 0.0265625 0.6484375
3 0.8578125 0.43125 0.0328125 0.628125
3 0.8953125 0.44375 0.0265625 0.7046875
3 0.9375 0.459375 0.0265625 0.8140625
3 0.9734375 0.30625 0.0265625 0.596875
2 0.6703125 0.81875 0.01875 0.359375