0 0.015625 0.503125 0.03125 0.9625
1 0.05625 0.421875 0.021875 0.3671875
1 0.08125 0.209375 0.021875 0.3703125
3 0.19375 0.49375 0.05 0.5875
3 0.2421875 0.4640625 0.0375 0.6171875
3 0.5265625 0.696875 0.034375 0.565625
3 0.60546875 0.290625 0.0390625 0.58125
3 0.91875 0.61875 0.0359375 0.7
13 0.3 0.509375 0.0328125 0.7078125
13 0.334375 0.475 0.028125 0.696875
13 0.6546875 0.325 0.028125 0.65
13 0.6875 0.290625 0.03125 0.58125
13 0.88125 0.5421875 0.0328125 0.8390625
13 0.9625 0.7015625 0.040625 0.596875
11 0.4 0.6984375 0.034375 0.596875
11 0.753125 0.559375 0.03125 0.5765625
4 0.475 0.49375 0.0234375 0.259375
4 0.834375 0.490625 0.025 0.2515625