1 0.9296875 0.4078125 0.025 0.38125
3 0.83125 0.553125 0.03125 0.6484375
13 0.7859375 0.584375 0.0328125 0.6921875
13 0.753125 0.553125 0.028125 0.65
3 0.7171875 0.503125 0.0328125 0.578125
3 0.66875 0.5609375 0.0359375 0.584375
3 0.628125 0.396875 0.0359375 0.6984375
3 0.5796875 0.36875 0.0359375 0.609375
13 0.49375 0.371875 0.0328125 0.6421875
13 0.4625 0.4203125 0.034375 0.66875
13 0.428125 0.3765625 0.03125 0.63125
1 0.375 0.584375 0.0296875 0.3859375
13 0.346875 0.3 0.0296875 0.5984375
13 0.3140625 0.275 0.0328125 0.55
13 0.2453125 0.278125 0.0265625 0.55625
13 0.2125 0.30625 0.0328125 0.6125
13 0.178125 0.28125 0.03125 0.5625
3 0.1390625 0.58125 0.0328125 0.5703125
3 0.1 0.5421875 0.0359375 0.5875
3 0.05 0.71484375 0.034375 0.5703125
3 0.0109375 0.496875 0.021875 0.99375