0 0.046875 0.471875 0.0703125 0.89375
1 0.1125 0.38125 0.025 0.35
1 0.1390625 0.190625 0.0234375 0.35
1 0.1640625 0.4375 0.0234375 0.3375
1 0.190625 0.2484375 0.025 0.3625
13 0.31875 0.5796875 0.0359375 0.7640625
13 0.3609375 0.6609375 0.0359375 0.678125
13 0.40625 0.684375 0.0375 0.63125
13 0.446875 0.7203125 0.04375 0.559375
13 0.49375 0.378125 0.0453125 0.7546875
13 0.5359375 0.45 0.0359375 0.659375
13 0.58125 0.503125 0.0359375 0.6203125
13 0.646875 0.5375 0.0421875 0.5765625
11 0.753125 0.4625 0.0375 0.525
4 0.846875 0.4671875 0.0328125 0.234375
13 0.909375 0.4984375 0.0375 0.7578125
13 0.953125 0.6046875 0.040625 0.5546875