0 0.0125 0.5 0.025 1
2 0.04375 0.23125 0.0296875 0.39375
3 0.13125 0.575 0.0296875 0.684375
3 0.175 0.58125 0.03125 0.6578125
3 0.2171875 0.68125 0.0328125 0.6359375
3 0.25625 0.690625 0.0296875 0.61875
3 0.29609375 0.66484375 0.0328125 0.6703125
3 0.34375 0.66875 0.034375 0.6609375
3 0.39375 0.371875 0.04375 0.684375
3 0.4390625 0.35625 0.0421875 0.7125
11 0.5 0.603125 0.0265625 0.7515625
11 0.559375 0.609375 0.03125 0.7328125
11 0.625 0.446875 0.03125 0.7484375
4 0.7125 0.534375 0.028125 0.36875
11 0.78125 0.5421875 0.03125 0.6625
11 0.8453125 0.5140625 0.0328125 0.725
11 0.909375 0.49375 0.03125 0.6921875
4 0.98984375 0.55546875 0.0203125 0.3640625
4 0.99921875 0.55546875 0.0015625 0.3640625