11 0.009375 0.71484375 0.01875 0.5703125
3 0.153125 0.51875 0.04375 0.71875
3 0.203125 0.603125 0.0328125 0.6359375
3 0.25625 0.60625 0.0296875 0.64375
3 0.309375 0.65625 0.03125 0.6234375
11 0.675 0.753125 0.03125 0.4921875
11 0.75625 0.71875 0.03125 0.5625
11 0.91875 0.753125 0.0296875 0.4921875
12 0.8390625 0.6625 0.0265625 0.4453125
13 0.359375 0.30625 0.028125 0.6109375
13 0.3921875 0.471875 0.028125 0.94375
13 0.42890625 0.45 0.0296875 0.9
13 0.465625 0.415625 0.0328125 0.765625
13 0.5 0.384375 0.0296875 0.7140625
13 0.534375 0.415625 0.0328125 0.7703125
13 0.56875 0.39375 0.034375 0.7140625
13 0.603125 0.453125 0.034375 0.70625