0 0.028125 0.5 0.0453125 1
2 0.0703125 0.221875 0.0203125 0.3578125
2 0.0875 0.409375 0.0140625 0.384375
11 0.1703125 0.38125 0.0328125 0.575
3 0.2265625 0.35 0.028125 0.60625
13 0.278125 0.3640625 0.0265625 0.653125
13 0.30625 0.3578125 0.0296875 0.6125
3 0.334375 0.40625 0.0203125 0.765625
3 0.409375 0.5265625 0.0265625 0.8078125
13 0.384375 0.496875 0.03125 0.8125
11 0.484375 0.70625 0.0265625 0.5734375
11 0.54375 0.38125 0.034375 0.59375
8 0.60625 0.5640625 0.034375 0.5828125
13 0.725 0.3015625 0.0359375 0.575
3 0.753125 0.365625 0.01875 0.73125
11 0.8015625 0.6875 0.040625 0.6234375
13 0.8625 0.34375 0.04375 0.6671875
3 0.8890625 0.4109375 0.01875 0.75625
11 0.940625 0.4546875 0.0328125 0.5890625