0 0.978125 0.5375 0.0421875 0.9234375
2 0.934375 0.278125 0.0296875 0.4140625
12 0.7125 0.578125 0.025 0.5078125
4 0.6546875 0.571875 0.028125 0.396875
3 0.615625 0.6421875 0.03125 0.671875
3 0.5421875 0.521875 0.040625 0.578125
13 0.496875 0.7109375 0.028125 0.578125
3 0.425 0.50625 0.04375 0.603125
13 0.3796875 0.7078125 0.0265625 0.584375
13 0.325 0.40625 0.028125 0.6546875
13 0.2984375 0.45 0.0234375 0.665625
3 0.2625 0.43125 0.040625 0.6359375
4 0.228125 0.5625 0.021875 0.359375
3 0.190625 0.7 0.034375 0.5984375
3 0.1515625 0.69375 0.0296875 0.59375
3 0.109375 0.73125 0.03125 0.5359375
3 0.0296875 0.621875 0.03125 0.63125
4 0.071875 0.584375 0.0265625 0.3078125