2 0.0328125 0.5578125 0.0171875 0.4984375
8 0.0828125 0.534375 0.0203125 0.7390625
11 0.16875 0.5640625 0.0234375 0.6421875
5 0.2421875 0.34375 0.021875 0.2609375
8 0.3625 0.403125 0.015625 0.69375
11 0.446875 0.4140625 0.021875 0.6546875
11 0.509375 0.5375 0.015625 0.6390625
11 0.553125 0.61875 0.015625 0.7171875
11 0.596875 0.5171875 0.01875 0.778125
11 0.640625 0.603125 0.01875 0.6
8 0.703125 0.65 0.0203125 0.6484375
8 0.76875 0.396875 0.0203125 0.7171875
8 0.853125 0.403125 0.021875 0.7296875
8 0.921875 0.46875 0.0265625 0.621875
8 0.996875 0.4765625 0.0046875 0.6625