0 0.034375 0.509375 0.0515625 0.98125
2 0.0859375 0.21875 0.021875 0.4328125
2 0.109375 0.4265625 0.0203125 0.425
11 0.2078125 0.503125 0.0296875 0.5765625
3 0.2875 0.41875 0.046875 0.6015625
11 0.3328125 0.3453125 0.03125 0.5953125
3 0.4125 0.503125 0.046875 0.5609375
11 0.48046875 0.69921875 0.0296875 0.6015625
11 0.6015625 0.55625 0.0296875 0.590625
11 0.7546875 0.496875 0.0296875 0.5953125
11 0.878125 0.359375 0.0265625 0.5953125
3 0.553125 0.6375 0.028125 0.584375
3 0.684375 0.346875 0.0484375 0.590625
3 0.834375 0.421875 0.0453125 0.5953125
3 0.959375 0.50625 0.0453125 0.56875