0 0.990625 0.5 0.01875 1
1 0.9671875 0.36875 0.0125 0.4234375
1 0.953125 0.171875 0.0125 0.3421875
1 0.940625 0.465625 0.0140625 0.4109375
1 0.928125 0.225 0.0125 0.4171875
8 0.8625 0.615625 0.01875 0.6671875
8 0.6890625 0.61875 0.0203125 0.65
8 0.54296875 0.328125 0.0203125 0.65625
8 0.384375 0.45625 0.021875 0.6671875
8 0.2390625 0.5484375 0.01875 0.6734375
8 0.09375 0.55 0.0203125 0.6671875
13 0.790625 0.653125 0.0203125 0.6921875
13 0.7671875 0.6015625 0.0203125 0.76875
3 0.74375 0.55 0.021875 0.821875
3 0.465625 0.390625 0.0234375 0.6796875
3 0.4390625 0.4140625 0.021875 0.703125
11 0.615625 0.678125 0.0203125 0.640625
11 0.1640625 0.5484375 0.0203125 0.696875
11 0.0203125 0.5390625 0.0203125 0.6796875
12 0.309375 0.4796875 0.015625 0.5