0 0.034375 0.43125 0.0515625 0.8625
11 0.1546875 0.353125 0.0296875 0.5171875
3 0.28125 0.534375 0.0375 0.6078125
3 0.3234375 0.4625 0.028125 0.5375
3 0.36875 0.459375 0.0234375 0.54375
3 0.4125 0.41875 0.028125 0.5265625
11 0.725 0.29375 0.0265625 0.5
11 0.79375 0.35 0.0265625 0.5171875
11 0.9296875 0.290625 0.025 0.5078125
12 0.8625 0.4125 0.021875 0.3765625
13 0.45625 0.728125 0.025 0.54375
13 0.484375 0.5890625 0.025 0.821875
13 0.515625 0.5921875 0.025 0.7625
13 0.5453125 0.621875 0.028125 0.6484375
13 0.575 0.646875 0.025 0.6046875
13 0.6046875 0.621875 0.028125 0.6515625
13 0.634375 0.640625 0.028125 0.6046875
13 0.6625 0.590625 0.028125 0.5984375