2 0.99296875 0.2171875 0.0140625 0.434375
2 0.9734375 0.440625 0.0234375 0.4484375
2 0.95 0.18125 0.0234375 0.3609375
13 0.69375 0.3859375 0.034375 0.746875
13 0.6609375 0.3375 0.028125 0.6515625
13 0.3125 0.3 0.03125 0.5984375
13 0.278125 0.33125 0.03125 0.6625
13 0.096875 0.434375 0.0484375 0.621875
13 0.04375 0.35 0.046875 0.634375
3 0.6265625 0.7 0.0296875 0.5984375
3 0.5765625 0.7046875 0.03125 0.590625
3 0.4953125 0.7125 0.0296875 0.5734375
3 0.446875 0.696875 0.0265625 0.60625
3 0.3984375 0.675 0.034375 0.6484375
3 0.2328125 0.4265625 0.053125 0.6390625
4 0.190625 0.5171875 0.0234375 0.275
3 0.00625 0.69921875 0.0125 0.5984375
2 0.99921875 0.2171875 0.0015625 0.434375