0 0.0203125 0.46875 0.040625 0.878125
3 0.1390625 0.7125 0.0390625 0.515625
3 0.253125 0.625 0.03125 0.5984375
3 0.3703125 0.1953125 0.0484375 0.390625
3 0.41875 0.390625 0.0390625 0.78125
3 0.4703125 0.371875 0.03125 0.74375
3 0.521875 0.396875 0.0515625 0.7921875
3 0.725 0.50625 0.0359375 0.6515625
3 0.84375 0.5390625 0.040625 0.921875
3 0.8984375 0.74375 0.0375 0.5125
3 0.9625 0.7125 0.0375 0.5734375
2 0.7765625 0.240625 0.028125 0.365625
1 0.93125 0.465625 0.034375 0.3125
13 0.20625 0.6640625 0.0484375 0.5265625
13 0.315625 0.5875 0.04375 0.6171875
13 0.678125 0.5625 0.046875 0.5828125
13 0.803125 0.4875 0.0375 0.6296875
3 0.6171875 0.615625 0.034375 0.5984375