12 0.1 0.48125 0.0203125 0.4265625
2 0.134375 0.271875 0.0171875 0.403125
2 0.3140625 0.271875 0.015625 0.403125
2 0.44375 0.2625 0.0171875 0.421875
2 0.51875 0.271875 0.015625 0.4125
2 0.6296875 0.26875 0.015625 0.4078125
2 0.83125 0.5375 0.0171875 0.43125
3 0.153125 0.484375 0.0234375 0.6125
3 0.1875 0.4046875 0.021875 0.56875
3 0.4625 0.4828125 0.0234375 0.578125
3 0.496875 0.534375 0.021875 0.584375
3 0.540625 0.496875 0.0234375 0.5984375
3 0.571875 0.5 0.0234375 0.6125
3 0.60625 0.55 0.0203125 0.6125
3 0.65 0.496875 0.0203125 0.6078125
3 0.70625 0.6078125 0.021875 0.5640625
3 0.740625 0.55625 0.021875 0.578125
3 0.775 0.6625 0.0234375 0.5734375
3 0.809375 0.615625 0.0234375 0.61875
3 0.8578125 0.35625 0.0359375 0.559375
3 0.934375 0.6078125 0.028125 0.59375
3 0.96875 0.6296875 0.021875 0.61875
13 0.903125 0.35 0.0359375 0.559375
13 0.21875 0.4 0.025 0.6765625
13 0.24375 0.353125 0.021875 0.7015625
13 0.265625 0.39375 0.0234375 0.6859375
13 0.290625 0.425 0.0234375 0.6265625
11 0.3359375 0.465625 0.0234375 0.584375
11 0.4109375 0.409375 0.0234375 0.5984375