0 0.0265625 0.5171875 0.0390625 0.965625
2 0.0640625 0.24375 0.0171875 0.4109375
11 0.1453125 0.6296875 0.021875 0.56875
11 0.2375 0.4421875 0.021875 0.5984375
11 0.446875 0.446875 0.021875 0.5875
11 0.496875 0.4375 0.021875 0.5875
11 0.5484375 0.371875 0.0203125 0.6078125
11 0.621875 0.70625 0.021875 0.5859375
8 0.85 0.70625 0.0203125 0.571875
3 0.2890625 0.296875 0.021875 0.5921875
3 0.3578125 0.303125 0.0234375 0.5984375
3 0.6734375 0.621875 0.0203125 0.6328125
3 0.7375 0.615625 0.021875 0.6078125
3 0.9296875 0.709375 0.0203125 0.56875
3 0.959375 0.6765625 0.0296875 0.6328125
13 0.7125 0.659375 0.028125 0.5875
13 0.778125 0.665625 0.0296875 0.603125
13 0.4 0.346875 0.0234375 0.6125