2 0.9953125 0.2125 0.009375 0.425
2 0.984375 0.35 0.0234375 0.4328125
5 0.921875 0.840625 0.01875 0.225
8 0.7953125 0.5 0.0234375 0.8640625
8 0.7125 0.459375 0.0203125 0.7515625
8 0.65 0.35625 0.0203125 0.7125
8 0.58671875 0.3 0.0234375 0.6
11 0.49921875 0.64296875 0.0171875 0.7140625
8 0.440625 0.625 0.01875 0.746875
8 0.375 0.553125 0.0234375 0.7578125
8 0.30625 0.625 0.0203125 0.75
8 0.24375 0.3515625 0.0265625 0.703125
8 0.15859375 0.290625 0.0203125 0.58125
8 0.09375 0.346875 0.0171875 0.69375
8 0.02421875 0.40625 0.0265625 0.8125