0 0.03046875 0.56171875 0.0578125 0.8765625
11 0.16875 0.703125 0.0328125 0.5921875
3 0.3125 0.49375 0.0421875 0.696875
3 0.3625 0.5765625 0.03125 0.615625
3 0.4125 0.58125 0.028125 0.6234375
3 0.4625 0.628125 0.03125 0.6046875
11 0.815625 0.7421875 0.0296875 0.515625
11 0.89375 0.7078125 0.03125 0.584375
12 0.971875 0.634375 0.025 0.43125
13 0.5109375 0.2921875 0.0265625 0.584375
13 0.54375 0.453125 0.028125 0.90625
13 0.578125 0.434375 0.028125 0.86875
13 0.6125 0.39375 0.03125 0.7421875
13 0.646875 0.365625 0.028125 0.6921875
13 0.68125 0.396875 0.03125 0.746875
13 0.7140625 0.3734375 0.03125 0.6921875
13 0.746875 0.43125 0.0328125 0.684375