12 0.728125 0.6234375 0.0515625 0.73125
4 0.646875 0.6125 0.03125 0.40625
3 0.6015625 0.7046875 0.046875 0.590625
3 0.55 0.6546875 0.0421875 0.6421875
3 0.5 0.646875 0.0328125 0.6015625
3 0.4 0.45 0.0265625 0.6484375
4 0.45 0.615625 0.0265625 0.3625
3 0.325 0.621875 0.0375 0.728125
3 0.2671875 0.6640625 0.0375 0.6484375
13 0.1875 0.6609375 0.0375 0.6546875
13 0.15 0.696875 0.03125 0.5984375
13 0.11875 0.7375 0.0328125 0.5234375
3 0.059375 0.54375 0.0296875 0.6609375
3 0.0171875 0.553125 0.034375 0.6671875
2 0.0890625 0.3703125 0.0265625 0.3875