0 0.0296875 0.5 0.0421875 1
1 0.0734375 0.4 0.01875 0.3921875
1 0.09375 0.1921875 0.0140625 0.384375
11 0.1796875 0.40625 0.0234375 0.60625
11 0.24375 0.415625 0.0265625 0.6140625
11 0.30625 0.3484375 0.025 0.6390625
11 0.371875 0.41875 0.0265625 0.6109375
11 0.4640625 0.340625 0.028125 0.6234375
11 0.525 0.690625 0.025 0.5984375
11 0.5890625 0.49375 0.0265625 0.5765625
11 0.653125 0.565625 0.028125 0.6234375
11 0.74375 0.6390625 0.0265625 0.6015625
11 0.80625 0.6953125 0.025 0.5984375
11 0.871875 0.3375 0.025 0.6109375
11 0.934375 0.69375 0.0265625 0.6109375