3 0.84375 0.4125 0.0578125 0.7109375
13 0.790625 0.575 0.0484375 0.6828125
3 0.68125 0.7125 0.0453125 0.5734375
3 0.634375 0.70859375 0.046875 0.5828125
3 0.559375 0.5953125 0.04375 0.7140625
3 0.5140625 0.5390625 0.0484375 0.6921875
2 0.5953125 0.765625 0.025 0.4671875
4 0.471875 0.578125 0.028125 0.315625
3 0.428125 0.6921875 0.0421875 0.615625
2 0.3578125 0.73359375 0.021875 0.5328125
3 0.325 0.515625 0.05 0.6875
3 0.2734375 0.4609375 0.0484375 0.6609375
3 0.1875 0.434375 0.05 0.6375
4 0.234375 0.590625 0.0265625 0.3625
13 0.1390625 0.41875 0.0328125 0.678125
13 0.090625 0.5203125 0.03125 0.825
2 0.115625 0.765625 0.0234375 0.4671875
3 0.0484375 0.49375 0.0421875 0.66875
13 0.015625 0.609375 0.0265625 0.7796875