2 0.0578125 0.578125 0.0109375 0.33125
2 0.06875 0.7609375 0.0140625 0.3359375
2 0.0828125 0.5203125 0.0125 0.3359375
8 0.2484375 0.525 0.0203125 0.5
8 0.446875 0.53125 0.021875 0.4859375
11 0.325 0.465625 0.021875 0.5078125
11 0.3734375 0.584375 0.021875 0.515625
11 0.521875 0.40625 0.0203125 0.503125
11 0.8484375 0.58125 0.021875 0.5171875
11 0.8984375 0.58125 0.0234375 0.5
12 0.95 0.5375 0.0203125 0.3796875
3 0.59375 0.45625 0.0203125 0.6109375
3 0.671875 0.38125 0.0203125 0.5546875
3 0.7 0.4046875 0.0296875 0.5078125
3 0.7359375 0.4859375 0.0234375 0.559375
3 0.765625 0.521875 0.0296875 0.4765625
13 0.625 0.49375 0.0234375 0.5328125
13 0.65 0.4578125 0.0234375 0.615625