2 0.0546875 0.575 0.015625 0.36875
2 0.06875 0.73125 0.0171875 0.4265625
12 0.315625 0.54375 0.0265625 0.4796875
11 0.365625 0.665625 0.03125 0.55
11 0.434375 0.45 0.028125 0.5640625
11 0.4796875 0.6375 0.025 0.553125
11 0.534375 0.428125 0.0265625 0.46875
3 0.578125 0.471875 0.0296875 0.56875
3 0.6125 0.515625 0.0234375 0.59375
11 0.665625 0.621875 0.0296875 0.5859375
11 0.7125 0.58125 0.03125 0.5765625
12 0.759375 0.5515625 0.03125 0.453125
11 0.809375 0.54375 0.0328125 0.5078125
3 0.871875 0.4453125 0.0265625 0.6875
3 0.9375 0.553125 0.01875 0.61875
13 0.9125 0.48125 0.028125 0.5484375
13 0.971875 0.5703125 0.0265625 0.5328125