0 0.9828125 0.540625 0.034375 0.840625
2 0.946875 0.803125 0.0125 0.35625
2 0.9328125 0.6203125 0.0140625 0.3109375
2 0.9203125 0.846875 0.0125 0.30625
11 0.8484375 0.371875 0.0203125 0.515625
11 0.79375 0.671875 0.0203125 0.5015625
11 0.740625 0.60625 0.021875 0.5078125
8 0.690625 0.490625 0.021875 0.515625
11 0.5625 0.4875 0.0234375 0.5078125
11 0.50625 0.6109375 0.0234375 0.525
11 0.45625 0.428125 0.021875 0.5078125
3 0.403125 0.346875 0.0265625 0.69375
3 0.36875 0.29375 0.0265625 0.5875
3 0.334375 0.3171875 0.0265625 0.634375
3 0.29921875 0.25625 0.0234375 0.5125
3 0.265625 0.3203125 0.028125 0.640625
3 0.2328125 0.378125 0.03125 0.75
8 0.1703125 0.55 0.021875 0.5203125
8 0.06875 0.49375 0.0234375 0.5296875