0 0.01875 0.5 0.0359375 1
2 0.05625 0.21875 0.0171875 0.4171875
2 0.0765625 0.421875 0.0203125 0.396875
8 0.153125 0.346875 0.021875 0.615625
8 0.390625 0.5578125 0.021875 0.6296875
8 0.4765625 0.353125 0.0234375 0.615625
8 0.696875 0.353125 0.0234375 0.615625
8 0.80625 0.565625 0.021875 0.5953125
11 0.2375 0.353125 0.0234375 0.615625
11 0.584375 0.34375 0.0203125 0.6203125
11 0.640625 0.3421875 0.021875 0.625
11 0.890625 0.346875 0.021875 0.60625
11 0.946875 0.33125 0.0203125 0.615625
3 0.2921875 0.7 0.0234375 0.5953125
3 0.3234375 0.659375 0.0328125 0.6359375