0 0.025 0.5671875 0.05 0.865625
2 0.075 0.321875 0.0203125 0.375
2 0.09375 0.475 0.015625 0.3203125
3 0.20625 0.64375 0.053125 0.5390625
3 0.2953125 0.4859375 0.0390625 0.6109375
3 0.3390625 0.4390625 0.0328125 0.5546875
3 0.3765625 0.6125 0.0296875 0.5203125
3 0.415625 0.540625 0.03125 0.6109375
13 0.45625 0.63125 0.028125 0.6953125
13 0.48125 0.56171875 0.028125 0.8765625
3 0.515625 0.7421875 0.025 0.5125
4 0.55625 0.534375 0.021875 0.221875
3 0.6015625 0.603125 0.053125 0.5203125
3 0.65859375 0.75859375 0.0265625 0.4828125
3 0.696875 0.6734375 0.0375 0.6
3 0.740625 0.634375 0.028125 0.7296875
3 0.778125 0.5578125 0.03125 0.790625
3 0.875 0.61875 0.03125 0.5640625
3 0.9625 0.434375 0.040625 0.51875
13 0.8171875 0.546875 0.0359375 0.6453125
13 0.8453125 0.440625 0.028125 0.88125
4 0.9203125 0.54375 0.021875 0.29375