0 0.028125 0.5 0.0484375 1
1 0.071875 0.4203125 0.025 0.3875
1 0.0890625 0.221875 0.0203125 0.31875
1 0.109375 0.471875 0.025 0.3671875
11 0.20625 0.6890625 0.0296875 0.5859375
8 0.4375 0.3875 0.034375 0.5875
13 0.528125 0.459375 0.028125 0.6328125
13 0.6140625 0.584375 0.028125 0.671875
3 0.559375 0.475 0.028125 0.5671875
3 0.6421875 0.6109375 0.028125 0.58125
11 0.728125 0.6671875 0.03125 0.5703125
13 0.80625 0.6734375 0.0296875 0.653125
13 0.8375 0.7109375 0.028125 0.578125
11 0.86875 0.446875 0.03125 0.521875
11 0.9375 0.41875 0.0265625 0.5171875