8 0.93125 0.48125 0.015625 0.6796875
12 0.865625 0.490625 0.015625 0.5
11 0.821875 0.4640625 0.015625 0.696875
11 0.778125 0.39375 0.015625 0.6796875
11 0.7359375 0.321875 0.015625 0.6421875
11 0.6265625 0.321875 0.015625 0.6421875
11 0.58125 0.478125 0.015625 0.6875
11 0.4984375 0.478125 0.0125 0.6875
11 0.453125 0.6296875 0.015625 0.6703125
11 0.4109375 0.5625 0.015625 0.6796875
11 0.234375 0.5671875 0.01875 0.6703125
11 0.1921875 0.4875 0.015625 0.70625
8 0.6921875 0.33125 0.0140625 0.6609375
8 0.36875 0.690625 0.0140625 0.6171875
8 0.3 0.6375 0.015625 0.6875
8 0.146875 0.40625 0.015625 0.6703125
2 0.79296875 0.2 0.0140625 0.4
2 0.3140625 0.384375 0.0140625 0.4828125
5 0.08125 0.228125 0.01875 0.1875
3 0.525 0.478125 0.015625 0.6875