0 0.0375 0.5359375 0.0578125 0.8984375
1 0.09375 0.4484375 0.0203125 0.35625
1 0.11875 0.25625 0.021875 0.34375
1 0.14375 0.5140625 0.0203125 0.3359375
1 0.171875 0.31875 0.0203125 0.35
1 0.196875 0.575 0.0203125 0.34375
13 0.30625 0.3890625 0.03125 0.778125
13 0.753125 0.6921875 0.028125 0.615625
13 0.7875 0.7109375 0.0359375 0.5421875
13 0.828125 0.55625 0.034375 0.6
13 0.88125 0.609375 0.04375 0.60625
13 0.925 0.4703125 0.03125 0.5796875
13 0.9609375 0.403125 0.040625 0.6734375
11 0.5609375 0.578125 0.0328125 0.534375
3 0.640625 0.521875 0.0328125 0.53125
3 0.396875 0.48125 0.03125 0.5921875
3 0.440625 0.5125 0.0484375 0.5234375
1 0.725 0.38125 0.021875 0.340625