0 0.0296875 0.490625 0.04375 0.9578125
1 0.071875 0.3875 0.0171875 0.353125
1 0.090625 0.1875 0.015625 0.3375
8 0.175 0.671875 0.025 0.5625
3 0.27421875 0.28125 0.0296875 0.5625
3 0.3125 0.371875 0.028125 0.7421875
3 0.353125 0.35625 0.0296875 0.65
3 0.39375 0.41875 0.0265625 0.6859375
8 0.459375 0.5390625 0.0234375 0.5765625
3 0.553125 0.6 0.0265625 0.6890625
3 0.5921875 0.6671875 0.0265625 0.596875
3 0.63125 0.6546875 0.03125 0.6609375
3 0.66875 0.68125 0.0359375 0.6
8 0.740625 0.4 0.0265625 0.5640625
3 0.8375 0.453125 0.03125 0.6984375
3 0.871875 0.5390625 0.0328125 0.559375
3 0.9140625 0.51875 0.0328125 0.6640625
3 0.953125 0.56875 0.0390625 0.6171875