0 0.021875 0.57109375 0.0375 0.8578125
1 0.0515625 0.525 0.0125 0.328125
1 0.0625 0.3671875 0.015625 0.3078125
1 0.078125 0.56875 0.0171875 0.3234375
4 0.140625 0.6125 0.0140625 0.278125
13 0.16875 0.56875 0.0203125 0.6421875
13 0.190625 0.5046875 0.01875 0.5
13 0.228125 0.48125 0.0203125 0.621875
13 0.25 0.5265625 0.01875 0.734375
13 0.271875 0.475 0.021875 0.63125
13 0.29375 0.409375 0.0171875 0.5484375
11 0.3125 0.68125 0.015625 0.465625
11 0.35625 0.6984375 0.015625 0.4375
11 0.403125 0.6171875 0.0203125 0.4890625
13 0.471875 0.240625 0.025 0.48125
13 0.490625 0.465625 0.01875 0.93125
13 0.509375 0.475 0.021875 0.95
13 0.53125 0.459375 0.0203125 0.8734375
3 0.553125 0.68125 0.0203125 0.5359375
3 0.58125 0.659375 0.0203125 0.515625
13 0.6953125 0.39375 0.0296875 0.5265625
13 0.721875 0.440625 0.021875 0.6328125
13 0.740625 0.503125 0.0203125 0.6875
13 0.7625 0.56875 0.0203125 0.7453125
8 0.78125 0.6921875 0.0203125 0.4625
11 0.846875 0.628125 0.03125 0.5359375
13 0.9171875 0.25 0.028125 0.5
13 0.9375 0.459375 0.0171875 0.884375
13 0.959375 0.4796875 0.01875 0.9234375
13 0.9796875 0.478125 0.01875 0.9328125