2 0.996875 0.421875 0.00625 0.3640625
2 0.9859375 0.234375 0.0125 0.3234375
11 0.821875 0.490625 0.0234375 0.553125
11 0.771875 0.5984375 0.0203125 0.5234375
11 0.725 0.359375 0.01875 0.534375
11 0.653125 0.5375 0.01875 0.528125
11 0.4828125 0.353125 0.01875 0.5328125
11 0.434375 0.475 0.021875 0.5234375
11 0.384375 0.6109375 0.0203125 0.509375
11 0.3125 0.35625 0.021875 0.5484375
11 0.1421875 0.6640625 0.0203125 0.509375
11 0.046875 0.6625 0.025 0.54375
3 0.078125 0.671875 0.0203125 0.553125
12 0.603125 0.471875 0.0203125 0.415625
12 0.5546875 0.4859375 0.0171875 0.40625
12 0.2625 0.471875 0.01875 0.415625
12 0.2125 0.4640625 0.01875 0.421875