11 0.58125 0.51875 0.0234375 0.60625
11 0.528125 0.4953125 0.0234375 0.621875
11 0.475 0.5125 0.0234375 0.6171875
11 0.421875 0.446875 0.021875 0.6171875
11 0.265625 0.38125 0.0234375 0.5953125
11 0.2125 0.3765625 0.025 0.596875
8 0.765625 0.5875 0.0234375 0.596875
8 0.684375 0.584375 0.0234375 0.6171875
8 0.346875 0.3734375 0.0234375 0.6015625
8 0.1375 0.715625 0.0234375 0.56875
8 0.059375 0.71171875 0.021875 0.5765625
0 0.98046875 0.51875 0.0390625 0.9625
2 0.9453125 0.253125 0.015625 0.4203125
2 0.93125 0.45 0.015625 0.409375
2 0.91796875 0.18125 0.0140625 0.3625
0 0.99921875 0.51875 0.0015625 0.9625