0 0.9828125 0.446875 0.034375 0.89375
2 0.946875 0.6953125 0.015625 0.3734375
2 0.93125 0.521875 0.015625 0.3640625
8 0.759375 0.275 0.01875 0.55
11 0.6875 0.390625 0.0203125 0.56875
11 0.640625 0.26875 0.01875 0.5359375
11 0.571875 0.3078125 0.0203125 0.553125
11 0.5265625 0.315625 0.0203125 0.546875
11 0.478125 0.2640625 0.01875 0.528125
11 0.43125 0.5734375 0.01875 0.5421875
11 0.365625 0.275 0.0171875 0.55
11 0.315625 0.315625 0.0203125 0.546875
11 0.271875 0.2640625 0.015625 0.528125
11 0.225 0.315625 0.0171875 0.5265625
11 0.15625 0.38125 0.0203125 0.5359375
11 0.109375 0.278125 0.0203125 0.546875
11 0.0625 0.2640625 0.01875 0.528125
11 0.015625 0.26875 0.01875 0.5359375