2 0.0359375 0.40625 0.021875 0.4359375
12 0.2640625 0.478125 0.0234375 0.4875
4 0.33125 0.4328125 0.028125 0.3734375
13 0.4109375 0.525 0.03125 0.5796875
3 0.46875 0.503125 0.03125 0.63125
13 0.5125 0.403125 0.028125 0.7125
13 0.54375 0.365625 0.0265625 0.6375
3 0.575 0.540625 0.0359375 0.59375
3 0.61875 0.48125 0.0359375 0.590625
11 0.690625 0.415625 0.0359375 0.628125
3 0.7625 0.371875 0.034375 0.5953125
13 0.8390625 0.48125 0.0296875 0.640625
11 0.896875 0.475 0.0359375 0.55
13 0.9625 0.36875 0.034375 0.7046875
13 0.9890625 0.334375 0.021875 0.6390625