0 0.021875 0.4875 0.03125 0.828125
1 0.0515625 0.3921875 0.0125 0.3265625
1 0.0625 0.215625 0.0109375 0.30625
8 0.121875 0.24375 0.0203125 0.4875
12 0.34375 0.465625 0.0171875 0.365625
3 0.3875 0.6875 0.0171875 0.6234375
3 0.609375 0.6453125 0.01875 0.61875
11 0.478125 0.35 0.0203125 0.50625
11 0.7 0.6375 0.01875 0.496875
11 0.9390625 0.35625 0.0171875 0.496875
12 0.521875 0.475 0.015625 0.365625
12 0.565625 0.4671875 0.0140625 0.3796875
12 0.74375 0.471875 0.015625 0.3609375
12 0.7890625 0.465625 0.015625 0.384375
13 0.83125 0.665625 0.01875 0.521875
13 0.853125 0.6375 0.0203125 0.59375
13 0.871875 0.615625 0.0171875 0.6671875
13 0.890625 0.66875 0.01875 0.55