1 0.921875 0.65 0.01875 0.325
1 0.9 0.409375 0.01875 0.3046875
11 0.65625 0.4125 0.0265625 0.50625
11 0.5875 0.51875 0.025 0.503125
11 0.415625 0.584375 0.03125 0.4953125
11 0.134375 0.35 0.0296875 0.5296875
11 0.06875 0.409375 0.028125 0.4828125
3 0.321875 0.40625 0.0296875 0.503125
3 0.221875 0.45625 0.028125 0.5125
3 0.1765625 0.4 0.028125 0.503125
13 0.2796875 0.4375 0.0234375 0.55
13 0.253125 0.465625 0.03125 0.6046875
13 0.45625 0.590625 0.0421875 0.50625
3 0.5203125 0.628125 0.028125 0.509375