0 0.03046875 0.53671875 0.0484375 0.9265625
1 0.0765625 0.459375 0.0171875 0.371875
1 0.09375 0.253125 0.0171875 0.375
3 0.190625 0.440625 0.0328125 0.775
3 0.2359375 0.3375 0.03125 0.6265625
3 0.4734375 0.6671875 0.028125 0.56875
3 0.509375 0.6375 0.040625 0.634375
3 0.43125 0.728125 0.0265625 0.54375
3 0.559375 0.6875 0.028125 0.5921875
3 0.828125 0.475 0.034375 0.69375
3 0.925 0.72421875 0.025 0.5515625
3 0.96171875 0.70234375 0.0359375 0.5953125
11 0.346875 0.390625 0.0296875 0.5890625
8 0.721875 0.60625 0.028125 0.56875
13 0.6 0.64375 0.028125 0.6546875
13 0.63125 0.625 0.028125 0.715625
13 0.86875 0.4453125 0.0265625 0.6265625
13 0.9 0.390625 0.0265625 0.596875