0 0.98671875 0.5 0.0265625 1
12 0.8921875 0.521875 0.034375 0.63125
3 0.83125 0.64375 0.0359375 0.6765625
13 0.759375 0.46875 0.0515625 0.921875
11 0.721875 0.640625 0.0265625 0.71875
3 0.63984375 0.61796875 0.0421875 0.7640625
3 0.5625 0.63125 0.0359375 0.7375
3 0.515625 0.6359375 0.0359375 0.728125
13 0.471875 0.62734375 0.03125 0.7453125
13 0.4375 0.6 0.0296875 0.8
13 0.4125 0.6859375 0.0296875 0.628125
13 0.3828125 0.640625 0.0296875 0.71875
11 0.34375 0.55625 0.03125 0.8015625
3 0.25625 0.565625 0.040625 0.734375
3 0.184375 0.55625 0.034375 0.715625
3 0.1375 0.571875 0.0359375 0.846875
13 0.09375 0.571875 0.03125 0.8546875
13 0.0671875 0.52109375 0.03125 0.9578125
13 0.034375 0.546875 0.0296875 0.865625
13 0.0078125 0.48125 0.015625 0.9625
0 0.99921875 0.5 0.0015625 1