0 0.98046875 0.5 0.0390625 1
1 0.9421875 0.3578125 0.0359375 0.4765625
11 0.8265625 0.490625 0.05 0.8515625
11 0.69375 0.5921875 0.0359375 0.6265625
11 0.621875 0.371875 0.0390625 0.6296875
11 0.55 0.30625 0.05 0.6125
3 0.44609375 0.68046875 0.0359375 0.6390625
13 0.39375 0.5 0.04375 1
8 0.35234375 0.30625 0.0234375 0.6125
3 0.209375 0.40625 0.03125 0.8109375
3 0.165625 0.4625 0.034375 0.65625
11 0.1125 0.615625 0.046875 0.7484375
11 0.0390625 0.66875 0.0484375 0.5953125
0 0.99921875 0.5 0.0015625 1