0 0.05546875 0.52734375 0.0890625 0.9453125
2 0.1375 0.2125 0.0359375 0.3765625
2 0.175 0.409375 0.0390625 0.3703125
2 0.209375 0.1859375 0.0390625 0.365625
13 0.3609375 0.665625 0.0375 0.66875
13 0.40625 0.71796875 0.05 0.5640625
13 0.459375 0.515625 0.0453125 0.765625
13 0.503125 0.609375 0.0515625 0.534375
13 0.55625 0.35 0.0484375 0.7
13 0.60625 0.4234375 0.0515625 0.5328125
13 0.7 0.5171875 0.05 0.940625
13 0.7484375 0.628125 0.04375 0.6640625
13 0.7953125 0.5953125 0.04375 0.709375
13 0.85 0.6265625 0.0421875 0.7015625
13 0.896875 0.6 0.04375 0.753125
13 0.94375 0.653125 0.05625 0.6765625