0 0.9765625 0.5 0.046875 1
2 0.675 0.3015625 0.015625 0.4515625
2 0.521875 0.309375 0.015625 0.4359375
2 0.4765625 0.3703125 0.0171875 0.43125
2 0.31875 0.3875 0.01875 0.4359375
8 0.653125 0.534375 0.025 0.653125
8 0.2203125 0.61875 0.025 0.653125
5 0.415625 0.321875 0.028125 0.196875
5 0.5921875 0.2375 0.0296875 0.1765625
11 0.5 0.5375 0.0234375 0.6671875
11 0.45625 0.625 0.0234375 0.6375
11 0.2984375 0.6296875 0.025 0.646875
11 0.259375 0.6828125 0.0234375 0.634375
11 0.14375 0.5390625 0.025 0.6625