1 0.9625 0.38125 0.0140625 0.334375
12 0.903125 0.56875 0.0171875 0.390625
12 0.8578125 0.56875 0.015625 0.359375
2 0.83125 0.39375 0.0140625 0.3796875
11 0.8125 0.571875 0.0203125 0.484375
11 0.678125 0.5125 0.0203125 0.5203125
11 0.375 0.3875 0.0203125 0.5203125
11 0.29375 0.39375 0.021875 0.5203125
11 0.246875 0.3234375 0.0203125 0.5
11 0.1390625 0.2890625 0.021875 0.578125
11 0.09375 0.4484375 0.0203125 0.490625
11 0.0484375 0.51875 0.0203125 0.509375
11 0.00625 0.503125 0.0125 0.5
8 0.746875 0.5609375 0.01875 0.484375
8 0.6109375 0.50625 0.0234375 0.5046875
3 0.540625 0.50625 0.01875 0.534375
3 0.5125 0.5109375 0.0203125 0.515625
12 0.4640625 0.571875 0.0140625 0.3546875
12 0.41875 0.56875 0.0140625 0.359375
2 0.390625 0.2234375 0.0140625 0.390625
2 0.309375 0.221875 0.0125 0.384375
3 0.190625 0.396875 0.0203125 0.525