1 0.8984375 0.3125 0.0390625 0.3703125
1 0.865625 0.5875 0.03125 0.35625
1 0.8375 0.36875 0.0390625 0.3703125
13 0.721875 0.45 0.0734375 0.8828125
13 0.665625 0.3265625 0.04375 0.653125
13 0.625 0.3625 0.040625 0.6625
13 0.58125 0.43125 0.040625 0.715625
13 0.540625 0.453125 0.04375 0.740625
13 0.4953125 0.484375 0.04375 0.8234375
13 0.415625 0.475 0.046875 0.95
13 0.371875 0.271875 0.0359375 0.5421875
13 0.3296875 0.309375 0.0390625 0.61875
13 0.2859375 0.34375 0.0359375 0.6875
13 0.246875 0.3609375 0.0375 0.721875
13 0.1984375 0.403125 0.0390625 0.80625
3 0.121875 0.371875 0.0453125 0.74375
3 0.0578125 0.4 0.0515625 0.7984375
3 0.0125 0.25625 0.025 0.5125