8 0.125 0.690625 0.01875 0.6171875
8 0.28125 0.5625 0.021875 0.63125
8 0.4375 0.4125 0.01875 0.61875
1 0.053125 0.3875 0.0125 0.415625
1 0.065625 0.175 0.0140625 0.3484375
0 0.021875 0.4984375 0.034375 0.996875
11 0.59375 0.55 0.01875 0.64375
11 0.6953125 0.3546875 0.01875 0.6140625
11 0.740625 0.3453125 0.0203125 0.63125
11 0.80625 0.625 0.0203125 0.6140625
11 0.909375 0.41875 0.0203125 0.63125
11 0.953125 0.4265625 0.01875 0.625
3 0.6375 0.484375 0.01875 0.61875
3 0.6625 0.4390625 0.0265625 0.6609375
3 0.85 0.5625 0.01875 0.64375
3 0.875 0.5375 0.028125 0.6796875