1 0.94375 0.6640625 0.0265625 0.3640625
8 0.8359375 0.6453125 0.034375 0.534375
8 0.534375 0.6484375 0.034375 0.546875
1 0.74296875 0.83671875 0.0203125 0.3265625
1 0.44140625 0.83671875 0.0234375 0.3265625
13 0.715625 0.534375 0.0265625 0.646875
13 0.68125 0.49375 0.0390625 0.609375
13 0.6421875 0.40625 0.0328125 0.63125
13 0.60625 0.371875 0.0359375 0.578125
13 0.4125 0.54375 0.03125 0.61875
13 0.378125 0.5125 0.0359375 0.5625
13 0.340625 0.415625 0.03125 0.609375
13 0.3046875 0.38125 0.0359375 0.56875
11 0.23125 0.403125 0.03125 0.5375
11 0.1515625 0.33125 0.0296875 0.51875
12 0.06875 0.4515625 0.0234375 0.384375