1 0.9765625 0.3921875 0.0203125 0.39375
8 0.8875 0.628125 0.0265625 0.6453125
8 0.396875 0.625 0.0296875 0.63125
11 0.7875 0.28125 0.028125 0.5625
11 0.296875 0.2421875 0.028125 0.484375
3 0.6890625 0.4 0.025 0.778125
3 0.646875 0.453125 0.028125 0.7078125
3 0.603125 0.49375 0.028125 0.6359375
3 0.559375 0.45 0.028125 0.7171875
3 0.51875 0.40625 0.03125 0.8125
3 0.475 0.453125 0.03125 0.6984375
3 0.2 0.3671875 0.028125 0.734375
3 0.1578125 0.384375 0.03125 0.69375
3 0.10625 0.4234375 0.0265625 0.6546875
3 0.0625 0.3828125 0.0296875 0.7265625
3 0.01875 0.3546875 0.03125 0.709375
2 0.128125 0.19375 0.01875 0.3875