0 0.98046875 0.59296875 0.0390625 0.8109375
1 0.95 0.540625 0.01875 0.40625
4 0.8703125 0.61875 0.025 0.25625
3 0.83125 0.603125 0.028125 0.6125
3 0.796875 0.615625 0.034375 0.584375
3 0.759375 0.65625 0.034375 0.54375
3 0.7203125 0.43125 0.03125 0.5609375
3 0.6453125 0.446875 0.028125 0.54375
3 0.609375 0.4546875 0.0328125 0.5390625
13 0.675 0.425 0.028125 0.55
11 0.5484375 0.303125 0.034375 0.5984375
11 0.4765625 0.303125 0.0359375 0.5984375
3 0.428125 0.390625 0.0234375 0.6375
3 0.390625 0.4640625 0.0328125 0.546875
2 0.45 0.165625 0.0234375 0.3296875
11 0.353125 0.3921875 0.028125 0.571875
3 0.2671875 0.3875 0.0328125 0.575
11 0.2328125 0.44375 0.03125 0.55
11 0.178125 0.503125 0.0359375 0.525
13 0.121875 0.615625 0.0265625 0.6375
13 0.09375 0.64375 0.025 0.5546875
3 0.065625 0.590625 0.028125 0.575
13 0.03125 0.54375 0.03125 0.628125
13 0.009375 0.59453125 0.01875 0.6203125
0 0.99921875 0.59296875 0.0015625 0.8109375