1 0.91875 0.825 0.021875 0.3390625
1 0.8953125 0.5703125 0.01875 0.3390625
3 0.76796875 0.76796875 0.0296875 0.4640625
3 0.6453125 0.71875 0.03125 0.5625
3 0.55 0.675 0.0390625 0.58125
3 0.496875 0.675 0.0296875 0.546875
3 0.415625 0.621875 0.03125 0.659375
3 0.3171875 0.53125 0.03125 0.584375
1 0.221875 0.75625 0.0203125 0.328125
1 0.09375 0.75625 0.01875 0.3515625
13 0.359375 0.590625 0.0453125 0.609375
13 0.590625 0.7 0.040625 0.5984375
13 0.265625 0.3171875 0.028125 0.634375
13 0.13984375 0.3125 0.0296875 0.625
13 0.0140625 0.415625 0.028125 0.7046875