0 0.9703125 0.50625 0.05625 0.9859375
1 0.921875 0.403125 0.021875 0.425
1 0.9 0.209375 0.0234375 0.3609375
1 0.875 0.4609375 0.0203125 0.4359375
11 0.7703125 0.68125 0.034375 0.6359375
11 0.6421875 0.503125 0.0421875 0.678125
3 0.575 0.7 0.0359375 0.6
13 0.5234375 0.5109375 0.0421875 0.978125
11 0.484375 0.5125 0.0328125 0.634375
3 0.4171875 0.6765625 0.040625 0.646875
1 0.3765625 0.24375 0.0265625 0.4109375
13 0.35 0.590625 0.03125 0.6578125
1 0.29375 0.2625 0.0234375 0.3765625
11 0.2671875 0.578125 0.028125 0.6171875
3 0.2 0.65625 0.0296875 0.6828125
13 0.146875 0.5 0.0421875 1
8 0.1078125 0.321875 0.0375 0.6421875