8 0.1375 0.4796875 0.028125 0.484375
8 0.896875 0.4859375 0.0296875 0.484375
0 0.03125 0.6046875 0.05 0.784375
13 0.2375 0.55625 0.028125 0.5875
13 0.2890625 0.565625 0.03125 0.50625
13 0.321875 0.540625 0.03125 0.575
13 0.353125 0.5078125 0.0296875 0.6265625
13 0.384375 0.43125 0.028125 0.590625
13 0.415625 0.4625 0.0265625 0.534375
13 0.4453125 0.425 0.028125 0.58125
13 0.4765625 0.409375 0.03125 0.6296875
3 0.534375 0.315625 0.0296875 0.590625
3 0.5734375 0.303125 0.04375 0.546875
3 0.690625 0.309375 0.0296875 0.5625
3 0.73125 0.35625 0.034375 0.546875
3 0.775 0.403125 0.0359375 0.515625
3 0.81875 0.4375 0.0390625 0.478125
11 0.6234375 0.31875 0.0265625 0.58125
2 0.26875 0.3765625 0.0203125 0.3453125