2 0.99375 0.571875 0.0109375 0.3984375
5 0.94375 0.1203125 0.0171875 0.20625
8 0.828125 0.43125 0.021875 0.790625
8 0.75 0.4703125 0.01875 0.6875
8 0.69375 0.5953125 0.01875 0.7328125
8 0.6359375 0.659375 0.0203125 0.6421875
11 0.5578125 0.3140625 0.015625 0.628125
8 0.5015625 0.33125 0.01875 0.6609375
8 0.440625 0.384375 0.0234375 0.69375
8 0.378125 0.33125 0.01875 0.6609375
8 0.321875 0.621875 0.0234375 0.7546875
8 0.24375 0.66875 0.01875 0.6359375
8 0.1828125 0.5921875 0.0171875 0.6875
8 0.121875 0.57109375 0.025 0.8578125
11 0.065625 0.509375 0.0234375 0.7484375
11 0.025 0.465625 0.025 0.8484375