1 0.08125 0.5765625 0.0234375 0.3578125
3 0.1734375 0.440625 0.0296875 0.609375
13 0.215625 0.4109375 0.03125 0.6515625
13 0.246875 0.440625 0.0265625 0.6109375
3 0.28125 0.4875 0.0296875 0.54375
3 0.325 0.4328125 0.034375 0.5484375
3 0.365625 0.5875 0.0328125 0.6578125
3 0.409375 0.615625 0.034375 0.571875
13 0.490625 0.6109375 0.03125 0.603125
13 0.5203125 0.565625 0.0328125 0.628125
13 0.553125 0.60625 0.028125 0.59375
1 0.603125 0.409375 0.028125 0.3640625
13 0.63125 0.696875 0.028125 0.6
13 0.6625 0.715625 0.03125 0.534375
13 0.725 0.71796875 0.025 0.5640625
13 0.75625 0.690625 0.03125 0.6
13 0.790625 0.715625 0.0296875 0.5671875
3 0.825 0.415625 0.03125 0.5359375
3 0.8625 0.45 0.034375 0.553125
3 0.909375 0.28125 0.0328125 0.5625
3 0.95625 0.49375 0.0359375 0.934375