8 0.0625 0.328125 0.0265625 0.6546875
11 0.15 0.3234375 0.025 0.646875
11 0.20625 0.671875 0.021875 0.65625
11 0.29375 0.6296875 0.021875 0.66875
11 0.35 0.68046875 0.025 0.6390625
11 0.409375 0.328125 0.0234375 0.6546875
11 0.46875 0.3234375 0.021875 0.646875
8 0.575 0.390625 0.0265625 0.6625
8 0.6640625 0.396875 0.0265625 0.690625
11 0.778125 0.31875 0.025 0.6375
11 0.8359375 0.640625 0.0234375 0.6359375
11 0.8953125 0.6765625 0.0265625 0.646875
11 0.953125 0.31875 0.0234375 0.6375
2 0.640625 0.6265625 0.015625 0.4796875
2 0.5515625 0.621875 0.015625 0.46875