2 0.9953125 0.2125 0.009375 0.4234375
8 0.9125 0.6875 0.028125 0.60625
11 0.815625 0.4 0.0265625 0.6390625
11 0.753125 0.5546875 0.0265625 0.6015625
11 0.6640625 0.625 0.025 0.5984375
3 0.58125 0.678125 0.028125 0.5890625
3 0.5390625 0.3171875 0.0265625 0.615625
3 0.496875 0.3828125 0.0265625 0.65625
3 0.45625 0.43125 0.0296875 0.696875
3 0.415625 0.471875 0.0296875 0.7515625
3 0.325 0.475 0.0296875 0.896875
3 0.28515625 0.403125 0.0265625 0.80625
3 0.24375 0.2875 0.025 0.575
3 0.203125 0.3125 0.0265625 0.6234375
3 0.1578125 0.396875 0.0328125 0.65625
3 0.11875 0.409375 0.0265625 0.7375
3 0.0765625 0.425 0.028125 0.85
3 0.03828125 0.2875 0.0265625 0.575
2 0.3515625 0.8078125 0.0203125 0.384375