0 0.01875 0.521875 0.0328125 0.8140625
1 0.046875 0.446875 0.0125 0.315625
1 0.0625 0.271875 0.0125 0.28125
12 0.296875 0.50625 0.0140625 0.3703125
4 0.3390625 0.5125 0.015625 0.221875
3 0.36875 0.571875 0.0203125 0.51875
3 0.44375 0.325 0.0234375 0.5375
3 0.5125 0.4234375 0.0203125 0.60625
3 0.5375 0.4953125 0.01875 0.75
3 0.5703125 0.64375 0.025 0.571875
3 0.603125 0.56875 0.0203125 0.503125
3 0.8078125 0.678125 0.0234375 0.5921875
3 0.9328125 0.396875 0.0171875 0.6015625
11 0.9609375 0.5171875 0.0203125 0.5078125
11 0.63125 0.51875 0.0203125 0.5125
13 0.46875 0.371875 0.01875 0.553125
13 0.490625 0.4015625 0.0203125 0.5828125
13 0.69375 0.590625 0.0203125 0.6359375
13 0.7296875 0.6578125 0.0203125 0.571875
13 0.7515625 0.6375 0.01875 0.6609375
13 0.771875 0.621875 0.0203125 0.725
13 0.83125 0.71171875 0.01875 0.5765625
13 0.853125 0.75 0.0203125 0.5
13 0.88125 0.328125 0.021875 0.5625
13 0.909375 0.434375 0.0203125 0.715625
2 0.55625 0.45 0.0125 0.3453125
2 0.715625 0.45 0.0140625 0.365625
2 0.89375 0.690625 0.0140625 0.340625