0 0.021875 0.44375 0.04375 0.8875
2 0.06875 0.7 0.0203125 0.39375
2 0.090625 0.503125 0.0203125 0.384375
2 0.1109375 0.765625 0.0203125 0.39375
13 0.33125 0.55 0.0296875 0.6421875
13 0.359375 0.590625 0.0234375 0.559375
13 0.6609375 0.659375 0.0265625 0.59375
13 0.690625 0.621875 0.0265625 0.634375
13 0.846875 0.50625 0.0421875 0.5328125
13 0.89375 0.578125 0.0421875 0.5453125
3 0.390625 0.26875 0.0265625 0.5359375
3 0.4328125 0.2640625 0.0265625 0.528125
3 0.503125 0.25625 0.025 0.5078125
3 0.5453125 0.271875 0.0234375 0.5421875
3 0.5875 0.2890625 0.0296875 0.578125
3 0.7296875 0.5140625 0.0453125 0.5484375
4 0.765625 0.4359375 0.0203125 0.2375
3 0.93125 0.26875 0.028125 0.5359375
3 0.98046875 0.575 0.0390625 0.55625
3 0.99921875 0.575 0.0015625 0.55625