0 0.9625 0.415625 0.075 0.8296875
1 0.9140625 0.45625 0.0296875 0.365625
1 0.890625 0.6296875 0.0359375 0.3265625
3 0.7859375 0.5625 0.046875 0.5765625
3 0.734375 0.465625 0.0421875 0.6921875
3 0.684375 0.409375 0.04375 0.740625
3 0.603125 0.66875 0.0390625 0.5921875
3 0.55625 0.621875 0.040625 0.60625
3 0.509375 0.509375 0.0328125 0.821875
3 0.4609375 0.4140625 0.05 0.5953125
3 0.4125 0.53125 0.0453125 0.6609375
3 0.3640625 0.559375 0.0375 0.6109375
11 0.24375 0.471875 0.0375 0.63125
3 0.1671875 0.440625 0.04375 0.60625
11 0.1203125 0.290625 0.03125 0.5796875
3 0.0359375 0.34375 0.05625 0.5421875