0 0.025 0.5 0.0484375 1
1 0.059375 0.3875 0.021875 0.3921875
11 0.1328125 0.471875 0.028125 0.6109375
11 0.2234375 0.615625 0.0234375 0.5375
11 0.271875 0.6203125 0.0234375 0.575
12 0.3265625 0.465625 0.021875 0.446875
12 0.3953125 0.478125 0.0203125 0.4515625
12 0.440625 0.46875 0.021875 0.5046875
11 0.49375 0.6171875 0.0265625 0.590625
11 0.5640625 0.4 0.0234375 0.5984375
11 0.6125 0.3890625 0.021875 0.6484375
12 0.6625 0.478125 0.021875 0.5125
12 0.73125 0.4875 0.01875 0.509375
12 0.7796875 0.4640625 0.0265625 0.5234375
11 0.8296875 0.421875 0.025 0.640625
11 0.9015625 0.471875 0.01875 0.6328125
11 0.95 0.603125 0.021875 0.590625