0 0.9875 0.5 0.0234375 1
1 0.9609375 0.38125 0.015625 0.4171875
5 0.896875 0.696875 0.028125 0.1734375
8 0.7875 0.5 0.0203125 0.6546875
8 0.603125 0.690625 0.01875 0.6171875
8 0.5296875 0.334375 0.0234375 0.6546875
8 0.4578125 0.390625 0.0203125 0.6671875
8 0.3875 0.4875 0.0234375 0.628125
8 0.29375 0.56875 0.01875 0.634375
8 0.0375 0.640625 0.0203125 0.628125
11 0.715625 0.4015625 0.021875 0.6484375
11 0.66875 0.346875 0.0203125 0.6796875
11 0.225 0.4078125 0.0203125 0.6484375
11 0.178125 0.4015625 0.021875 0.6484375
11 0.13125 0.3375 0.0171875 0.634375
11 0.0859375 0.6875 0.0203125 0.625