0 0.0234375 0.5 0.0328125 0.7734375
2 0.05625 0.275 0.0140625 0.3234375
2 0.0671875 0.4265625 0.0125 0.3078125
2 0.08125 0.20625 0.0125 0.2859375
11 0.2375 0.36875 0.01875 0.4625
11 0.33125 0.534375 0.0203125 0.4546875
11 0.425 0.715625 0.0203125 0.5171875
11 0.628125 0.646875 0.0203125 0.4625
11 0.725 0.484375 0.0203125 0.4421875
11 0.815625 0.696875 0.021875 0.4453125
3 0.515625 0.73125 0.025 0.4703125
3 0.54375 0.6953125 0.0234375 0.45
3 0.5796875 0.728125 0.0359375 0.475
3 0.909375 0.684375 0.021875 0.5046875
3 0.9375 0.6453125 0.0203125 0.4828125
3 0.9734375 0.7078125 0.0328125 0.4578125