0 0.015625 0.496875 0.03125 0.9359375
1 0.0484375 0.6 0.0125 0.3671875
1 0.0609375 0.7984375 0.0125 0.3453125
8 0.128125 0.75 0.021875 0.5
12 0.375 0.51875 0.0203125 0.4125
3 0.4234375 0.3109375 0.0203125 0.621875
3 0.67109375 0.33125 0.0203125 0.6625
11 0.5265625 0.646875 0.021875 0.5703125
11 0.775 0.3234375 0.0203125 0.5609375
12 0.575 0.50625 0.0171875 0.4125
12 0.621875 0.515625 0.015625 0.4296875
12 0.821875 0.509375 0.0171875 0.40625
12 0.8734375 0.51875 0.0171875 0.434375
13 0.921875 0.296875 0.0203125 0.59375
13 0.94375 0.33125 0.021875 0.6625
13 0.965625 0.365625 0.0203125 0.7296875
13 0.9875 0.3 0.021875 0.6