0 0.0296875 0.46875 0.0515625 0.88125
1 0.0765625 0.3578125 0.021875 0.3734375
1 0.09375 0.1703125 0.0234375 0.3328125
1 0.1125 0.396875 0.0203125 0.3328125
3 0.20625 0.5796875 0.0359375 0.840625
13 0.246875 0.653125 0.028125 0.6140625
3 0.3296875 0.3265625 0.0390625 0.6109375
13 0.36875 0.3515625 0.0265625 0.628125
3 0.44375 0.265625 0.028125 0.5234375
13 0.503125 0.3109375 0.0328125 0.5796875
11 0.53125 0.596875 0.028125 0.4734375
3 0.6015625 0.621875 0.0359375 0.5484375
3 0.746875 0.5421875 0.0328125 0.7
3 0.8984375 0.26875 0.0328125 0.49375
3 0.95625 0.2921875 0.03125 0.55