8 0.246875 0.2984375 0.03125 0.596875
8 0.13671875 0.35 0.0328125 0.7
1 0.0125 0.33125 0.0203125 0.4390625
1 0.034375 0.1625 0.021875 0.325
1 0.221875 0.409375 0.021875 0.4390625
11 0.390625 0.3453125 0.0296875 0.6796875
11 0.4625 0.575 0.028125 0.6796875
11 0.765625 0.428125 0.028125 0.6890625
11 0.978125 0.3421875 0.0296875 0.684375
11 0.9046875 0.575 0.03125 0.6703125
3 0.534375 0.6046875 0.0296875 0.790625
3 0.5875 0.65625 0.03125 0.675
3 0.634375 0.60625 0.0390625 0.7578125
3 0.6765625 0.5828125 0.0421875 0.821875
3 0.8578125 0.5 0.0296875 0.675