3 0.109375 0.61875 0.0203125 0.6796875
3 0.575 0.43125 0.025 0.6453125
13 0.146875 0.7078125 0.025 0.5125
11 0.1734375 0.7 0.021875 0.5
11 0.275 0.534375 0.021875 0.4828125
11 0.35 0.5875 0.0171875 0.478125
11 0.4 0.5890625 0.0203125 0.490625
11 0.503125 0.471875 0.0203125 0.49375
11 0.640625 0.475 0.0203125 0.49375
11 0.7421875 0.284375 0.025 0.5671875
11 0.815625 0.3 0.021875 0.5078125
11 0.86875 0.29375 0.0203125 0.5203125
12 0.225 0.515625 0.01875 0.3703125
12 0.453125 0.5265625 0.01875 0.365625
12 0.69375 0.521875 0.0171875 0.35625
13 0.615625 0.484375 0.0265625 0.5125