0 0.0265625 0.496875 0.053125 0.99375
2 0.0734375 0.24375 0.0171875 0.3734375
2 0.090625 0.415625 0.0234375 0.4
2 0.1140625 0.1859375 0.0203125 0.328125
11 0.19375 0.38125 0.0265625 0.546875
11 0.253125 0.371875 0.0328125 0.571875
11 0.3125 0.353125 0.0296875 0.58125
3 0.396875 0.3640625 0.034375 0.6375
3 0.434375 0.3921875 0.0296875 0.6265625
3 0.475 0.4421875 0.034375 0.7140625
3 0.5125 0.46875 0.025 0.6765625
3 0.55 0.453125 0.03125 0.665625
3 0.5875 0.415625 0.034375 0.5953125
3 0.646875 0.7328125 0.0203125 0.534375
3 0.690625 0.65 0.0265625 0.6953125
3 0.725 0.51875 0.03125 0.740625
3 0.765625 0.621875 0.0328125 0.6203125
3 0.80625 0.3796875 0.03125 0.759375
3 0.840625 0.45 0.028125 0.6140625
11 0.9140625 0.515625 0.0328125 0.64375