0 0.9890625 0.5 0.021875 1
2 0.959375 0.2296875 0.028125 0.459375
11 0.740625 0.5921875 0.028125 0.696875
8 0.68125 0.48125 0.034375 0.68125
11 0.590625 0.4796875 0.0421875 0.6796875
11 0.5046875 0.5171875 0.028125 0.671875
8 0.4453125 0.58125 0.0265625 0.6421875
11 0.353125 0.6609375 0.0328125 0.6375
13 0.271875 0.3234375 0.0296875 0.646875
13 0.2421875 0.3484375 0.0203125 0.696875
11 0.215625 0.43125 0.025 0.6734375
13 0.1453125 0.634375 0.0265625 0.7296875
13 0.11484375 0.66796875 0.0265625 0.6640625
11 0.090625 0.696875 0.021875 0.60625