2 0.096875 0.5328125 0.025 0.39375
2 0.125 0.7265625 0.0234375 0.3875
4 0.228125 0.678125 0.0234375 0.246875
3 0.278125 0.59375 0.0328125 0.80625
3 0.321875 0.728125 0.0421875 0.54375
3 0.3703125 0.59375 0.053125 0.79375
3 0.465625 0.459375 0.0296875 0.6640625
3 0.5828125 0.603125 0.028125 0.571875
3 0.621875 0.575 0.0484375 0.6421875
3 0.71875 0.4921875 0.0328125 0.609375
13 0.5125 0.5 0.034375 0.61875
13 0.54375 0.5375 0.040625 0.5625
13 0.765625 0.446875 0.0328125 0.6421875
13 0.8 0.4078125 0.0375 0.7078125
13 0.8359375 0.415625 0.03125 0.8125
13 0.86875 0.478125 0.0328125 0.7171875
13 0.903125 0.446875 0.0328125 0.775
13 0.9625 0.61875 0.0453125 0.621875
2 0.934375 0.4015625 0.025 0.384375