0 0.98125 0.4734375 0.0375 0.946875
2 0.9375 0.7484375 0.0203125 0.421875
2 0.915625 0.540625 0.0171875 0.390625
2 0.8953125 0.8109375 0.01875 0.378125
8 0.803125 0.615625 0.025 0.56875
3 0.7046875 0.390625 0.028125 0.78125
3 0.665625 0.31875 0.0328125 0.6375
3 0.6234375 0.284375 0.0359375 0.56875
3 0.584375 0.24375 0.0390625 0.4859375
11 0.5 0.46875 0.028125 0.5765625
13 0.415625 0.5875 0.0328125 0.6484375
13 0.384375 0.6390625 0.025 0.690625
11 0.353125 0.60625 0.028125 0.5984375
4 0.290625 0.471875 0.0234375 0.240625
13 0.225 0.609375 0.040625 0.5890625
13 0.165625 0.6 0.0296875 0.7109375
13 0.134375 0.5421875 0.0296875 0.859375
13 0.1046875 0.615625 0.0265625 0.753125
13 0.078125 0.6859375 0.025 0.628125
11 0.046875 0.4140625 0.025 0.5765625