2 0.05625 0.5140625 0.0125 0.390625
2 0.06875 0.7125 0.0125 0.3953125
11 0.1375 0.45 0.0203125 0.628125
3 0.1859375 0.425 0.021875 0.6328125
13 0.225 0.421875 0.021875 0.6171875
11 0.25 0.446875 0.021875 0.6015625
12 0.2953125 0.446875 0.0171875 0.45
11 0.36875 0.315625 0.021875 0.590625
3 0.41875 0.2953125 0.0234375 0.590625
13 0.459375 0.30625 0.021875 0.6109375
11 0.48359375 0.296875 0.0234375 0.59375
12 0.5296875 0.45625 0.01875 0.471875
11 0.6015625 0.5875 0.0203125 0.5796875
3 0.6640625 0.5140625 0.021875 0.5953125
11 0.6984375 0.38125 0.0203125 0.6234375
3 0.765625 0.3140625 0.03125 0.60625
11 0.8125 0.653125 0.0203125 0.590625
3 0.8765625 0.578125 0.025 0.60625
8 0.925 0.3140625 0.021875 0.5953125