0 0.025 0.5609375 0.0375 0.878125
1 0.0625 0.484375 0.015625 0.334375
11 0.259375 0.5625 0.0234375 0.490625
11 0.39375 0.5625 0.0234375 0.515625
11 0.446875 0.5703125 0.021875 0.540625
11 0.58984375 0.73984375 0.0203125 0.5203125
11 0.7 0.725 0.0234375 0.528125
11 0.9125 0.6875 0.021875 0.5328125
3 0.965625 0.6125 0.021875 0.5234375
3 0.3171875 0.559375 0.034375 0.49375
3 0.525 0.3546875 0.0234375 0.5578125
3 0.775 0.4078125 0.0234375 0.553125
3 0.84375 0.34375 0.0234375 0.5703125
13 0.3640625 0.5578125 0.0328125 0.515625
13 0.56875 0.396875 0.021875 0.6
13 0.81875 0.496875 0.021875 0.646875
13 0.8875 0.43125 0.0203125 0.65
12 0.64375 0.5578125 0.0171875 0.3875