0 0.0125 0.58359375 0.025 0.8296875
1 0.0484375 0.746875 0.0171875 0.3765625
1 0.06875 0.884375 0.015625 0.23125
1 0.090625 0.6859375 0.0171875 0.371875
1 0.1109375 0.8421875 0.0171875 0.315625
1 0.13125 0.6046875 0.01875 0.3796875
1 0.1515625 0.8234375 0.01875 0.353125
11 0.3875 0.4640625 0.028125 0.5984375
11 0.98125 0.7578125 0.0265625 0.484375
3 0.2375 0.384375 0.028125 0.7375
3 0.45 0.38125 0.0265625 0.6296875
3 0.4875 0.5234375 0.0421875 0.859375
3 0.565625 0.528125 0.0265625 0.8421875
3 0.6 0.378125 0.0390625 0.615625
3 0.65625 0.753125 0.0421875 0.4921875
3 0.83125 0.35 0.025 0.7
4 0.696875 0.6609375 0.0234375 0.2765625
12 0.7375 0.665625 0.0203125 0.421875