0 0.021875 0.578125 0.034375 0.84375
2 0.053125 0.33125 0.0140625 0.353125
13 0.109375 0.6484375 0.0203125 0.5734375
13 0.13125 0.628125 0.01875 0.64375
13 0.15 0.665625 0.0203125 0.609375
13 0.1703125 0.70625 0.0203125 0.528125
13 0.19375 0.2625 0.0203125 0.5234375
13 0.2125 0.3265625 0.01875 0.64375
13 0.2328125 0.35 0.0203125 0.6984375
13 0.253125 0.384375 0.0203125 0.76875
8 0.290625 0.56875 0.0171875 0.503125
8 0.378125 0.3265625 0.0203125 0.503125
8 0.4453125 0.4703125 0.01875 0.3171875
8 0.5125 0.5125 0.01875 0.4125
8 0.5796875 0.5703125 0.01875 0.4171875
8 0.646875 0.6375 0.0203125 0.3828125
8 0.734375 0.6609375 0.0203125 0.3375
8 0.8015625 0.5875 0.0234375 0.3421875
11 0.865625 0.6234375 0.0203125 0.54375
13 0.95625 0.6234375 0.01875 0.5125