3 0.7484375 0.575 0.021875 0.6390625
13 0.70625 0.390625 0.025 0.59375
3 0.68125 0.371875 0.0203125 0.559375
4 0.646875 0.440625 0.021875 0.309375
12 0.596875 0.440625 0.0234375 0.503125
11 0.546875 0.5875 0.03125 0.60625
12 0.496875 0.4578125 0.0265625 0.5828125
3 0.45 0.578125 0.0265625 0.55
13 0.384375 0.328125 0.021875 0.6546875
3 0.340625 0.403125 0.0203125 0.603125
3 0.30625 0.3953125 0.0296875 0.59375
12 0.275 0.4515625 0.01875 0.4578125
4 0.2265625 0.45625 0.021875 0.3015625
3 0.1953125 0.3828125 0.025 0.6515625
3 0.1609375 0.41875 0.021875 0.5296875
3 0.128125 0.471875 0.0296875 0.5953125
3 0.071875 0.5203125 0.021875 0.603125
3 0.0328125 0.50625 0.028125 0.6046875