2 0.075 0.625 0.01875 0.4484375
2 0.0953125 0.315625 0.0203125 0.425
8 0.178125 0.690625 0.0234375 0.6171875
3 0.2671875 0.56875 0.0234375 0.690625
3 0.36875 0.41875 0.025 0.6953125
3 0.521875 0.5578125 0.0265625 0.6671875
3 0.6640625 0.5671875 0.0234375 0.7140625
3 0.7 0.628125 0.0265625 0.6484375
3 0.7359375 0.578125 0.0359375 0.71875
3 0.80625 0.4828125 0.021875 0.6953125
11 0.88125 0.540625 0.021875 0.6171875
11 0.4453125 0.459375 0.025 0.640625
11 0.5875 0.45625 0.0265625 0.640625
3 0.959375 0.6125 0.0234375 0.6640625
13 0.3125 0.509375 0.03125 0.7375
13 0.41484375 0.38125 0.0296875 0.7625
13 0.853125 0.475 0.03125 0.8171875