0 0.025 0.5 0.05 1
2 0.08125 0.209375 0.025 0.41875
2 0.109375 0.41875 0.021875 0.434375
2 0.134375 0.16875 0.0234375 0.3359375
11 0.246875 0.3421875 0.0328125 0.6328125
13 0.328125 0.31875 0.03125 0.6375
13 0.365625 0.290625 0.034375 0.58125
13 0.4015625 0.3359375 0.0328125 0.671875
13 0.440625 0.3125 0.0328125 0.6234375
3 0.4875 0.3421875 0.0515625 0.6328125
3 0.5875 0.340625 0.0359375 0.6796875
3 0.640625 0.303125 0.0359375 0.60625
3 0.7296875 0.659375 0.0328125 0.6515625
3 0.775 0.60625 0.040625 0.6828125
3 0.83125 0.553125 0.0375 0.75
3 0.878125 0.5125 0.046875 0.8
4 0.534375 0.496875 0.025 0.29375
11 0.940625 0.50625 0.03125 0.640625