0 0.028125 0.5 0.053125 0.875
11 0.184375 0.43125 0.0453125 0.5953125
1 0.0921875 0.24375 0.025 0.3265625
1 0.071875 0.4 0.025 0.396875
11 0.2390625 0.64375 0.034375 0.6046875
3 0.321875 0.6890625 0.0375 0.6203125
3 0.3921875 0.65859375 0.03125 0.6828125
13 0.4328125 0.675 0.0265625 0.6484375
13 0.4625 0.709375 0.0265625 0.5796875
11 0.51875 0.6640625 0.0375 0.571875
11 0.58125 0.509375 0.034375 0.6390625
3 0.6625 0.55 0.034375 0.721875
3 0.73125 0.578125 0.0296875 0.7546875
13 0.771875 0.6 0.0234375 0.6625
13 0.803125 0.625 0.0359375 0.6171875
13 0.85625 0.6203125 0.028125 0.7515625
13 0.8859375 0.65 0.0296875 0.665625
3 0.915625 0.6828125 0.0265625 0.6328125
4 0.959375 0.50625 0.0296875 0.3640625