0 0.021875 0.5640625 0.034375 0.871875
2 0.05625 0.31875 0.0140625 0.359375
2 0.071875 0.4859375 0.0140625 0.3484375
8 0.2375 0.728125 0.01875 0.53125
11 0.30625 0.6109375 0.01875 0.546875
11 0.35 0.7328125 0.01875 0.509375
11 0.415625 0.690625 0.01875 0.53125
11 0.4625 0.684375 0.0203125 0.525
11 0.5078125 0.740625 0.0171875 0.515625
11 0.553125 0.4375 0.01875 0.5203125
11 0.6171875 0.728125 0.01875 0.53125
11 0.6640625 0.684375 0.01875 0.525
11 0.7078125 0.740625 0.015625 0.515625
11 0.753125 0.684375 0.0171875 0.5046875
11 0.8171875 0.621875 0.01875 0.515625
11 0.8625 0.71875 0.0203125 0.525
11 0.9078125 0.7375 0.01875 0.509375
11 0.953125 0.734375 0.0171875 0.515625