1 0.034375 0.728125 0.0234375 0.4328125
1 0.059375 0.865625 0.021875 0.265625
1 0.0875 0.653125 0.0203125 0.3859375
1 0.1140625 0.8375 0.021875 0.325
4 0.225 0.6421875 0.0234375 0.309375
3 0.28125 0.4125 0.034375 0.825
3 0.3375 0.4734375 0.0421875 0.790625
3 0.390625 0.5609375 0.0390625 0.6875
3 0.44375 0.46875 0.0359375 0.646875
3 0.7015625 0.7375 0.04375 0.525
3 0.753125 0.5 0.04375 1
3 0.80625 0.55 0.0390625 0.9
3 0.8625 0.60859375 0.034375 0.7828125
3 0.915625 0.625 0.0328125 0.6671875
11 0.5 0.403125 0.0375 0.6546875
11 0.96875 0.55 0.03125 0.6671875
13 0.584375 0.740625 0.0421875 0.515625
13 0.621875 0.69609375 0.03125 0.6078125