0 0.97734375 0.55546875 0.0421875 0.8890625
2 0.9359375 0.809375 0.01875 0.303125
2 0.91875 0.6578125 0.01875 0.2984375
2 0.909375 0.8578125 0.0234375 0.284375
2 0.8875 0.7046875 0.015625 0.2984375
13 0.815625 0.24375 0.03125 0.4875
13 0.7875 0.41875 0.028125 0.8375
13 0.759375 0.403125 0.025 0.746875
13 0.734375 0.375 0.0265625 0.6875
11 0.70625 0.478125 0.028125 0.4921875
3 0.640625 0.746875 0.028125 0.50625
3 0.60390625 0.71484375 0.0296875 0.5703125
13 0.5453125 0.3 0.03125 0.565625
13 0.515625 0.50625 0.0296875 0.8421875
13 0.4875 0.48125 0.0265625 0.825
13 0.4609375 0.478125 0.0234375 0.7203125
11 0.4328125 0.56875 0.028125 0.5859375
11 0.3734375 0.575 0.028125 0.4015625
11 0.315625 0.5 0.0234375 0.478125
3 0.228125 0.425 0.03125 0.5296875
11 0.19375 0.4296875 0.028125 0.4984375
3 0.13125 0.44375 0.025 0.48125
13 0.0921875 0.415625 0.0265625 0.4984375
13 0.065625 0.4875 0.028125 0.5671875
13 0.040625 0.546875 0.025 0.64375
13 0.0125 0.60390625 0.025 0.7671875