1 0.0265625 0.15625 0.025 0.29375
1 0.00625 0.33984375 0.0125 0.3046875
11 0.1203125 0.54375 0.05625 0.5296875
11 0.2359375 0.409375 0.0375 0.575
8 0.296875 0.378125 0.040625 0.5796875
8 0.421875 0.309375 0.0421875 0.5578125
8 0.659375 0.609375 0.034375 0.6140625
11 0.5125 0.321875 0.0515625 0.625
11 0.6 0.540625 0.034375 0.6140625
13 0.78125 0.284375 0.0375 0.5671875
13 0.8125 0.4328125 0.025 0.865625
13 0.9265625 0.4875 0.021875 0.9734375
13 0.95625 0.5 0.0296875 0.9125
13 0.9015625 0.7125 0.03125 0.575
13 0.9828125 0.48125 0.025 0.8109375
3 0.83828125 0.175 0.0265625 0.35
13 0.875 0.596875 0.025 0.8046875