0 0.028125 0.475 0.0421875 0.934375
2 0.06875 0.19375 0.0140625 0.3640625
2 0.0859375 0.396875 0.0140625 0.3578125
11 0.1671875 0.33125 0.025 0.5578125
3 0.225 0.65625 0.021875 0.5671875
3 0.25625 0.6359375 0.0359375 0.640625
3 0.4453125 0.578125 0.0234375 0.6703125
3 0.478125 0.6421875 0.03125 0.6625
3 0.5171875 0.6875 0.0328125 0.60625
3 0.553125 0.7265625 0.0359375 0.546875
3 0.925 0.434375 0.0296875 0.6109375
3 0.9609375 0.403125 0.028125 0.5890625
11 0.3 0.534375 0.025 0.5671875
11 0.359375 0.5359375 0.0234375 0.571875
11 0.5984375 0.534375 0.0234375 0.575
11 0.659375 0.534375 0.025 0.575
11 0.7453125 0.475 0.025 0.5796875
11 0.803125 0.471875 0.0265625 0.571875
11 0.8625 0.403125 0.0234375 0.571875