0 0.9625 0.55625 0.06875 0.821875
2 0.890625 0.7890625 0.0296875 0.3625
13 0.759375 0.390625 0.04375 0.7609375
13 0.7125 0.265625 0.040625 0.53125
13 0.6703125 0.2796875 0.0375 0.559375
13 0.625 0.3375 0.0453125 0.675
13 0.56875 0.74375 0.0484375 0.5125
13 0.525 0.69375 0.0390625 0.609375
13 0.48125 0.659375 0.0390625 0.6546875
13 0.4359375 0.709375 0.040625 0.5421875
13 0.340625 0.69375 0.053125 0.609375
13 0.3 0.5890625 0.04375 0.790625
13 0.253125 0.709375 0.0375 0.5328125
13 0.209375 0.5671875 0.040625 0.7578125
13 0.159375 0.753125 0.0421875 0.49375
13 0.115625 0.690625 0.0375 0.6171875
13 0.071875 0.659375 0.0390625 0.6625
13 0.025 0.7109375 0.0390625 0.5375