11 0.95 0.4078125 0.021875 0.8046875
11 0.903125 0.403125 0.01875 0.73125
11 0.859375 0.415625 0.0234375 0.7765625
8 0.790625 0.55625 0.01875 0.790625
11 0.721875 0.578125 0.0203125 0.7875
11 0.6546875 0.5046875 0.0203125 0.8359375
11 0.609375 0.4890625 0.0171875 0.7984375
11 0.5625 0.5046875 0.0203125 0.821875
8 0.49375 0.61875 0.01875 0.7625
11 0.42421875 0.64921875 0.0203125 0.7015625
11 0.359375 0.553125 0.021875 0.7375
11 0.3125 0.528125 0.0265625 0.875
11 0.26875 0.5625 0.0234375 0.7625
8 0.203125 0.325 0.01875 0.65
11 0.128125 0.6578125 0.0265625 0.684375
11 0.0625 0.54375 0.025 0.703125
12 0.0171875 0.45625 0.0171875 0.653125