0 0.02421875 0.53046875 0.0484375 0.9390625
2 0.06875 0.271875 0.01875 0.371875
3 0.14609375 0.29375 0.0328125 0.5875
3 0.25625 0.3203125 0.0234375 0.640625
3 0.35625 0.66171875 0.025 0.6765625
3 0.459375 0.6390625 0.0234375 0.675
3 0.58125 0.403125 0.0296875 0.5171875
11 0.61875 0.390625 0.03125 0.5296875
13 0.671875 0.3046875 0.0390625 0.609375
13 0.70625 0.325 0.03125 0.5703125
3 0.734375 0.396875 0.0234375 0.5140625
11 0.771875 0.41875 0.040625 0.5578125
13 0.8265625 0.3 0.03125 0.59375
13 0.85625 0.35625 0.0296875 0.5328125
3 0.928125 0.4 0.0296875 0.5125