0 0.98125 0.475 0.0359375 0.9484375
2 0.953125 0.734375 0.0140625 0.40625
2 0.940625 0.5203125 0.0125 0.3828125
2 0.928125 0.8109375 0.0140625 0.378125
8 0.8625 0.390625 0.021875 0.5921875
11 0.771875 0.390625 0.0234375 0.6140625
11 0.703125 0.603125 0.021875 0.603125
11 0.65625 0.60625 0.0234375 0.596875
11 0.609375 0.6 0.0234375 0.5875
11 0.5625 0.284375 0.0203125 0.5671875
8 0.49375 0.3203125 0.0203125 0.58125
11 0.421875 0.38125 0.021875 0.6171875
11 0.375 0.3234375 0.0234375 0.596875
8 0.30625 0.2796875 0.021875 0.559375
11 0.2359375 0.2875 0.0234375 0.575
3 0.1734375 0.2796875 0.025 0.559375
8 0.125 0.284375 0.021875 0.5671875
11 0.0328125 0.284375 0.0203125 0.5671875