2 0.04375 0.5703125 0.0171875 0.453125
8 0.0890625 0.5484375 0.01875 0.671875
11 0.16875 0.575 0.021875 0.584375
5 0.2359375 0.375 0.0203125 0.2375
8 0.346875 0.4296875 0.0140625 0.6296875
11 0.425 0.4390625 0.01875 0.5953125
11 0.4828125 0.553125 0.015625 0.58125
11 0.5234375 0.625 0.015625 0.6515625
11 0.5625 0.534375 0.0171875 0.70625
11 0.603125 0.6109375 0.0171875 0.5453125
8 0.6625 0.6546875 0.01875 0.5890625
8 0.721875 0.425 0.01875 0.6515625
8 0.8 0.4296875 0.0203125 0.6625
8 0.8625 0.490625 0.0234375 0.565625
8 0.940625 0.5 0.0203125 0.60625