1 0.0390625 0.3484375 0.009375 0.3234375
1 0.046875 0.578125 0.009375 0.290625
1 0.05625 0.39375 0.009375 0.3234375
8 0.2 0.465625 0.015625 0.5296875
8 0.578125 0.7 0.015625 0.509375
8 0.85625 0.4125 0.015625 0.5296875
11 0.2625 0.403125 0.0171875 0.5484375
11 0.303125 0.715625 0.0140625 0.5171875
11 0.359375 0.4125 0.015625 0.515625
11 0.4796875 0.40625 0.015625 0.503125
11 0.5375 0.7125 0.015625 0.509375
11 0.640625 0.584375 0.015625 0.509375
11 0.696875 0.6484375 0.015625 0.509375
11 0.7375 0.6484375 0.015625 0.484375
11 0.959375 0.29375 0.015625 0.509375
12 0.4 0.528125 0.0125 0.375
12 0.440625 0.5484375 0.0125 0.4
12 0.91875 0.53125 0.0125 0.39375