11 0.1546875 0.6953125 0.028125 0.609375
3 0.2046875 0.625 0.025 0.575
3 0.234375 0.559375 0.0265625 0.5765625
11 0.26875 0.515625 0.0234375 0.6203125
11 0.3203125 0.5921875 0.0296875 0.615625
3 0.3875 0.36875 0.034375 0.6796875
3 0.421875 0.40625 0.0265625 0.64375
11 0.4515625 0.728125 0.0203125 0.54375
12 0.503125 0.55625 0.0171875 0.4359375
11 0.55 0.5703125 0.03125 0.6015625
8 0.64375 0.515625 0.025 0.559375
11 0.740625 0.321875 0.034375 0.64375
11 0.809375 0.315625 0.025 0.6296875
13 0.86875 0.403125 0.03125 0.8046875
13 0.896875 0.45625 0.021875 0.675
11 0.9203125 0.50625 0.0234375 0.5515625
11 0.9703125 0.578125 0.0265625 0.725