0 0.03125 0.5359375 0.0484375 0.928125
1 0.0765625 0.45 0.0171875 0.3640625
1 0.09375 0.246875 0.0171875 0.3671875
3 0.1875 0.43125 0.0328125 0.7578125
3 0.2328125 0.3296875 0.03125 0.6140625
3 0.4671875 0.653125 0.028125 0.55625
3 0.503125 0.625 0.040625 0.621875
3 0.425 0.71875 0.0265625 0.5453125
3 0.5515625 0.671875 0.0265625 0.5796875
3 0.815625 0.4640625 0.0328125 0.678125
3 0.9125 0.7125 0.0234375 0.5375
3 0.95 0.696875 0.0359375 0.5984375
11 0.3421875 0.3828125 0.028125 0.5765625
8 0.7125 0.59375 0.028125 0.55625
13 0.5921875 0.63125 0.028125 0.640625
13 0.621875 0.6125 0.028125 0.7015625
13 0.85625 0.434375 0.0265625 0.6140625
13 0.884375 0.3828125 0.0265625 0.5828125