0 0.0296875 0.5203125 0.0515625 0.959375
1 0.0703125 0.40625 0.025 0.4921875
1 0.0890625 0.215625 0.0265625 0.43125
1 0.1125 0.459375 0.025 0.4359375
11 0.190625 0.68125 0.0265625 0.6375
3 0.271875 0.3203125 0.04375 0.640625
11 0.3125 0.453125 0.0265625 0.6
11 0.390625 0.6734375 0.0328125 0.590625
3 0.4796875 0.3421875 0.03125 0.615625
11 0.515625 0.4125 0.025 0.56875
11 0.5984375 0.61875 0.0265625 0.575
11 0.65625 0.628125 0.0265625 0.65625
11 0.7140625 0.628125 0.034375 0.6265625
3 0.83125 0.6453125 0.0234375 0.6890625
13 0.875 0.7 0.0328125 0.5828125
8 0.9078125 0.6875 0.0296875 0.6109375