0 0.025 0.5 0.0390625 1
1 0.059375 0.378125 0.01875 0.3875
1 0.075 0.1875 0.0203125 0.375
12 0.140625 0.503125 0.028125 0.55625
4 0.1953125 0.4953125 0.03125 0.3484375
3 0.2375 0.421875 0.0359375 0.759375
3 0.2765625 0.4328125 0.03125 0.746875
1 0.303125 0.7109375 0.0203125 0.4234375
3 0.33125 0.5171875 0.0359375 0.6421875
4 0.359375 0.490625 0.0203125 0.303125
3 0.4 0.321875 0.040625 0.609375
3 0.453125 0.3953125 0.0390625 0.696875
3 0.496875 0.4015625 0.0375 0.6484375
4 0.525 0.484375 0.0203125 0.3609375
3 0.5625 0.41875 0.0421875 0.68125
8 0.6 0.68984375 0.034375 0.6203125
8 0.6765625 0.396875 0.034375 0.675
11 0.778125 0.409375 0.025 0.6984375
3 0.85 0.45625 0.0375 0.759375
11 0.896875 0.384375 0.0234375 0.625
11 0.946875 0.65 0.0328125 0.6984375