0 0.025 0.5 0.0375 1
2 0.059375 0.209375 0.0140625 0.41875
2 0.075 0.4015625 0.015625 0.4140625
8 0.140625 0.3484375 0.0171875 0.63125
12 0.2125 0.503125 0.015625 0.4796875
3 0.2625 0.3234375 0.0203125 0.646875
3 0.4875 0.315625 0.01875 0.63125
3 0.7109375 0.51875 0.021875 0.625
3 0.9375 0.515625 0.0203125 0.6421875
12 0.4375 0.4796875 0.0140625 0.4578125
12 0.6640625 0.484375 0.0203125 0.4359375
12 0.8890625 0.5046875 0.015625 0.453125
11 0.3421875 0.696875 0.01875 0.603125
11 0.3921875 0.33125 0.01875 0.609375
11 0.5671875 0.69375 0.0171875 0.609375
11 0.6171875 0.34375 0.01875 0.596875
11 0.79375 0.421875 0.0171875 0.609375
11 0.840625 0.4875 0.0171875 0.575
13 0.303125 0.3265625 0.0171875 0.653125
13 0.5265625 0.328125 0.01875 0.6484375
13 0.746875 0.51875 0.0265625 0.659375
13 0.9734375 0.5328125 0.025 0.675