1 0.05625 0.546875 0.0203125 0.325
1 0.071875 0.34375 0.0203125 0.4484375
8 0.234375 0.41875 0.03125 0.6265625
3 0.3546875 0.4109375 0.028125 0.6046875
13 0.396875 0.365625 0.025 0.5953125
11 0.4203125 0.68125 0.0234375 0.540625
11 0.471875 0.728125 0.03125 0.5234375
8 0.54375 0.4546875 0.0265625 0.621875
12 0.6171875 0.525 0.021875 0.39375
3 0.6859375 0.69375 0.028125 0.58125
13 0.725 0.65625 0.03125 0.6390625
11 0.75 0.5453125 0.028125 0.5640625
11 0.803125 0.6109375 0.028125 0.565625
8 0.875 0.6875 0.0234375 0.5828125
8 0.95 0.525 0.03125 0.5765625