2 0.096875 0.6015625 0.028125 0.371875
2 0.121875 0.753125 0.0265625 0.3609375
2 0.146875 0.534375 0.028125 0.3609375
2 0.1765625 0.709375 0.028125 0.3328125
2 0.203125 0.496875 0.03125 0.403125
3 0.309375 0.4640625 0.046875 0.875
3 0.3640625 0.271875 0.040625 0.5265625
13 0.4546875 0.490625 0.053125 0.94375
13 0.496875 0.45625 0.0328125 0.909375
13 0.53359375 0.265625 0.0421875 0.53125
3 0.56875 0.4828125 0.03125 0.8828125
3 0.61875 0.2703125 0.046875 0.5171875
13 0.709375 0.4875 0.04375 0.9640625
13 0.75 0.4578125 0.03125 0.8859375
13 0.790625 0.26875 0.0359375 0.5359375
3 0.85625 0.4546875 0.046875 0.8859375
3 0.9125 0.25625 0.0453125 0.5125