8 0.1140625 0.6578125 0.025 0.66875
11 0.2 0.6625 0.0234375 0.675
3 0.271875 0.690625 0.0234375 0.61875
13 0.33125 0.721875 0.021875 0.5546875
13 0.35625 0.765625 0.0265625 0.46875
3 0.3921875 0.5 0.0375 0.6578125
4 0.425 0.646875 0.0203125 0.30625
3 0.46875 0.496875 0.0390625 0.6515625
1 0.496875 0.553125 0.0171875 0.390625
3 0.515625 0.76171875 0.021875 0.4765625
3 0.55 0.6109375 0.034375 0.778125
3 0.590625 0.6546875 0.0265625 0.690625
3 0.621875 0.6859375 0.0328125 0.628125
3 0.7390625 0.6265625 0.0265625 0.6515625
3 0.8125 0.41875 0.025 0.68125
3 0.9734375 0.6984375 0.0265625 0.603125
3 0.85625 0.54375 0.0234375 0.703125
3 0.9 0.603125 0.025 0.74375
3 0.9328125 0.64375 0.03125 0.675
13 0.68359375 0.73359375 0.0234375 0.5328125
13 0.71171875 0.70234375 0.0265625 0.5953125
4 0.778125 0.65 0.021875 0.2890625
2 0.8375 0.28125 0.01875 0.4703125
1 0.878125 0.275 0.015625 0.425