11 0.059375 0.628125 0.021875 0.6359375
3 0.1109375 0.3 0.025 0.6
3 0.603125 0.33125 0.0234375 0.6609375
13 0.14921875 0.334375 0.0265625 0.66875
11 0.18125 0.4140625 0.0203125 0.665625
11 0.2375 0.625 0.025 0.665625
11 0.3109375 0.2921875 0.0234375 0.584375
11 0.36875 0.63125 0.0234375 0.665625
11 0.4734375 0.4109375 0.0203125 0.709375
11 0.55 0.45 0.025 0.678125
11 0.675 0.628125 0.021875 0.6359375
11 0.728125 0.571875 0.0203125 0.6296875
11 0.80625 0.56875 0.021875 0.6609375
11 0.859375 0.4875 0.0203125 0.6546875
11 0.965625 0.4015625 0.0234375 0.665625
13 0.646875 0.2875 0.028125 0.575
12 0.9125 0.4875 0.0171875 0.484375
12 0.421875 0.490625 0.0171875 0.4421875