0 0.0234375 0.52734375 0.040625 0.9453125
1 0.05625 0.475 0.0203125 0.446875
12 0.215625 0.578125 0.0234375 0.4859375
12 0.2640625 0.5609375 0.0234375 0.453125
11 0.3125 0.6765625 0.03125 0.571875
11 0.384375 0.553125 0.028125 0.6171875
11 0.43125 0.55 0.028125 0.7453125
11 0.4828125 0.6625 0.028125 0.6109375
11 0.628125 0.4625 0.028125 0.6140625
8 0.5484375 0.515625 0.028125 0.60625
11 0.709375 0.5375 0.025 0.5390625
11 0.753125 0.5640625 0.028125 0.625
11 0.80625 0.5578125 0.028125 0.5140625
11 0.95 0.471875 0.021875 0.6234375
8 0.875 0.503125 0.0296875 0.584375