0 0.02890625 0.56484375 0.0453125 0.8703125
2 0.075 0.30625 0.0203125 0.3828125
2 0.0953125 0.496875 0.01875 0.375
2 0.115625 0.240625 0.0203125 0.3828125
13 0.33125 0.453125 0.0296875 0.6234375
13 0.3578125 0.4125 0.0234375 0.5453125
13 0.6515625 0.346875 0.025 0.5765625
13 0.68125 0.38125 0.0265625 0.6171875
13 0.83125 0.49375 0.040625 0.51875
13 0.878125 0.4234375 0.040625 0.5296875
3 0.3875 0.7359375 0.025 0.528125
3 0.428125 0.7359375 0.0265625 0.528125
3 0.496875 0.7375 0.025 0.49375
3 0.5390625 0.728125 0.021875 0.5421875
3 0.58125 0.7125 0.028125 0.575
3 0.71875 0.4875 0.04375 0.5328125
4 0.753125 0.5625 0.0203125 0.23125
3 0.915625 0.7359375 0.028125 0.528125
3 0.965625 0.43125 0.0421875 0.5375