0 0.028125 0.41875 0.0421875 0.8359375
13 0.11875 0.64375 0.0265625 0.7078125
13 0.425 0.646875 0.0265625 0.70625
13 0.715625 0.64375 0.0265625 0.7078125
11 0.80625 0.5875 0.0265625 0.5484375
11 0.225 0.571875 0.028125 0.53125
12 0.275 0.403125 0.0203125 0.371875
12 0.33125 0.409375 0.0171875 0.3640625
12 0.56875 0.3984375 0.0203125 0.371875
12 0.621875 0.40625 0.0171875 0.3890625
12 0.859375 0.3984375 0.0234375 0.371875
4 0.678125 0.41875 0.0171875 0.240625
4 0.3859375 0.4125 0.0171875 0.2296875
11 0.515625 0.596875 0.0265625 0.5234375