0 0.0328125 0.5 0.0625 1
1 0.078125 0.39375 0.03125 0.459375
3 0.175 0.31875 0.046875 0.6375
3 0.2265625 0.3015625 0.04375 0.603125
3 0.2734375 0.63046875 0.040625 0.7390625
13 0.3171875 0.621875 0.0375 0.75625
11 0.396875 0.5765625 0.0359375 0.5546875
3 0.4890625 0.528125 0.0390625 0.565625
3 0.56875 0.471875 0.0359375 0.6109375
3 0.615625 0.434375 0.0359375 0.6609375
3 0.659375 0.3875 0.03125 0.775
3 0.703125 0.328125 0.0421875 0.6546875
13 0.7546875 0.54375 0.03125 0.71875
13 0.7875 0.5625 0.0296875 0.7078125
3 0.8203125 0.634375 0.028125 0.634375
13 0.9 0.425 0.0296875 0.740625
13 0.93125 0.396875 0.03125 0.771875
13 0.96875 0.346875 0.034375 0.6921875