0 0.0296875 0.515625 0.0453125 0.9671875
2 0.0734375 0.1921875 0.0203125 0.3625
3 0.175 0.565625 0.028125 0.6421875
3 0.275 0.5375 0.025 0.5421875
13 0.3265625 0.3484375 0.025 0.5859375
3 0.35625 0.46875 0.0265625 0.603125
3 0.3953125 0.5375 0.0328125 0.63125
3 0.4328125 0.6921875 0.0234375 0.5578125
3 0.4734375 0.54375 0.0265625 0.596875
3 0.684375 0.4046875 0.0484375 0.609375
3 0.746875 0.4875 0.04375 0.6875
3 0.840625 0.459375 0.0375 0.6984375
3 0.884375 0.453125 0.0359375 0.6796875
3 0.925 0.490625 0.034375 0.6703125
3 0.965625 0.5625 0.0359375 0.5921875
13 0.8 0.44375 0.0484375 0.6875
11 0.5359375 0.55 0.03125 0.653125
11 0.6140625 0.528125 0.0234375 0.5859375