0 0.025 0.553125 0.0453125 0.8921875
1 0.0640625 0.478125 0.0203125 0.4078125
3 0.278125 0.4203125 0.046875 0.5953125
13 0.321875 0.55625 0.0390625 0.5703125
3 0.4125 0.703125 0.0390625 0.5359375
3 0.453125 0.7125 0.0390625 0.5703125
3 0.515625 0.571875 0.0375 0.596875
3 0.553125 0.525 0.040625 0.578125
2 0.484375 0.734375 0.0203125 0.4265625
4 0.5890625 0.5578125 0.0234375 0.2625
3 0.625 0.6984375 0.0359375 0.603125
2 0.684375 0.690625 0.01875 0.4453125
3 0.7125 0.50625 0.0421875 0.575
3 0.753125 0.459375 0.040625 0.5515625
3 0.8265625 0.4390625 0.0421875 0.5328125
4 0.7875 0.56875 0.0203125 0.303125
13 0.865625 0.425 0.028125 0.565625
13 0.9078125 0.509375 0.0265625 0.6890625
2 0.8859375 0.7359375 0.0203125 0.421875
3 0.9421875 0.4875 0.034375 0.559375
13 0.9796875 0.5921875 0.040625 0.6640625