0 0.03125 0.54921875 0.0625 0.8984375
1 0.0828125 0.453125 0.0265625 0.359375
3 0.203125 0.6546875 0.034375 0.521875
3 0.31875 0.4125 0.0421875 0.515625
3 0.3703125 0.4203125 0.034375 0.5359375
3 0.4171875 0.4125 0.0375 0.5140625
13 0.459375 0.59375 0.034375 0.8125
3 0.565625 0.396875 0.0359375 0.4859375
3 0.609375 0.4171875 0.040625 0.540625
3 0.653125 0.415625 0.0421875 0.5453125
13 0.703125 0.353125 0.034375 0.5078125
13 0.734375 0.46875 0.028125 0.4984375
13 0.76875 0.65625 0.0296875 0.490625
3 0.83125 0.3703125 0.0359375 0.546875
3 0.878125 0.3609375 0.040625 0.5125
11 0.925 0.2890625 0.040625 0.578125