0 0.025 0.55546875 0.05 0.8890625
2 0.0640625 0.340625 0.01875 0.3609375
2 0.0796875 0.5171875 0.0171875 0.375
11 0.15 0.3125 0.034375 0.60625
11 0.20625 0.4125 0.0328125 0.575
3 0.253125 0.584375 0.025 0.68125
11 0.35625 0.6125 0.021875 0.59375
11 0.4125 0.465625 0.0359375 0.5296875
12 0.4609375 0.6 0.0203125 0.5328125
11 0.5390625 0.665625 0.0234375 0.5484375
11 0.584375 0.64375 0.0265625 0.50625
11 0.640625 0.5171875 0.0234375 0.5015625
11 0.7140625 0.5796875 0.028125 0.6078125
12 0.7640625 0.58125 0.025 0.44375
4 0.815625 0.609375 0.021875 0.3125