2 0.06875 0.509375 0.025 0.4203125
2 0.090625 0.6875 0.0203125 0.58125
2 0.10625 0.39375 0.025 0.4796875
2 0.128125 0.6125 0.021875 0.4734375
11 0.209375 0.346875 0.0265625 0.6921875
11 0.265625 0.3 0.046875 0.6
11 0.325 0.6203125 0.0375 0.65
11 0.4125 0.315625 0.0375 0.63125
11 0.46875 0.60625 0.034375 0.5875
11 0.528125 0.596875 0.0328125 0.775
11 0.6125 0.621875 0.0328125 0.675
11 0.675 0.5546875 0.034375 0.5953125
11 0.734375 0.4640625 0.0328125 0.678125
11 0.81875 0.534375 0.034375 0.6265625
11 0.878125 0.5 0.03125 0.7515625
11 0.934375 0.4203125 0.05 0.828125