0 0.025 0.51171875 0.05 0.9765625
1 0.05625 0.4328125 0.021875 0.43125
1 0.071875 0.215625 0.025 0.43125
1 0.0875 0.496875 0.0171875 0.4703125
1 0.103125 0.2484375 0.01875 0.409375
5 0.1765625 0.43125 0.021875 0.3046875
11 0.3140625 0.6140625 0.0296875 0.565625
11 0.365625 0.66875 0.0453125 0.6609375
8 0.4140625 0.3828125 0.0375 0.765625
8 0.5125 0.3546875 0.028125 0.6234375
11 0.584375 0.59375 0.0296875 0.6484375
11 0.634375 0.634375 0.028125 0.675
5 0.7109375 0.403125 0.0296875 0.265625
8 0.846875 0.60625 0.0265625 0.6578125
8 0.925 0.578125 0.0328125 0.6015625