2 0.0375 0.425 0.0296875 0.4984375
2 0.0625 0.2828125 0.0234375 0.565625
2 0.0828125 0.5625 0.0296875 0.56875
2 0.1078125 0.303125 0.025 0.5609375
11 0.2 0.60625 0.03125 0.7875
11 0.26796875 0.66171875 0.0546875 0.6765625
11 0.334375 0.34375 0.04375 0.6859375
11 0.4375 0.64375 0.04375 0.7125
11 0.5046875 0.328125 0.040625 0.65625
11 0.575 0.39375 0.0375 0.7875
11 0.67421875 0.346875 0.0390625 0.69375
11 0.746875 0.3703125 0.0390625 0.7046875
11 0.815625 0.478125 0.0390625 0.803125
11 0.915625 0.39375 0.0390625 0.7421875
11 0.98359375 0.43984375 0.0328125 0.8796875
11 0.99921875 0.43984375 0.0015625 0.8796875