1 0.0140625 0.475 0.028125 0.5421875
11 0.09921875 0.65234375 0.0421875 0.6953125
11 0.203125 0.453125 0.028125 0.74375
3 0.259375 0.521875 0.025 0.753125
3 0.2953125 0.4875 0.025 0.85
11 0.35625 0.6484375 0.0296875 0.703125
3 0.4140625 0.3125 0.034375 0.625
3 0.45546875 0.359375 0.0328125 0.71875
11 0.509375 0.6859375 0.0234375 0.628125
11 0.56875 0.6609375 0.0234375 0.678125
3 0.6296875 0.3 0.028125 0.6
3 0.665625 0.346875 0.025 0.69375
3 0.70625 0.45 0.0234375 0.75
3 0.7421875 0.5109375 0.0265625 0.8296875
11 0.8 0.646875 0.0234375 0.640625
3 0.875 0.628125 0.028125 0.6546875
3 0.9125 0.5828125 0.028125 0.7671875
3 0.9484375 0.490625 0.025 0.7921875
3 0.984375 0.465625 0.028125 0.78125