2 0.0546875 0.484375 0.021875 0.4109375
2 0.0703125 0.6953125 0.015625 0.39375
2 0.084375 0.43125 0.0203125 0.3765625
11 0.2375 0.55625 0.03125 0.590625
11 0.284375 0.740625 0.0234375 0.51875
11 0.4453125 0.54375 0.01875 0.603125
11 0.49375 0.721875 0.021875 0.5546875
11 0.65 0.4625 0.028125 0.6328125
11 0.7 0.44375 0.025 0.6328125
11 0.765625 0.45 0.0234375 0.6578125
3 0.825 0.39375 0.0234375 0.60625
3 0.8734375 0.4375 0.0265625 0.5875
3 0.9046875 0.503125 0.025 0.603125
3 0.934375 0.55625 0.0234375 0.6703125
3 0.96875 0.621875 0.025 0.625
12 0.565625 0.56875 0.0203125 0.46875