0 0.965625 0.5828125 0.0578125 0.834375
8 0.84375 0.46875 0.034375 0.5046875
8 0.7265625 0.4765625 0.03125 0.490625
13 0.575 0.496875 0.0265625 0.5265625
13 0.54375 0.4640625 0.0328125 0.59375
13 0.509375 0.5125 0.03125 0.55
13 0.4765625 0.5421875 0.0359375 0.5265625
13 0.2875 0.31875 0.03125 0.546875
13 0.2546875 0.3015625 0.034375 0.603125
13 0.2203125 0.3328125 0.03125 0.5609375
13 0.1875 0.375 0.034375 0.5046875
11 0.10625 0.4125 0.0296875 0.496875
12 0.3625 0.590625 0.0234375 0.3578125
11 0.440625 0.590625 0.03125 0.4875