0 0.984375 0.55546875 0.03125 0.8890625
1 0.953125 0.496875 0.0140625 0.3359375
1 0.9375 0.3125 0.0125 0.3203125
1 0.921875 0.5515625 0.0140625 0.315625
11 0.684375 0.6203125 0.0171875 0.5296875
11 0.575 0.490625 0.01875 0.55625
11 0.35 0.625 0.01875 0.5609375
11 0.3046875 0.74609375 0.01875 0.5078125
11 0.25625 0.4921875 0.021875 0.5609375
11 0.190625 0.628125 0.01875 0.5453125
11 0.14375 0.625 0.0203125 0.540625
3 0.625 0.7390625 0.0203125 0.521875
3 0.025 0.5671875 0.021875 0.540625
4 0.053125 0.58125 0.0125 0.2453125
12 0.5296875 0.5625 0.0125 0.4109375
12 0.39375 0.565625 0.015625 0.375
12 0.1 0.559375 0.0171875 0.40625