2 0.009375 0.353125 0.01875 0.4484375
3 0.1125 0.3828125 0.040625 0.7484375
3 0.16875 0.353125 0.05625 0.70625
11 0.275 0.35 0.0421875 0.6984375
11 0.353125 0.3015625 0.059375 0.603125
3 0.4390625 0.3921875 0.0453125 0.784375
3 0.4859375 0.415625 0.0421875 0.6953125
3 0.540625 0.490625 0.046875 0.84375
3 0.596875 0.5703125 0.0484375 0.7640625
3 0.684375 0.55 0.0453125 0.878125
13 0.74375 0.559375 0.040625 0.7671875
3 0.79375 0.5453125 0.0484375 0.9
3 0.84375 0.378125 0.046875 0.725
11 0.8953125 0.6765625 0.0328125 0.646875
3 0.98359375 0.5296875 0.0328125 0.940625
3 0.99921875 0.5296875 0.0015625 0.940625