2 0.034375 0.6234375 0.0125 0.390625
2 0.046875 0.76875 0.0125 0.378125
12 0.25625 0.534375 0.0171875 0.5015625
11 0.3 0.6625 0.0234375 0.625
8 0.35625 0.5 0.021875 0.5640625
8 0.421875 0.275 0.028125 0.5390625
8 0.4859375 0.30625 0.0234375 0.5984375
8 0.54375 0.321875 0.0171875 0.421875
8 0.6125 0.428125 0.025 0.45
11 0.68984375 0.303125 0.0234375 0.60625
11 0.73125 0.6296875 0.0234375 0.6671875
8 0.775 0.6765625 0.0140625 0.55
11 0.85625 0.665625 0.0171875 0.5421875
3 0.896875 0.7359375 0.01875 0.528125
3 0.928125 0.4375 0.0234375 0.534375
11 0.953125 0.7328125 0.0171875 0.534375
11 0.99375 0.715625 0.0125 0.5671875