0 0.025 0.49375 0.0484375 0.809375
3 0.140625 0.271875 0.0375 0.475
3 0.2453125 0.353125 0.0296875 0.5515625
3 0.3546875 0.78125 0.0453125 0.4359375
3 0.4 0.6015625 0.0359375 0.796875
3 0.446875 0.6140625 0.0296875 0.7453125
3 0.496875 0.58125 0.0484375 0.76875
3 0.6828125 0.4609375 0.0328125 0.6015625
3 0.79375 0.428125 0.0390625 0.8546875
3 0.84375 0.2390625 0.034375 0.478125
3 0.903125 0.2671875 0.0359375 0.534375
3 0.94921875 0.24375 0.0359375 0.4875
2 0.73125 0.7046875 0.0265625 0.3375
1 0.871875 0.496875 0.03125 0.2890625
13 0.203125 0.315625 0.0453125 0.484375
13 0.303125 0.384375 0.040625 0.56875
13 0.640625 0.409375 0.04375 0.5375
13 0.753125 0.478125 0.034375 0.5796875
3 0.5828125 0.359375 0.03125 0.5515625