2 0.021875 0.2515625 0.01875 0.4578125
12 0.178125 0.575 0.0234375 0.4765625
4 0.234375 0.5875 0.01875 0.3390625
4 0.3875 0.578125 0.015625 0.3203125
4 0.515625 0.578125 0.0171875 0.3203125
3 0.271875 0.7234375 0.0234375 0.553125
11 0.3328125 0.709375 0.0234375 0.578125
11 0.459375 0.6375 0.021875 0.6890625
11 0.6125 0.4734375 0.025 0.7015625
11 0.665625 0.4671875 0.025 0.7015625
11 0.7234375 0.3890625 0.0265625 0.7078125
3 0.421875 0.621875 0.0234375 0.6953125
3 0.559375 0.4015625 0.0375 0.7203125
3 0.909375 0.325 0.0234375 0.6484375
3 0.94296875 0.67109375 0.0265625 0.6578125
3 0.978125 0.565625 0.025 0.7203125
13 0.8578125 0.4 0.025 0.7984375
13 0.884375 0.36875 0.021875 0.7375
12 0.778125 0.565625 0.0203125 0.5203125