12 0.7859375 0.396875 0.0328125 0.740625
12 0.70625 0.409375 0.03125 0.5890625
12 0.63125 0.446875 0.0390625 0.6703125
12 0.55 0.403125 0.0390625 0.584375
3 0.4796875 0.50625 0.0515625 0.75625
3 0.41875 0.325 0.0390625 0.6484375
3 0.325 0.325 0.0296875 0.6484375
13 0.38046875 0.39375 0.0296875 0.7875
13 0.35 0.396875 0.0296875 0.725
11 0.28125 0.3203125 0.0375 0.628125
3 0.215625 0.45 0.0484375 0.678125
11 0.1734375 0.56875 0.034375 0.628125
3 0.1125 0.50625 0.0453125 0.690625
4 0.0734375 0.459375 0.0234375 0.3046875
4 0.0375 0.4484375 0.03125 0.3234375
3 0.00546875 0.315625 0.0109375 0.63125