0 0.025 0.51875 0.04375 0.9609375
1 0.05625 0.303125 0.0171875 0.3796875
1 0.071875 0.471875 0.0140625 0.3140625
1 0.0859375 0.2515625 0.015625 0.3859375
1 0.103125 0.44375 0.0171875 0.3875
8 0.26875 0.715625 0.0203125 0.5671875
11 0.3375 0.540625 0.025 0.5953125
11 0.384375 0.5421875 0.0265625 0.5609375
11 0.45 0.30625 0.025 0.603125
11 0.49375 0.3203125 0.03125 0.640625
11 0.5375 0.309375 0.0265625 0.603125
3 0.584375 0.69375 0.0265625 0.5921875
3 0.615625 0.634375 0.0234375 0.5640625
8 0.6625 0.55625 0.0171875 0.5640625
11 0.753125 0.5890625 0.025 0.5921875
11 0.815625 0.5625 0.021875 0.56875
11 0.8625 0.715625 0.0234375 0.5671875
11 0.909375 0.5453125 0.021875 0.565625
11 0.9515625 0.6 0.0203125 0.534375