1 0.98125 0.6375 0.015625 0.3625
8 0.7890625 0.6234375 0.0234375 0.571875
11 0.7109375 0.403125 0.01875 0.5828125
11 0.5875 0.290625 0.01875 0.5375
11 0.534375 0.559375 0.0234375 0.5765625
11 0.384375 0.425 0.0203125 0.5484375
11 0.33125 0.284375 0.0203125 0.5484375
11 0.00625 0.5625 0.0125 0.5671875
3 0.64375 0.425 0.0234375 0.5484375
3 0.19375 0.3578125 0.021875 0.571875
3 0.1375 0.4140625 0.0203125 0.5828125
3 0.103125 0.246875 0.021875 0.49375
3 0.0359375 0.553125 0.0203125 0.5890625
12 0.28125 0.4140625 0.01875 0.4359375
4 0.228125 0.409375 0.015625 0.24375
4 0.06875 0.409375 0.0171875 0.2546875