4 0.071875 0.4890625 0.01875 0.275
3 0.103125 0.5390625 0.0296875 0.5734375
3 0.1359375 0.603125 0.021875 0.54375
3 0.178125 0.690625 0.0203125 0.5828125
3 0.215625 0.4453125 0.0328125 0.5875
3 0.26875 0.3703125 0.034375 0.5390625
2 0.1578125 0.478125 0.01875 0.415625
2 0.24375 0.534375 0.0140625 0.5140625
2 0.3140625 0.484375 0.01875 0.45625
3 0.334375 0.66875 0.025 0.5390625
3 0.3734375 0.4359375 0.0359375 0.56875
11 0.4046875 0.56875 0.0234375 0.5859375
3 0.453125 0.7296875 0.0203125 0.5390625
13 0.484375 0.703125 0.0234375 0.59375
13 0.509375 0.6625 0.0234375 0.6734375
2 0.434375 0.55625 0.0203125 0.390625
2 0.55 0.4796875 0.01875 0.4109375
8 0.571875 0.70625 0.0234375 0.5875
3 0.64375 0.578125 0.025 0.61875
3 0.678125 0.615625 0.028125 0.5765625
3 0.7125 0.703125 0.028125 0.5625
3 0.753125 0.425 0.034375 0.578125
3 0.7890625 0.371875 0.034375 0.55
3 0.8375 0.6828125 0.028125 0.5765625
3 0.875 0.446875 0.0375 0.5484375
11 0.90625 0.378125 0.0265625 0.590625
2 0.9390625 0.1625 0.015625 0.325
3 0.959375 0.33125 0.025 0.5203125
3 0.98671875 0.2828125 0.0265625 0.540625
3 0.99921875 0.2828125 0.0015625 0.540625