8 0.2453125 0.30625 0.028125 0.6125
8 0.14375 0.3875 0.0296875 0.6640625
1 0.028125 0.3671875 0.0203125 0.4109375
1 0.046875 0.18125 0.0203125 0.3609375
1 0.221875 0.440625 0.0203125 0.4109375
11 0.38125 0.38125 0.028125 0.634375
11 0.4484375 0.596875 0.0265625 0.634375
11 0.73125 0.4578125 0.0265625 0.64375
11 0.93125 0.3734375 0.028125 0.646875
11 0.8625 0.596875 0.0296875 0.6265625
3 0.515625 0.6265625 0.0265625 0.746875
3 0.565625 0.671875 0.028125 0.6296875
3 0.6078125 0.625 0.0359375 0.7078125
3 0.6484375 0.603125 0.040625 0.76875
3 0.81875 0.525 0.028125 0.6296875