2 0.934375 0.30625 0.034375 0.5125
2 0.909375 0.5203125 0.025 0.4375
2 0.8859375 0.2140625 0.0265625 0.4015625
12 0.64375 0.540625 0.0296875 0.6359375
11 0.58125 0.6 0.034375 0.684375
3 0.515625 0.709375 0.0328125 0.5796875
3 0.471875 0.6625 0.03125 0.65625
3 0.403125 0.6 0.0265625 0.6390625
13 0.3484375 0.603125 0.0265625 0.7140625
11 0.31875 0.534375 0.025 0.671875
11 0.25625 0.4359375 0.0328125 0.7125
3 0.1703125 0.60625 0.0421875 0.7859375
3 0.1 0.353125 0.034375 0.70625
13 0.04375 0.340625 0.03125 0.68125
11 0.0140625 0.45625 0.025 0.5859375