0 0.0375 0.55 0.0609375 0.9
4 0.165625 0.553125 0.025 0.2390625
3 0.21875 0.4171875 0.0375 0.55625
3 0.2671875 0.3828125 0.0546875 0.625
3 0.36875 0.4390625 0.034375 0.5953125
13 0.421875 0.396875 0.0421875 0.6375
13 0.459375 0.359375 0.0390625 0.70625
3 0.5 0.3359375 0.0390625 0.671875
3 0.5921875 0.4671875 0.0375 0.6578125
3 0.8390625 0.64375 0.0375 0.6140625
13 0.646875 0.45 0.0390625 0.7765625
13 0.6859375 0.4875 0.0328125 0.7234375
13 0.7234375 0.515625 0.0328125 0.6640625
13 0.7625 0.534375 0.0375 0.6375
13 0.89375 0.6015625 0.0359375 0.628125
13 0.953125 0.5328125 0.0359375 0.6578125
3 0.9859375 0.496875 0.028125 0.7359375