0 0.0171875 0.515625 0.0328125 0.96875
2 0.0421875 0.24375 0.0125 0.4875
2 0.053125 0.41875 0.0203125 0.365625
5 0.10625 0.834375 0.0171875 0.190625
8 0.215625 0.546875 0.0203125 0.728125
8 0.2875 0.5125 0.0171875 0.634375
8 0.340625 0.396875 0.0171875 0.675
8 0.39375 0.3375 0.0203125 0.5921875
11 0.465625 0.6859375 0.015625 0.628125
8 0.51875 0.653125 0.0171875 0.63125
8 0.575 0.5921875 0.021875 0.6390625
8 0.63203125 0.66796875 0.0171875 0.6640625
8 0.6859375 0.3625 0.0234375 0.725
8 0.759375 0.328125 0.0171875 0.5859375
8 0.815625 0.4 0.015625 0.634375
8 0.8734375 0.41875 0.0234375 0.790625
11 0.925 0.475 0.021875 0.690625
11 0.9625 0.515625 0.0234375 0.78125