0 0.96875 0.5 0.0625 1
1 0.9171875 0.5921875 0.0328125 0.4953125
1 0.890625 0.78125 0.0296875 0.40625
1 0.8609375 0.48125 0.0265625 0.490625
3 0.74375 0.60625 0.0390625 0.740625
3 0.6875 0.6375 0.0515625 0.725
3 0.590625 0.2921875 0.0390625 0.584375
13 0.53125 0.3171875 0.040625 0.634375
3 0.4875 0.3125 0.0328125 0.625
3 0.43046875 0.70859375 0.0484375 0.5828125
3 0.37734375 0.62109375 0.0453125 0.7578125
3 0.321875 0.5765625 0.0390625 0.8390625
3 0.2359375 0.578125 0.04375 0.6671875
3 0.184375 0.553125 0.0390625 0.6984375
3 0.134375 0.534375 0.034375 0.7140625
3 0.046875 0.634375 0.028125 0.6203125