0 0.028125 0.5859375 0.04375 0.828125
1 0.071875 0.5265625 0.0171875 0.3109375
1 0.090625 0.3390625 0.0171875 0.303125
3 0.1921875 0.303125 0.028125 0.60625
3 0.2875 0.465625 0.021875 0.484375
3 0.325 0.46875 0.0234375 0.503125
3 0.3625 0.465625 0.0265625 0.50625
3 0.4015625 0.465625 0.0234375 0.4984375
3 0.521875 0.559375 0.0265625 0.675
3 0.596875 0.471875 0.0265625 0.4875
4 0.5609375 0.5875 0.01875 0.221875
2 0.475 0.34375 0.01875 0.321875
3 0.6625 0.53125 0.025 0.6
3 0.7625 0.35625 0.0234375 0.615625
3 0.7953125 0.4140625 0.034375 0.5515625
3 0.8390625 0.421875 0.03125 0.640625
13 0.440625 0.559375 0.0234375 0.696875
13 0.696875 0.49375 0.028125 0.65625
13 0.875 0.43125 0.028125 0.6375
11 0.940625 0.296875 0.0265625 0.58125