0 0.021875 0.5 0.0359375 1
1 0.053125 0.39375 0.0125 0.396875
1 0.065625 0.1875 0.0125 0.3734375
1 0.0796875 0.4828125 0.0125 0.384375
1 0.090625 0.25625 0.0125 0.390625
8 0.153125 0.625 0.0171875 0.625
8 0.31875 0.628125 0.0203125 0.609375
8 0.45625 0.3546875 0.0203125 0.6203125
8 0.60625 0.475 0.0203125 0.625
8 0.74375 0.5609375 0.01875 0.63125
8 0.88125 0.5625 0.0203125 0.625
13 0.221875 0.6640625 0.01875 0.6484375
13 0.24375 0.6109375 0.0203125 0.7203125
3 0.265625 0.5625 0.0203125 0.7703125
3 0.528125 0.4125 0.0234375 0.6359375
3 0.553125 0.434375 0.0203125 0.659375
11 0.3875 0.6921875 0.0203125 0.6140625
11 0.815625 0.5609375 0.01875 0.653125
11 0.95 0.553125 0.01875 0.6359375
12 0.678125 0.496875 0.015625 0.46875