0 0.040625 0.5 0.08125 1
1 0.1140625 0.590625 0.0515625 0.4171875
1 0.15625 0.784375 0.059375 0.3546875
1 0.2015625 0.5109375 0.04375 0.4171875
13 0.38125 0.496875 0.0671875 0.79375
13 0.44375 0.590625 0.05 0.678125
13 0.4953125 0.634375 0.0609375 0.73125
13 0.55234375 0.70546875 0.0578125 0.5890625
13 0.65625 0.290625 0.05 0.58125
13 0.7125 0.41875 0.059375 0.8359375
13 0.76875 0.4515625 0.0484375 0.696875
13 0.8265625 0.434375 0.053125 0.68125
13 0.8921875 0.771875 0.059375 0.4546875
13 0.9453125 0.5 0.046875 1
13 0.9890625 0.5 0.021875 1