0 0.034375 0.43125 0.06875 0.8625
2 0.084375 0.596875 0.028125 0.3484375
2 0.1109375 0.4375 0.03125 0.35625
3 0.20625 0.53125 0.0453125 0.534375
3 0.2625 0.5125 0.0515625 0.5
4 0.3015625 0.365625 0.0265625 0.2625
3 0.346875 0.5484375 0.0375 0.5296875
13 0.390625 0.5609375 0.03125 0.60625
13 0.4234375 0.5078125 0.028125 0.5671875
3 0.45625 0.4875 0.0296875 0.5296875
4 0.5046875 0.3859375 0.0328125 0.2734375
3 0.55 0.6765625 0.0453125 0.5828125
8 0.6609375 0.4484375 0.0359375 0.621875
13 0.7625 0.3875 0.040625 0.6
13 0.7984375 0.38125 0.028125 0.53125
13 0.8296875 0.4125 0.0328125 0.565625
13 0.859375 0.41875 0.028125 0.6359375
13 0.8921875 0.4578125 0.0296875 0.7109375
13 0.9234375 0.384375 0.03125 0.6359375
13 0.953125 0.35 0.0265625 0.584375
13 0.9859375 0.325 0.028125 0.55