2 0.084375 0.378125 0.01875 0.353125
2 0.1 0.5625 0.015625 0.353125
4 0.8921875 0.5203125 0.0234375 0.2265625
3 0.19375 0.28125 0.03125 0.5546875
3 0.2984375 0.2703125 0.025 0.528125
3 0.3359375 0.271875 0.04375 0.53125
3 0.3859375 0.48125 0.0265625 0.9625
3 0.49375 0.615625 0.0265625 0.64375
3 0.528125 0.6953125 0.0421875 0.5203125
3 0.6125 0.284375 0.0328125 0.5546875
3 0.71875 0.26875 0.0296875 0.5375
3 0.753125 0.271875 0.0390625 0.5375
3 0.803125 0.471875 0.028125 0.921875
3 0.8390625 0.684375 0.0421875 0.528125
13 0.2359375 0.284375 0.03125 0.546875
13 0.265625 0.28125 0.0328125 0.5421875
13 0.425 0.703125 0.0328125 0.5453125
13 0.459375 0.684375 0.03125 0.6203125
13 0.65 0.2828125 0.03125 0.5453125
13 0.6828125 0.2875 0.0328125 0.5546875
13 0.9359375 0.309375 0.028125 0.6
13 0.9671875 0.3375 0.034375 0.565625