11 0.95625 0.3046875 0.0265625 0.609375
3 0.865625 0.5125 0.028125 0.70625
3 0.825 0.5 0.0328125 0.7015625
3 0.7875 0.515625 0.034375 0.7015625
11 0.7125 0.590625 0.03125 0.690625
3 0.6390625 0.4859375 0.0421875 0.684375
3 0.33046875 0.340625 0.0265625 0.68125
3 0.2953125 0.340625 0.040625 0.68125
3 0.1484375 0.575 0.0265625 0.7015625
11 0.46875 0.3453125 0.021875 0.690625
11 0.215625 0.4140625 0.025 0.6796875
4 0.60625 0.4625 0.01875 0.3265625
4 0.1078125 0.4671875 0.01875 0.3265625
12 0.5625 0.5046875 0.01875 0.5390625
12 0.065625 0.49375 0.0203125 0.51875
13 0.3875 0.384375 0.0234375 0.7390625
13 0.3625 0.41875 0.0296875 0.8375