11 0.946875 0.6265625 0.0546875 0.509375
11 0.834375 0.496875 0.0359375 0.5515625
8 0.7765625 0.4671875 0.0390625 0.55625
8 0.65625 0.403125 0.0421875 0.5359375
8 0.425 0.6890625 0.0328125 0.590625
11 0.56875 0.4125 0.05 0.6015625
11 0.48125 0.625 0.034375 0.590625
13 0.3078125 0.325 0.0375 0.65
13 0.278125 0.4671875 0.025 0.934375
13 0.165625 0.5484375 0.021875 0.903125
13 0.13671875 0.57109375 0.0296875 0.8578125
13 0.190625 0.75625 0.03125 0.4875
13 0.1125 0.5671875 0.025 0.7796875
13 0.084375 0.603125 0.0203125 0.6765625
13 0.0375 0.64375 0.0265625 0.671875
13 0.0125 0.69375 0.0234375 0.609375
2 0.0625 0.41875 0.025 0.3953125
3 0.2515625 0.221875 0.025 0.4421875
13 0.215625 0.64609375 0.025 0.7078125