1 0.084375 0.3359375 0.025 0.328125
12 0.1875 0.5375 0.0359375 0.41875
11 0.265625 0.5640625 0.0296875 0.5515625
13 0.359375 0.5109375 0.028125 0.509375
13 0.39375 0.465625 0.03125 0.5484375
1 0.42265625 0.159375 0.0265625 0.31875
3 0.453125 0.4015625 0.025 0.5171875
3 0.503125 0.45 0.0390625 0.5484375
2 0.5828125 0.3203125 0.021875 0.3359375
11 0.609375 0.496875 0.028125 0.521875
3 0.684375 0.4421875 0.03125 0.534375
3 0.7390625 0.490625 0.03125 0.5078125
3 0.7921875 0.5640625 0.0234375 0.5
3 0.8421875 0.51875 0.034375 0.55625
1 0.871875 0.390625 0.0203125 0.3203125
3 0.9 0.621875 0.0265625 0.4765625
13 0.96875 0.6875 0.0375 0.5046875