0 0.0296875 0.528125 0.04375 0.7921875
2 0.0734375 0.290625 0.01875 0.3375
2 0.09375 0.4546875 0.01875 0.334375
3 0.2125 0.6390625 0.0421875 0.471875
11 0.309375 0.51875 0.03125 0.503125
11 0.3703125 0.4046875 0.0265625 0.490625
3 0.43359375 0.240625 0.0328125 0.48125
3 0.475 0.4375 0.028125 0.875
3 0.515625 0.4390625 0.0328125 0.878125
3 0.55234375 0.24375 0.0265625 0.4875
3 0.653125 0.68125 0.028125 0.5765625
13 0.6921875 0.7125 0.0234375 0.575
13 0.721875 0.753125 0.0265625 0.49375
3 0.7515625 0.684375 0.0265625 0.471875
3 0.7875 0.65 0.0375 0.521875
3 0.8359375 0.25 0.0328125 0.49375
3 0.878125 0.4375 0.03125 0.875
3 0.91875 0.4375 0.0296875 0.875
3 0.95625 0.240625 0.028125 0.48125