0 0.978125 0.515625 0.0421875 0.9421875
1 0.925 0.60625 0.0265625 0.36875
1 0.896875 0.8078125 0.025 0.3671875
1 0.871875 0.546875 0.0234375 0.3546875
1 0.84375 0.746875 0.0265625 0.38125
13 0.70859375 0.4 0.0390625 0.8
13 0.665625 0.334375 0.0390625 0.66875
13 0.61875 0.3125 0.0390625 0.625
13 0.5734375 0.271875 0.0453125 0.54375
13 0.5265625 0.609375 0.046875 0.7796875
13 0.48125 0.534375 0.0390625 0.69375
13 0.4328125 0.4796875 0.0375 0.6515625
13 0.365625 0.440625 0.04375 0.60625
11 0.2546875 0.521875 0.040625 0.5515625
4 0.15625 0.515625 0.0328125 0.246875
13 0.0875 0.484375 0.040625 0.7953125
13 0.0421875 0.371875 0.0421875 0.5828125