8 0.934375 0.309375 0.0234375 0.609375
11 0.84375 0.315625 0.0234375 0.5984375
3 0.76875 0.3203125 0.0234375 0.5875
11 0.703125 0.3890625 0.021875 0.609375
11 0.590625 0.4625 0.0234375 0.61875
11 0.196875 0.3171875 0.0234375 0.6140625
3 0.628125 0.390625 0.0265625 0.603125
3 0.4921875 0.60625 0.0234375 0.61875
3 0.428125 0.390625 0.0265625 0.7203125
3 0.396875 0.309375 0.034375 0.5875
3 0.3125 0.609375 0.0234375 0.625
3 0.275 0.434375 0.0234375 0.6671875
3 0.2421875 0.390625 0.0359375 0.6140625
4 0.5296875 0.4390625 0.0203125 0.2859375
4 0.35 0.4421875 0.0203125 0.2703125
8 0.1125 0.278125 0.0234375 0.55625