0 0.01796875 0.50234375 0.0265625 0.9953125
1 0.040625 0.40625 0.0109375 0.39375
1 0.053125 0.19375 0.0125 0.35
8 0.2234375 0.690625 0.015625 0.6171875
5 0.303125 0.553125 0.01875 0.1859375
8 0.396875 0.49375 0.0140625 0.6
2 0.384375 0.6984375 0.0125 0.4359375
5 0.478125 0.6234375 0.0171875 0.18125
8 0.56875 0.565625 0.0125 0.621875
8 0.646875 0.69375 0.0125 0.5796875
8 0.7078125 0.6203125 0.0125 0.60625
11 0.784375 0.68125 0.015625 0.56875
5 0.846875 0.553125 0.01875 0.178125
8 0.9375 0.559375 0.0125 0.6265625