0 0.015625 0.50625 0.03125 0.9859375
2 0.040625 0.2609375 0.0125 0.409375
2 0.05 0.45625 0.009375 0.4015625
2 0.059375 0.2 0.0109375 0.4
12 0.10625 0.521875 0.0140625 0.3890625
12 0.15 0.5265625 0.015625 0.4140625
11 0.190625 0.3875 0.0203125 0.5921875
5 0.2515625 0.65 0.0171875 0.1765625
8 0.346875 0.39375 0.01875 0.5953125
5 0.428125 0.546875 0.01875 0.1921875
8 0.525 0.53125 0.015625 0.6296875
8 0.603125 0.590625 0.0140625 0.63125
11 0.684375 0.584375 0.01875 0.59375
5 0.7265625 0.09375 0.025 0.165625
5 0.840625 0.4703125 0.0234375 0.165625
8 0.934375 0.6421875 0.0203125 0.6140625