1 0.0546875 0.3578125 0.0171875 0.371875
1 0.071875 0.565625 0.0203125 0.3984375
11 0.3078125 0.459375 0.0265625 0.5109375
11 0.359375 0.55625 0.021875 0.4796875
11 0.565625 0.45625 0.0265625 0.484375
11 0.95 0.5265625 0.028125 0.5375
1 0.340625 0.35 0.0171875 0.3765625
4 0.409375 0.540625 0.021875 0.30625
12 0.25625 0.55625 0.0328125 0.4890625
3 0.4453125 0.396875 0.028125 0.515625
3 0.5 0.575 0.028125 0.6890625
3 0.53125 0.6265625 0.0265625 0.565625
3 0.6171875 0.7015625 0.03125 0.54375
3 0.65 0.665625 0.0265625 0.58125
3 0.6796875 0.59375 0.03125 0.6078125
3 0.715625 0.5859375 0.028125 0.5921875
3 0.790625 0.6421875 0.025 0.575
13 0.821875 0.61875 0.0234375 0.5921875
13 0.846875 0.578125 0.025 0.671875
8 0.8734375 0.46875 0.0328125 0.5265625