0 0.0171875 0.5 0.0296875 1
5 0.0765625 0.2625 0.015625 0.1328125
8 0.1640625 0.4921875 0.0140625 0.59375
12 0.2234375 0.5 0.0140625 0.4375
11 0.2609375 0.4765625 0.0140625 0.609375
11 0.2984375 0.4140625 0.0140625 0.59375
11 0.3375 0.34375 0.0140625 0.578125
11 0.4328125 0.340625 0.0140625 0.5859375
11 0.471875 0.4875 0.0140625 0.6015625
11 0.5453125 0.4875 0.0125 0.6015625
11 0.584375 0.621875 0.0125 0.5859375
11 0.621875 0.5625 0.0140625 0.59375
11 0.775 0.565625 0.015625 0.5859375
11 0.8140625 0.496875 0.0140625 0.6171875
8 0.375 0.34375 0.0125 0.609375
8 0.659375 0.7 0.0125 0.5859375
8 0.71875 0.628125 0.0140625 0.6015625
8 0.853125 0.425 0.0140625 0.5859375
2 0.2875 0.215625 0.0125 0.4140625
2 0.70625 0.40625 0.0125 0.421875
5 0.9109375 0.26875 0.015625 0.1640625
3 0.521875 0.4875 0.0125 0.6015625