0 0.028125 0.528125 0.046875 0.834375
2 0.0671875 0.346875 0.0296875 0.3890625
2 0.090625 0.4546875 0.0234375 0.3828125
3 0.1625 0.6515625 0.04375 0.5359375
3 0.203125 0.615625 0.0296875 0.525
3 0.5640625 0.634375 0.0421875 0.58125
3 0.66875 0.6375 0.0421875 0.525
11 0.60625 0.634375 0.0328125 0.5203125
3 0.2453125 0.5125 0.03125 0.58125
3 0.3375 0.403125 0.03125 0.565625
3 0.725 0.371875 0.0375 0.6625
3 0.815625 0.7015625 0.0265625 0.596875
3 0.909375 0.6109375 0.03125 0.6765625
13 0.28125 0.571875 0.0265625 0.6765625
13 0.309375 0.515625 0.025 0.5859375
13 0.375 0.4546875 0.03125 0.646875
13 0.403125 0.4125 0.0265625 0.540625
13 0.7625 0.465625 0.028125 0.728125
13 0.790625 0.396875 0.0265625 0.590625
13 0.8484375 0.7359375 0.03125 0.528125
13 0.878125 0.696875 0.0265625 0.5859375
13 0.94375 0.659375 0.025 0.590625
13 0.971875 0.6109375 0.021875 0.696875
13 0.4484375 0.26875 0.0375 0.5359375
13 0.4796875 0.428125 0.0234375 0.8546875
13 0.50625 0.384375 0.025 0.7484375
13 0.5328125 0.35 0.028125 0.7