1 0.05546875 0.1875 0.0203125 0.375
1 0.0734375 0.4859375 0.0234375 0.4296875
11 0.140625 0.61875 0.0203125 0.5484375
11 0.1859375 0.615625 0.021875 0.5921875
8 0.23125 0.49375 0.0234375 0.665625
8 0.30625 0.5625 0.021875 0.6203125
1 0.2875 0.278125 0.0203125 0.4109375
11 0.4 0.63125 0.0234375 0.6453125
8 0.4484375 0.440625 0.021875 0.671875
11 0.521875 0.4859375 0.0171875 0.6015625
11 0.5875 0.340625 0.0234375 0.68125
11 0.6375 0.315625 0.0234375 0.6296875
11 0.68125 0.35625 0.01875 0.6140625
3 0.74375 0.38125 0.021875 0.6515625
11 0.809375 0.4921875 0.0203125 0.6390625
11 0.8546875 0.528125 0.0296875 0.6609375
11 0.9046875 0.4640625 0.0265625 0.71875
11 0.953125 0.65 0.028125 0.671875