1 0.0875 0.325 0.025 0.34375
8 0.190625 0.3421875 0.0328125 0.50625
8 0.478125 0.3390625 0.0328125 0.5171875
1 0.278125 0.159375 0.0203125 0.3171875
1 0.5671875 0.159375 0.021875 0.3171875
13 0.30625 0.446875 0.025 0.6140625
13 0.3375 0.4859375 0.0359375 0.578125
13 0.375 0.56875 0.03125 0.5984375
13 0.409375 0.603125 0.0359375 0.546875
13 0.59375 0.440625 0.0296875 0.5859375
13 0.628125 0.46875 0.034375 0.5328125
13 0.6625 0.5609375 0.03125 0.578125
13 0.696875 0.5921875 0.034375 0.5390625
11 0.765625 0.571875 0.03125 0.509375
11 0.84375 0.640625 0.0296875 0.490625
12 0.921875 0.5265625 0.021875 0.3640625