1 0.9859375 0.7125 0.025 0.396875
1 0.95625 0.415625 0.0234375 0.3875
1 0.925 0.640625 0.0234375 0.403125
1 0.896875 0.346875 0.0234375 0.396875
13 0.771875 0.55625 0.0359375 0.8875
13 0.259375 0.2828125 0.0328125 0.565625
13 0.21796875 0.253125 0.0421875 0.50625
13 0.1703125 0.365625 0.0390625 0.6921875
13 0.1125 0.33125 0.05 0.6609375
13 0.059375 0.465625 0.0359375 0.66875
13 0.021875 0.5484375 0.0421875 0.775
11 0.478125 0.340625 0.0375 0.615625
3 0.3859375 0.40625 0.0375 0.6125
3 0.665625 0.4515625 0.0359375 0.68125
3 0.615625 0.415625 0.0546875 0.6046875
1 0.2890625 0.56875 0.025 0.39375