0 0.034375 0.540625 0.0515625 0.8421875
2 0.084375 0.3 0.0203125 0.359375
2 0.10625 0.4828125 0.0234375 0.35625
12 0.365625 0.53125 0.0234375 0.38125
4 0.4375 0.546875 0.021875 0.25
3 0.490625 0.4171875 0.0484375 0.4984375
3 0.6109375 0.7140625 0.028125 0.4890625
3 0.65625 0.71875 0.0265625 0.5234375
3 0.703125 0.7171875 0.03125 0.528125
3 0.9625 0.4140625 0.0484375 0.5109375
13 0.56875 0.540625 0.0203125 0.778125
13 0.78125 0.34375 0.03125 0.559375
13 0.8140625 0.4109375 0.03125 0.6765625
13 0.84375 0.653125 0.0265625 0.6390625
13 0.875 0.7328125 0.0296875 0.534375