1 0.015625 0.275 0.0265625 0.3828125
1 0.04375 0.540625 0.01875 0.428125
3 0.3015625 0.540625 0.0265625 0.6578125
13 0.340625 0.5484375 0.0328125 0.59375
13 0.375 0.540625 0.0296875 0.634375
3 0.40625 0.46875 0.0296875 0.6921875
3 0.45 0.41875 0.0375 0.675
3 0.496875 0.55625 0.0375 0.6375
3 0.5421875 0.559375 0.03125 0.6984375
12 0.584375 0.49375 0.028125 0.5625
11 0.6828125 0.53125 0.028125 0.6953125
13 0.759375 0.353125 0.0546875 0.65
13 0.8140625 0.3453125 0.05 0.634375
3 0.859375 0.346875 0.04375 0.596875
3 0.9109375 0.3234375 0.046875 0.6171875
3 0.95625 0.475 0.0453125 0.6234375
3 0.9890625 0.484375 0.021875 0.6453125