1 0.0703125 0.328125 0.0265625 0.315625
1 0.0921875 0.559375 0.0203125 0.3796875
3 0.303125 0.5625 0.0328125 0.5765625
11 0.346875 0.565625 0.0265625 0.59375
13 0.409375 0.6 0.0234375 0.590625
13 0.434375 0.51875 0.028125 0.6421875
3 0.49375 0.35 0.0328125 0.5140625
11 0.53125 0.3359375 0.03125 0.5609375
3 0.64375 0.34375 0.0359375 0.5546875
3 0.684375 0.446875 0.03125 0.68125
3 0.721875 0.5 0.0296875 0.61875
3 0.765625 0.515625 0.034375 0.5796875
13 0.83125 0.621875 0.0296875 0.615625
13 0.8625 0.66875 0.028125 0.5765625
3 0.89375 0.5875 0.0296875 0.5359375
12 0.9359375 0.53125 0.0265625 0.4515625