1 0.96875 0.346875 0.0125 0.3484375
1 0.95625 0.609375 0.0125 0.3765625
1 0.94375 0.425 0.0109375 0.36875
8 0.790625 0.5546875 0.015625 0.5734375
8 0.678125 0.5546875 0.015625 0.5875
11 0.5625 0.5625 0.0171875 0.5859375
11 0.46875 0.48125 0.0140625 0.5578125
11 0.4 0.496875 0.015625 0.54375
11 0.353125 0.6234375 0.015625 0.5515625
11 0.3046875 0.7421875 0.015625 0.515625
11 0.175 0.56875 0.0171875 0.5578125
12 0.515625 0.5578125 0.0125 0.40625
12 0.1265625 0.54375 0.0125 0.4203125
3 0.2359375 0.4640625 0.015625 0.6375
3 0.059375 0.5578125 0.01875 0.725
13 0.196875 0.5359375 0.0203125 0.68125
13 0.01875 0.675 0.021875 0.6234375