0 0.028125 0.49375 0.040625 0.75625
1 0.0671875 0.41875 0.015625 0.290625
3 0.2640625 0.590625 0.0234375 0.4484375
3 0.3015625 0.603125 0.0203125 0.4625
3 0.340625 0.59375 0.028125 0.4375
3 0.403125 0.60625 0.021875 0.4765625
3 0.440625 0.565625 0.0265625 0.5078125
3 0.4828125 0.59375 0.028125 0.4453125
3 0.640625 0.378125 0.0390625 0.45625
3 0.9671875 0.4921875 0.0390625 0.4453125
3 0.8828125 0.590625 0.025 0.4515625
3 0.91875 0.546875 0.0296875 0.4796875
11 0.575 0.634375 0.0265625 0.465625
13 0.69609375 0.75859375 0.0234375 0.4828125
13 0.721875 0.6453125 0.0234375 0.709375
13 0.7484375 0.628125 0.0234375 0.55
13 0.775 0.665625 0.0234375 0.5109375
13 0.80625 0.353125 0.025 0.496875
13 0.83125 0.3921875 0.025 0.553125