0 0.97421875 0.5 0.0515625 1
2 0.9375 0.709375 0.0296875 0.5375
2 0.9125 0.5171875 0.025 0.5015625
11 0.8171875 0.6875 0.0375 0.625
11 0.74609375 0.72734375 0.0390625 0.5453125
13 0.68125 0.571875 0.0390625 0.8390625
13 0.6453125 0.5421875 0.03125 0.7296875
13 0.6125 0.509375 0.03125 0.6859375
13 0.5828125 0.440625 0.0359375 0.6453125
13 0.5484375 0.365625 0.028125 0.5921875
13 0.515625 0.40625 0.03125 0.70625
13 0.4875 0.46875 0.0328125 0.7203125
13 0.45625 0.509375 0.0359375 0.7765625
11 0.390625 0.65 0.0390625 0.6625
11 0.32109375 0.69609375 0.0359375 0.6078125
13 0.253125 0.5671875 0.0296875 0.865625
13 0.221875 0.525 0.0296875 0.7453125
13 0.1890625 0.475 0.0265625 0.7265625
13 0.15625 0.453125 0.0328125 0.715625
13 0.125 0.3875 0.0265625 0.5859375
13 0.09375 0.415625 0.034375 0.66875
13 0.0625 0.46875 0.028125 0.7296875
13 0.0265625 0.50625 0.034375 0.7359375
0 0.99921875 0.5 0.0015625 1