0 0.96875 0.50625 0.0453125 0.9859375
1 0.925 0.403125 0.01875 0.3578125
1 0.9046875 0.171875 0.01875 0.34375
1 0.88125 0.478125 0.0203125 0.3875
8 0.7890625 0.5453125 0.034375 0.640625
11 0.690625 0.40625 0.0328125 0.603125
13 0.60625 0.45625 0.0328125 0.659375
13 0.578125 0.48125 0.0296875 0.725
8 0.521875 0.6734375 0.03125 0.6109375
8 0.421875 0.33125 0.028125 0.6609375
13 0.2921875 0.5828125 0.0296875 0.65625
13 0.2640625 0.63125 0.0375 0.603125
11 0.23125 0.684375 0.0265625 0.5875
11 0.0875 0.684375 0.03125 0.5421875
13 0.15 0.59375 0.0328125 0.725
13 0.1203125 0.65 0.0421875 0.5921875