0 0.98359375 0.4875 0.0328125 0.8125
2 0.934375 0.7140625 0.0265625 0.309375
2 0.909375 0.553125 0.025 0.3109375
2 0.884375 0.78125 0.0234375 0.3109375
2 0.859375 0.60625 0.025 0.321875
2 0.8328125 0.440625 0.0265625 0.3296875
13 0.659375 0.434375 0.040625 0.4984375
13 0.40625 0.434375 0.0375 0.509375
13 0.115625 0.440625 0.0375 0.4765625
13 0.06875 0.253125 0.0390625 0.50625
13 0.359375 0.65 0.0375 0.6859375
3 0.50625 0.54375 0.0609375 0.471875
3 0.215625 0.60625 0.0609375 0.4890625
0 0.99921875 0.4875 0.0015625 0.8125