0 0.009375 0.5 0.01875 1
1 0.0375 0.5375 0.028125 0.515625
11 0.11875 0.35 0.040625 0.7
11 0.2203125 0.559375 0.0265625 0.7078125
3 0.275 0.496875 0.0234375 0.7171875
3 0.309375 0.528125 0.0234375 0.8078125
11 0.36875 0.35625 0.028125 0.6984375
3 0.425 0.696875 0.0328125 0.6046875
3 0.4640625 0.653125 0.0328125 0.69375
11 0.51875 0.31875 0.0234375 0.6375
11 0.575 0.34375 0.0234375 0.6859375
3 0.6328125 0.709375 0.028125 0.58125
3 0.6671875 0.665625 0.025 0.66875
3 0.70625 0.5625 0.0234375 0.7140625
3 0.740625 0.50625 0.0265625 0.7890625
11 0.796875 0.378125 0.0234375 0.609375
3 0.86875 0.39375 0.028125 0.6234375
3 0.9046875 0.4375 0.028125 0.7296875
3 0.940625 0.525 0.0234375 0.753125
3 0.975 0.5484375 0.0265625 0.74375