2 0.975 0.31875 0.0140625 0.40625
2 0.95859375 0.146875 0.0140625 0.29375
11 0.7796875 0.3984375 0.025 0.6125
11 0.725 0.51875 0.0203125 0.5796875
11 0.6734375 0.2765625 0.0203125 0.553125
11 0.59375 0.45 0.0203125 0.584375
11 0.40703125 0.271875 0.0203125 0.54375
11 0.353125 0.3828125 0.0234375 0.5796875
11 0.3 0.53125 0.021875 0.5625
11 0.221875 0.2765625 0.0234375 0.553125
11 0.034375 0.590625 0.021875 0.5625
12 0.540625 0.378125 0.0234375 0.4609375
12 0.4875 0.39375 0.01875 0.45
12 0.165625 0.378125 0.021875 0.4609375
12 0.1125 0.36875 0.0203125 0.465625