0 0.021875 0.53125 0.0328125 0.9203125
2 0.053125 0.2734375 0.0125 0.4015625
2 0.065625 0.459375 0.0125 0.41875
2 0.08125 0.1953125 0.0125 0.36875
5 0.14375 0.7828125 0.0234375 0.1609375
11 0.26875 0.5296875 0.0203125 0.5578125
11 0.3125 0.459375 0.0203125 0.5515625
8 0.35625 0.3984375 0.0203125 0.575
8 0.6921875 0.66875 0.015625 0.56875
8 0.84375 0.396875 0.0203125 0.56875
5 0.4453125 0.396875 0.021875 0.178125
5 0.5703125 0.4734375 0.0234375 0.1453125
11 0.7796875 0.728125 0.01875 0.540625
11 0.9125 0.4765625 0.01875 0.5296875
11 0.9546875 0.3984375 0.01875 0.540625