0 0.009375 0.3953125 0.01875 0.790625
1 0.034375 0.46875 0.01875 0.30625
1 0.05 0.6515625 0.01875 0.33125
1 0.06875 0.40625 0.0171875 0.33125
1 0.084375 0.609375 0.0234375 0.3484375
8 0.16875 0.446875 0.03125 0.5171875
8 0.2640625 0.415625 0.0375 0.5265625
8 0.3875 0.603125 0.03125 0.51875
3 0.48125 0.54375 0.034375 0.6046875
13 0.51875 0.5734375 0.03125 0.6265625
13 0.5484375 0.534375 0.0265625 0.596875
3 0.578125 0.49375 0.028125 0.5796875
3 0.61875 0.478125 0.0390625 0.5484375
3 0.703125 0.378125 0.0265625 0.6484375
3 0.740625 0.3953125 0.034375 0.68125
3 0.7828125 0.30625 0.025 0.6125
3 0.821875 0.290625 0.0265625 0.5734375
3 0.8703125 0.4703125 0.0296875 0.940625
3 0.909375 0.2734375 0.0296875 0.546875
3 0.95625 0.465625 0.0265625 0.89375
3 0.9890625 0.4703125 0.021875 0.809375
3 0.93125 0.8453125 0.021875 0.309375