0 0.03125 0.5703125 0.04375 0.859375
1 0.078125 0.4859375 0.01875 0.328125
3 0.309375 0.7375 0.046875 0.496875
11 0.353125 0.559375 0.028125 0.525
11 0.66875 0.61875 0.025 0.53125
13 0.609375 0.6234375 0.028125 0.5421875
13 0.7359375 0.690625 0.0265625 0.53125
13 0.76875 0.740625 0.028125 0.5171875
13 0.828125 0.4140625 0.0296875 0.5625
13 0.85625 0.453125 0.028125 0.609375
13 0.9671875 0.615625 0.028125 0.5453125
13 0.45 0.49375 0.03125 0.7703125
13 0.5 0.3578125 0.028125 0.571875
1 0.475 0.48125 0.015625 0.325
3 0.5390625 0.43125 0.04375 0.5140625
3 0.896875 0.565625 0.0453125 0.525