0 0.98984375 0.5 0.0203125 1
1 0.9625 0.371875 0.0296875 0.396875
1 0.940625 0.1875 0.021875 0.375
1 0.9125 0.496875 0.028125 0.4765625
8 0.8125 0.5171875 0.0390625 0.74375
11 0.70625 0.4375 0.0390625 0.640625
13 0.6125 0.4640625 0.0359375 0.79375
13 0.578125 0.5 0.028125 0.8109375
8 0.515625 0.684375 0.0359375 0.6265625
8 0.4109375 0.5328125 0.06875 0.9171875
13 0.26796875 0.58984375 0.0265625 0.8203125
13 0.2359375 0.6390625 0.03125 0.721875
11 0.20625 0.675 0.0265625 0.6484375
0 0.99921875 0.5 0.0015625 1