0 0.01875 0.471875 0.0375 0.94375
2 0.05625 0.75 0.015625 0.425
2 0.071875 0.51875 0.0125 0.43125
2 0.084375 0.8125 0.0140625 0.3734375
8 0.284375 0.321875 0.0234375 0.64375
11 0.36875 0.30625 0.0234375 0.6109375
3 0.440625 0.2859375 0.025 0.571875
11 0.503125 0.590625 0.0265625 0.584375
11 0.559375 0.6015625 0.0234375 0.61875
11 0.721875 0.534375 0.0265625 0.6296875
11 0.9375 0.515625 0.0234375 0.60625
3 0.996875 0.29375 0.00625 0.5875
8 0.828125 0.515625 0.025 0.6296875
8 0.6109375 0.534375 0.025 0.6296875
12 0.7734375 0.4453125 0.0203125 0.4875