0 0.034375 0.459375 0.0515625 0.8421875
2 0.084375 0.7 0.0203125 0.359375
2 0.10625 0.5171875 0.0234375 0.35625
12 0.365625 0.46875 0.0234375 0.38125
4 0.4375 0.453125 0.021875 0.2515625
3 0.490625 0.5828125 0.0484375 0.4984375
3 0.6109375 0.2859375 0.028125 0.4890625
3 0.65625 0.28125 0.0265625 0.5234375
3 0.703125 0.2828125 0.03125 0.528125
3 0.9625 0.5859375 0.0484375 0.5109375
13 0.56875 0.459375 0.0203125 0.778125
13 0.78125 0.65625 0.03125 0.559375
13 0.8140625 0.5890625 0.03125 0.6765625
13 0.84375 0.346875 0.0265625 0.6390625
13 0.875 0.2671875 0.0296875 0.534375