0 0.97734375 0.53671875 0.0421875 0.9265625
2 0.9390625 0.2796875 0.0140625 0.378125
8 0.865625 0.471875 0.025 0.5890625
8 0.615625 0.546875 0.01875 0.5890625
8 0.4265625 0.671875 0.021875 0.59375
8 0.34375 0.515625 0.0234375 0.828125
11 0.7640625 0.409375 0.021875 0.5890625
3 0.6859375 0.4875 0.0265625 0.628125
3 0.653125 0.5171875 0.0328125 0.578125
3 0.534375 0.578125 0.028125 0.6921875
3 0.1625 0.6078125 0.021875 0.59375
3 0.13125 0.6640625 0.03125 0.56875
3 0.0125 0.275 0.025 0.55
13 0.5 0.634375 0.0234375 0.628125
13 0.4734375 0.61875 0.0265625 0.740625
13 0.265625 0.684375 0.0234375 0.5890625
13 0.240625 0.6578125 0.0234375 0.684375
11 0.2125 0.534375 0.025 0.5640625
11 0.065625 0.6890625 0.0234375 0.56875