0 0.028125 0.484375 0.0421875 0.8859375
1 0.0671875 0.3890625 0.015625 0.30625
1 0.0859375 0.2234375 0.015625 0.33125
3 0.178125 0.528125 0.021875 0.534375
3 0.296875 0.2671875 0.0234375 0.5171875
13 0.3328125 0.303125 0.0234375 0.571875
13 0.3546875 0.334375 0.0203125 0.6125
3 0.378125 0.7515625 0.01875 0.496875
3 0.40625 0.546875 0.0328125 0.903125
2 0.4375 0.39375 0.0171875 0.321875
2 0.63125 0.403125 0.0171875 0.3515625
2 0.8625 0.634375 0.0203125 0.3515625
3 0.459375 0.59375 0.0234375 0.5265625
3 0.4875 0.56875 0.034375 0.584375
3 0.75625 0.634375 0.0203125 0.6296875
3 0.9078125 0.340625 0.0234375 0.6
11 0.5296875 0.4625 0.021875 0.5140625
11 0.94375 0.4625 0.021875 0.5046875
13 0.609375 0.54375 0.0234375 0.6421875
13 0.646875 0.609375 0.0296875 0.5421875
13 0.675 0.584375 0.021875 0.6453125
13 0.7 0.565625 0.025 0.7
13 0.790625 0.68125 0.0234375 0.6
13 0.815625 0.7140625 0.0234375 0.5328125
13 0.84375 0.2625 0.0265625 0.525
13 0.884375 0.359375 0.021875 0.6875