1 0.015625 0.6859375 0.0265625 0.5453125
1 0.0359375 0.85625 0.03125 0.2875
1 0.059375 0.6359375 0.0296875 0.4953125
11 0.165625 0.3890625 0.040625 0.778125
3 0.27578125 0.69921875 0.0671875 0.6015625
3 0.3546875 0.6484375 0.0625 0.703125
4 0.4078125 0.55 0.034375 0.4125
4 0.4546875 0.5875 0.0328125 0.409375
3 0.51875 0.5265625 0.05 0.8140625
11 0.559375 0.571875 0.0390625 0.8046875
13 0.659375 0.465625 0.0390625 0.8984375
13 0.7 0.425 0.0359375 0.784375
3 0.7640625 0.38125 0.0359375 0.68125
4 0.821875 0.60625 0.03125 0.375
12 0.871875 0.5703125 0.0421875 0.5734375
11 0.946875 0.425 0.0484375 0.734375