0 0.97734375 0.45 0.0453125 0.9
1 0.9328125 0.3625 0.0203125 0.371875
1 0.909375 0.18125 0.01875 0.3578125
1 0.8875 0.4265625 0.01875 0.3296875
1 0.8625 0.240625 0.01875 0.334375
4 0.76875 0.434375 0.0203125 0.265625
3 0.721875 0.6390625 0.028125 0.721875
3 0.675 0.5796875 0.0359375 0.6765625
3 0.628125 0.5046875 0.034375 0.5890625
3 0.5828125 0.584375 0.03125 0.5546875
3 0.3609375 0.309375 0.0375 0.5515625
3 0.3171875 0.525 0.0375 0.95
3 0.271875 0.49375 0.0328125 0.8171875
3 0.225 0.459375 0.0296875 0.6875
3 0.1796875 0.45 0.028125 0.571875
11 0.534375 0.640625 0.03125 0.5609375
11 0.134375 0.5125 0.0265625 0.571875
13 0.4625 0.2890625 0.0359375 0.578125
13 0.428125 0.33125 0.0265625 0.64375
13 0.0625 0.634375 0.028125 0.65625
13 0.03125 0.6703125 0.0328125 0.6328125
0 0.99921875 0.45 0.0015625 0.9