12 0.8 0.5265625 0.01875 0.4796875
3 0.7515625 0.63125 0.0234375 0.7375
3 0.24375 0.665625 0.0234375 0.6484375
3 0.2125 0.625 0.0265625 0.7421875
3 0.178125 0.54375 0.0234375 0.7015625
3 0.1453125 0.4625 0.028125 0.7015625
11 0.665625 0.428125 0.025 0.675
11 0.615625 0.453125 0.0203125 0.6953125
11 0.5640625 0.4375 0.0234375 0.66875
11 0.5140625 0.36875 0.0265625 0.6890625
11 0.315625 0.3125 0.0234375 0.6234375
11 0.1125 0.34375 0.021875 0.66875
11 0.0625 0.38125 0.021875 0.5796875
11 0.0125 0.3 0.021875 0.5671875
8 0.4421875 0.4421875 0.0203125 0.6890625
12 0.365625 0.515625 0.021875 0.5390625
13 0.7125 0.5875 0.028125 0.7765625