0 0.034375 0.503125 0.065625 0.99375
2 0.0875 0.240625 0.025 0.384375
2 0.115625 0.409375 0.0296875 0.3421875
3 0.2078125 0.44375 0.0453125 0.828125
3 0.25625 0.284375 0.040625 0.5125
3 0.30625 0.33125 0.0328125 0.6046875
3 0.35 0.33125 0.0375 0.6625
3 0.4 0.4765625 0.0265625 0.59375
3 0.4484375 0.50625 0.0328125 0.6375
3 0.496875 0.559375 0.0328125 0.6359375
3 0.540625 0.603125 0.0375 0.6171875
3 0.625 0.56875 0.034375 0.8171875
3 0.671875 0.4109375 0.0296875 0.603125
3 0.7125 0.4375 0.0359375 0.653125
3 0.7609375 0.453125 0.0375 0.709375
3 0.809375 0.5875 0.0296875 0.50625
3 0.8546875 0.61875 0.034375 0.584375
3 0.903125 0.68359375 0.03125 0.6328125
3 0.95 0.696875 0.034375 0.6046875