0 0.0234375 0.515625 0.040625 0.96875
1 0.059375 0.3875 0.0203125 0.4359375
8 0.13125 0.453125 0.03125 0.6734375
8 0.2078125 0.684375 0.0265625 0.6296875
8 0.30625 0.6078125 0.025 0.6765625
8 0.409375 0.553125 0.0234375 0.634375
12 0.4875 0.484375 0.0265625 0.5078125
11 0.5375 0.334375 0.03125 0.646875
11 0.5875 0.3734375 0.0203125 0.60625
3 0.65625 0.475 0.0234375 0.6703125
11 0.6875 0.5125 0.028125 0.6140625
1 0.71953125 0.190625 0.0203125 0.38125
11 0.740625 0.48125 0.028125 0.5765625
8 0.7890625 0.521875 0.028125 0.64375
8 0.8703125 0.453125 0.034375 0.6140625
12 0.946875 0.475 0.0296875 0.446875