1 0.009375 0.634375 0.0109375 0.35
1 0.0203125 0.396875 0.0109375 0.3140625
1 0.03125 0.5921875 0.0078125 0.309375
1 0.04375 0.33125 0.0109375 0.309375
1 0.4984375 0.828125 0.0109375 0.3296875
5 0.19375 0.384375 0.0203125 0.178125
8 0.30625 0.321875 0.015625 0.5625
8 0.3703125 0.58125 0.0171875 0.5625
8 0.4484375 0.634375 0.0171875 0.5546875
8 0.5109375 0.565625 0.015625 0.5421875
8 0.590625 0.509375 0.0171875 0.540625
8 0.653125 0.5140625 0.0171875 0.5203125
8 0.8953125 0.390625 0.01875 0.534375
8 0.959375 0.3875 0.01875 0.5546875
11 0.7328125 0.43125 0.01875 0.534375
11 0.775 0.4375 0.015625 0.5484375