1 0.05 0.478125 0.0265625 0.4453125
1 0.065625 0.2484375 0.0265625 0.43125
1 0.090625 0.5265625 0.0203125 0.4296875
11 0.2921875 0.7203125 0.034375 0.559375
3 0.353125 0.703125 0.025 0.5921875
13 0.403125 0.703125 0.0375 0.5921875
3 0.4890625 0.509375 0.04375 0.6734375
3 0.534375 0.484375 0.0484375 0.625
12 0.56875 0.6234375 0.028125 0.459375
11 0.771875 0.7078125 0.0421875 0.584375
3 0.834375 0.725 0.0265625 0.55
13 0.8921875 0.6953125 0.040625 0.609375
3 0.9734375 0.490625 0.0421875 0.75
3 0.9953125 0.4625 0.009375 0.809375