0 0.0125 0.51484375 0.025 0.9703125
2 0.046875 0.24375 0.01875 0.453125
2 0.06875 0.4484375 0.0171875 0.3984375
2 0.084375 0.184375 0.0171875 0.36875
11 0.178125 0.3734375 0.028125 0.6015625
11 0.315625 0.65625 0.0265625 0.5890625
11 0.4796875 0.6609375 0.028125 0.5796875
11 0.64375 0.5234375 0.0234375 0.584375
11 0.7953125 0.521875 0.028125 0.5890625
8 0.7046875 0.5796875 0.0265625 0.60625
3 0.378125 0.30625 0.0265625 0.6109375
3 0.4140625 0.328125 0.0265625 0.65625
3 0.540625 0.3078125 0.0265625 0.615625
3 0.578125 0.3328125 0.0265625 0.665625
3 0.903125 0.4 0.0296875 0.6390625
3 0.984375 0.35 0.0296875 0.646875
13 0.88125 0.35 0.0296875 0.684375
13 0.95625 0.33125 0.0234375 0.6609375