0 0.025 0.5 0.0375 1
8 0.1140625 0.35 0.025 0.6203125
11 0.1953125 0.3375 0.0234375 0.6359375
11 0.2484375 0.6875 0.0203125 0.6234375
11 0.328125 0.634375 0.0203125 0.615625
11 0.38125 0.696875 0.0234375 0.6
11 0.4375 0.359375 0.021875 0.6109375
11 0.49375 0.346875 0.021875 0.615625
8 0.590625 0.4140625 0.0234375 0.6109375
8 0.6734375 0.421875 0.025 0.6359375
11 0.78125 0.3421875 0.0234375 0.615625
11 0.834375 0.64375 0.021875 0.5859375
11 0.8890625 0.6921875 0.025 0.6109375
11 0.94375 0.3421875 0.021875 0.60625
2 0.6515625 0.6328125 0.015625 0.4421875
2 0.56875 0.628125 0.015625 0.43125