0 0.984375 0.5 0.0296875 1
2 0.6953125 0.3296875 0.0171875 0.44375
2 0.54375 0.3375 0.015625 0.4296875
2 0.5 0.396875 0.015625 0.4234375
2 0.346875 0.4140625 0.0171875 0.4296875
8 0.675 0.559375 0.025 0.6421875
8 0.246875 0.640625 0.025 0.6421875
5 0.440625 0.3484375 0.0265625 0.19375
5 0.6140625 0.265625 0.028125 0.1734375
11 0.5234375 0.5609375 0.0234375 0.65625
11 0.48125 0.646875 0.0234375 0.6265625
11 0.325 0.653125 0.0234375 0.6375
11 0.2875 0.696875 0.0234375 0.60625
11 0.171875 0.5625 0.0265625 0.6515625