1 0.96875 0.484375 0.0328125 0.3875
8 0.8578125 0.4921875 0.0453125 0.640625
3 0.7328125 0.653125 0.040625 0.6875
13 0.68515625 0.63046875 0.0359375 0.7390625
13 0.64375 0.7078125 0.0390625 0.584375
3 0.603125 0.328125 0.04375 0.6328125
13 0.5515625 0.41875 0.0421875 0.771875
13 0.509375 0.4703125 0.0421875 0.7578125
11 0.440625 0.596875 0.046875 0.5203125
11 0.3671875 0.525 0.0375 0.7078125
13 0.28125 0.528125 0.034375 0.8203125
13 0.246875 0.56875 0.0296875 0.7640625
13 0.209375 0.6078125 0.0375 0.75625
13 0.1703125 0.65 0.0375 0.7
13 0.128125 0.296875 0.0390625 0.5921875
13 0.0890625 0.334375 0.03125 0.66875
13 0.053125 0.38125 0.0375 0.7609375
13 0.0171875 0.4265625 0.034375 0.8078125