2 0.98125 0.78125 0.0203125 0.4359375
11 0.89375 0.415625 0.0265625 0.65
11 0.7875 0.575 0.0265625 0.6703125
11 0.73125 0.634375 0.0234375 0.6765625
11 0.67578125 0.29375 0.0234375 0.5875
3 0.603125 0.35 0.025 0.6203125
3 0.540625 0.40625 0.0234375 0.65625
3 0.4671875 0.4046875 0.0234375 0.6703125
11 0.396875 0.425 0.0234375 0.6203125
11 0.1 0.35 0.0234375 0.6203125
13 0.4984375 0.453125 0.0328125 0.6859375
13 0.425 0.5125 0.0328125 0.878125
13 0.325 0.33125 0.025 0.6609375
13 0.29609375 0.29375 0.0265625 0.5875
3 0.24375 0.6390625 0.03125 0.625
3 0.209375 0.628125 0.0234375 0.7421875
3 0.171875 0.6734375 0.0234375 0.653125
3 0.13359375 0.68984375 0.0203125 0.6203125
13 0.028125 0.39375 0.0265625 0.68125
13 0.0078125 0.434375 0.015625 0.7421875