5 0.9578125 0.75 0.0171875 0.1390625
8 0.865625 0.5078125 0.0140625 0.6234375
12 0.8046875 0.5 0.015625 0.459375
11 0.765625 0.525 0.015625 0.6390625
11 0.725 0.590625 0.015625 0.6234375
11 0.6859375 0.6640625 0.0125 0.60625
11 0.5859375 0.66875 0.0140625 0.615625
11 0.546875 0.5125 0.015625 0.63125
11 0.46875 0.5125 0.0125 0.63125
11 0.428125 0.371875 0.0140625 0.615625
11 0.3890625 0.434375 0.015625 0.6234375
11 0.228125 0.43125 0.0171875 0.615625
11 0.1890625 0.503125 0.015625 0.6484375
8 0.646875 0.6640625 0.0125 0.6390625
8 0.35 0.3 0.0140625 0.5984375
8 0.2875 0.365625 0.015625 0.63125
8 0.146875 0.578125 0.0140625 0.615625
2 0.7390625 0.790625 0.0125 0.41875
2 0.3 0.5984375 0.0125 0.44375
5 0.0875 0.7421875 0.0171875 0.171875
3 0.49375 0.5125 0.0140625 0.63125