1 0.99375 0.7140625 0.0109375 0.4140625
1 0.98125 0.53125 0.0140625 0.3390625
1 0.965625 0.765625 0.0171875 0.4140625
1 0.946875 0.559375 0.0171875 0.415625
8 0.771875 0.2875 0.021875 0.5734375
11 0.696875 0.45625 0.0265625 0.6390625
11 0.65 0.4546875 0.028125 0.6
11 0.58125 0.6953125 0.0265625 0.609375
11 0.53203125 0.67734375 0.0328125 0.6453125
11 0.4875 0.6921875 0.028125 0.615625
3 0.4375 0.3046875 0.028125 0.609375
3 0.403125 0.35625 0.0265625 0.6046875
8 0.353125 0.440625 0.01875 0.6046875
11 0.259375 0.4046875 0.0265625 0.634375
11 0.190625 0.434375 0.0234375 0.609375
11 0.14375 0.2875 0.0234375 0.5734375
11 0.09375 0.4515625 0.0234375 0.6078125
11 0.046875 0.39375 0.021875 0.5734375