0 0.028125 0.5234375 0.05625 0.953125
11 0.121875 0.6359375 0.0390625 0.51875
12 0.1859375 0.59375 0.0328125 0.503125
12 0.309375 0.5625 0.0375 0.503125
12 0.45625 0.603125 0.04375 0.6328125
11 0.24375 0.44375 0.0453125 0.65
11 0.39375 0.2921875 0.04375 0.584375
11 0.5125 0.440625 0.0328125 0.64375
3 0.590625 0.4203125 0.028125 0.6859375
11 0.6625 0.3984375 0.0421875 0.640625
11 0.71875 0.45 0.03125 0.6984375
8 0.78125 0.45 0.03125 0.6375
11 0.9 0.5625 0.0328125 0.634375
4 0.95625 0.5625 0.025 0.309375