0 0.025 0.5 0.040625 1
2 0.0625 0.209375 0.025 0.41875
11 0.1375 0.55625 0.021875 0.6265625
11 0.234375 0.6515625 0.025 0.5828125
11 0.3359375 0.559375 0.021875 0.6
11 0.3859375 0.3296875 0.0265625 0.659375
3 0.303125 0.6265625 0.0234375 0.6390625
3 0.5296875 0.63125 0.028125 0.709375
11 0.4625 0.640625 0.025 0.6203125
11 0.5640625 0.55 0.025 0.5828125
11 0.615625 0.4875 0.028125 0.7390625
11 0.6875 0.559375 0.0234375 0.6796875
3 0.75625 0.6125 0.025 0.659375
11 0.79375 0.703125 0.028125 0.5921875
11 0.8453125 0.334375 0.03125 0.6671875
8 0.921875 0.425 0.0265625 0.65