0 0.028125 0.5 0.0375 1
2 0.0609375 0.2625 0.025 0.5234375
2 0.08125 0.396875 0.028125 0.484375
5 0.159375 0.84375 0.0515625 0.265625
11 0.30625 0.478125 0.0296875 0.7234375
11 0.3609375 0.3875 0.0296875 0.6984375
11 0.4125 0.490625 0.0359375 0.646875
11 0.465625 0.546875 0.0234375 0.6265625
11 0.54375 0.6171875 0.0234375 0.640625
11 0.596875 0.50625 0.0328125 0.78125
11 0.653125 0.575 0.028125 0.659375
11 0.70234375 0.67421875 0.0234375 0.6515625
11 0.7828125 0.321875 0.03125 0.64375
11 0.8390625 0.359375 0.028125 0.6140625
11 0.890625 0.509375 0.0296875 0.7625
11 0.9453125 0.67421875 0.0375 0.6515625