4 0.8125 0.35625 0.0234375 0.2640625
4 0.7765625 0.3546875 0.028125 0.2265625
3 0.740625 0.25 0.03125 0.5
3 0.696875 0.45 0.040625 0.43125
3 0.65625 0.35625 0.0359375 0.4546875
3 0.621875 0.4171875 0.0328125 0.503125
3 0.546875 0.371875 0.0234375 0.4890625
3 0.5140625 0.275 0.0265625 0.4421875
2 0.565625 0.521875 0.0171875 0.3078125
2 0.4921875 0.53125 0.0203125 0.33125
3 0.46875 0.359375 0.0265625 0.4109375
3 0.4375 0.4171875 0.028125 0.4546875
3 0.3984375 0.221875 0.021875 0.44375
3 0.3625 0.340625 0.0265625 0.49375
3 0.303125 0.2578125 0.0234375 0.44375
3 0.265625 0.2625 0.021875 0.4578125
3 0.23125 0.375 0.0203125 0.4171875
3 0.19375 0.5125 0.0265625 0.46875
3 0.1578125 0.36875 0.025 0.396875
3 0.1203125 0.521875 0.028125 0.496875
3 0.059375 0.4078125 0.0296875 0.4078125
3 0.0125 0.6125 0.025 0.584375
1 0.03671875 0.86796875 0.0171875 0.2640625