0 0.9734375 0.5 0.053125 1
2 0.925 0.76875 0.025 0.390625
2 0.8984375 0.596875 0.0296875 0.3484375
3 0.803125 0.5609375 0.046875 0.84375
3 0.753125 0.721875 0.0421875 0.521875
3 0.703125 0.675 0.034375 0.615625
3 0.6578125 0.66796875 0.0375 0.6640625
3 0.60625 0.528125 0.028125 0.6046875
3 0.559375 0.496875 0.0328125 0.65
3 0.509375 0.4421875 0.0328125 0.6484375
3 0.465625 0.4 0.0375 0.6296875
3 0.3796875 0.43125 0.0359375 0.8328125
3 0.33125 0.59375 0.0296875 0.6140625
3 0.290625 0.56875 0.0359375 0.6671875
3 0.240625 0.55 0.0375 0.7234375
3 0.190625 0.4140625 0.0296875 0.5171875
3 0.146875 0.3828125 0.0359375 0.5953125
3 0.09609375 0.321875 0.0328125 0.64375
3 0.05 0.30625 0.034375 0.6125