0 0.021875 0.50625 0.03125 0.9765625
2 0.0515625 0.209375 0.0140625 0.396875
2 0.065625 0.4109375 0.0140625 0.4203125
12 0.2609375 0.5 0.015625 0.4203125
3 0.3046875 0.596875 0.0203125 0.6515625
3 0.75 0.621875 0.0203125 0.56875
3 0.7765625 0.5859375 0.0234375 0.6515625
3 0.8078125 0.515625 0.0203125 0.615625
3 0.8359375 0.44375 0.025 0.615625
11 0.38125 0.4140625 0.021875 0.5921875
11 0.4234375 0.434375 0.01875 0.609375
11 0.46875 0.4234375 0.0203125 0.5859375
11 0.5125 0.3609375 0.0234375 0.6046875
11 0.6875 0.3 0.0203125 0.5859375
11 0.865625 0.340625 0.01875 0.5859375
11 0.909375 0.371875 0.01875 0.509375
11 0.953125 0.3015625 0.01875 0.496875
8 0.575 0.425 0.01875 0.6046875
12 0.64375 0.490625 0.01875 0.4734375
13 0.3375 0.553125 0.025 0.68125