0 0.9671875 0.5 0.065625 1
1 0.9171875 0.6 0.03125 0.38125
1 0.8953125 0.803125 0.0359375 0.390625
1 0.871875 0.5375 0.0328125 0.434375
11 0.775 0.3046875 0.0359375 0.609375
11 0.596875 0.4625 0.0359375 0.6609375
8 0.7 0.540625 0.040625 0.690625
3 0.496875 0.525 0.0390625 0.775
3 0.453125 0.5265625 0.028125 0.74375
3 0.40625 0.45 0.0359375 0.709375
3 0.365625 0.553125 0.0359375 0.809375
3 0.315625 0.50625 0.0234375 0.809375
3 0.26875 0.421875 0.0390625 0.690625
3 0.2203125 0.515625 0.0359375 0.8390625
3 0.178125 0.5125 0.034375 0.7265625
3 0.13125 0.41875 0.0375 0.7203125
3 0.084375 0.55625 0.0296875 0.8046875
3 0.040625 0.48125 0.034375 0.7625
3 0.00625 0.453125 0.0125 0.709375