0 0.021875 0.5 0.0421875 1
1 0.05625 0.446875 0.028125 0.384375
1 0.084375 0.221875 0.0328125 0.4390625
3 0.34609375 0.61484375 0.0421875 0.7703125
13 0.39375 0.665625 0.0296875 0.6640625
13 0.428125 0.696875 0.028125 0.60625
3 0.471875 0.4203125 0.040625 0.63125
3 0.521875 0.4515625 0.0515625 0.621875
11 0.5671875 0.3765625 0.028125 0.6765625
2 0.6078125 0.4375 0.03125 0.615625
11 0.6390625 0.6421875 0.034375 0.546875
11 0.73671875 0.62109375 0.0359375 0.7578125
11 0.809375 0.559375 0.0390625 0.646875
13 0.903125 0.58125 0.034375 0.6796875
13 0.940625 0.6625 0.0359375 0.675
3 0.9734375 0.7 0.0390625 0.5984375