2 0.0671875 0.428125 0.01875 0.3875
8 0.221875 0.4875 0.0234375 0.559375
8 0.3265625 0.353125 0.0234375 0.559375
8 0.409375 0.6734375 0.0234375 0.546875
3 0.5125 0.63125 0.028125 0.6390625
3 0.54375 0.671875 0.03125 0.56875
8 0.58125 0.7265625 0.0203125 0.546875
8 0.840625 0.43125 0.0203125 0.571875
1 0.8203125 0.1671875 0.0171875 0.334375
3 0.6625 0.68125 0.0265625 0.5375
3 0.70625 0.634375 0.0234375 0.5984375
3 0.7625 0.5546875 0.021875 0.5640625
3 0.796875 0.51875 0.0234375 0.625
3 0.91875 0.528125 0.021875 0.64375
3 0.965625 0.578125 0.0234375 0.6390625
2 0.6875 0.43125 0.01875 0.396875
2 0.94375 0.365625 0.0203125 0.3796875