0 0.025 0.440625 0.0484375 0.70625
2 0.0734375 0.653125 0.021875 0.3203125
2 0.096875 0.5015625 0.021875 0.2984375
3 0.2609375 0.61875 0.0296875 0.7484375
3 0.3234375 0.353125 0.0328125 0.4390625
3 0.36875 0.35625 0.040625 0.4390625
3 0.4140625 0.36875 0.034375 0.471875
3 0.459375 0.375 0.0328125 0.484375
3 0.50625 0.3640625 0.03125 0.4578125
3 0.553125 0.371875 0.0296875 0.484375
3 0.6640625 0.4625 0.034375 0.7546875
3 0.725 0.225 0.0375 0.45
3 0.7703125 0.221875 0.0375 0.44375
3 0.81484375 0.221875 0.0390625 0.44375
3 0.8625 0.225 0.0390625 0.45
3 0.909375 0.225 0.0375 0.45
3 0.95234375 0.221875 0.0359375 0.44375