0 0.021875 0.565625 0.0359375 0.86875
2 0.05625 0.3109375 0.015625 0.353125
2 0.06875 0.5140625 0.0125 0.371875
2 0.0828125 0.246875 0.0125 0.3578125
8 0.259375 0.553125 0.0203125 0.5078125
11 0.3328125 0.6828125 0.021875 0.515625
11 0.38125 0.6875 0.0203125 0.5078125
11 0.453125 0.421875 0.0203125 0.5265625
11 0.7875 0.61875 0.0203125 0.521875
11 0.95 0.425 0.0203125 0.521875
3 0.5140625 0.3640625 0.0203125 0.5171875
3 0.5453125 0.3875 0.0203125 0.6140625
3 0.5765625 0.3625 0.0203125 0.55
3 0.6078125 0.690625 0.0203125 0.53125
3 0.634375 0.653125 0.028125 0.59375
8 0.6921875 0.5578125 0.0203125 0.515625
8 0.85625 0.425 0.0203125 0.5125