1 0.0421875 0.2625 0.0125 0.3890625
1 0.09375 0.3296875 0.0125 0.4015625
11 0.1078125 0.6125 0.01875 0.5953125
8 0.15 0.365625 0.0203125 0.6328125
11 0.215625 0.35625 0.01875 0.5453125
11 0.2765625 0.5328125 0.0140625 0.559375
8 0.31875 0.415625 0.025 0.61875
11 0.384375 0.428125 0.0171875 0.6078125
3 0.446875 0.384375 0.01875 0.6640625
13 0.4734375 0.33125 0.01875 0.6625
13 0.490625 0.3015625 0.0171875 0.603125
8 0.5125 0.3625 0.0171875 0.609375
11 0.5765625 0.3453125 0.0203125 0.5390625
4 0.6359375 0.484375 0.0125 0.3453125
1 0.653125 0.334375 0.0125 0.365625
3 0.6671875 0.6171875 0.015625 0.5765625
3 0.69375 0.6078125 0.01875 0.575
3 0.721875 0.61875 0.0140625 0.571875
11 0.75 0.3328125 0.0171875 0.5953125
3 0.796875 0.35 0.021875 0.5859375
3 0.8234375 0.6765625 0.015625 0.60625
8 0.86875 0.665625 0.015625 0.5859375
8 0.9328125 0.678125 0.0171875 0.634375