8 0.940625 0.4875 0.0328125 0.578125
8 0.0453125 0.4796875 0.034375 0.578125
13 0.821875 0.396875 0.034375 0.6984375
13 0.7625 0.3859375 0.0375 0.603125
13 0.7234375 0.415625 0.0359375 0.684375
13 0.6875 0.453125 0.0359375 0.746875
13 0.6484375 0.546875 0.0328125 0.703125
13 0.6125 0.509375 0.03125 0.6359375
13 0.578125 0.5515625 0.034375 0.6921875
13 0.540625 0.56875 0.0375 0.75
3 0.471875 0.665625 0.0359375 0.66875
3 0.4265625 0.6875 0.0515625 0.625
3 0.28671875 0.68046875 0.0359375 0.6390625
3 0.240625 0.634375 0.040625 0.6515625
3 0.1875 0.578125 0.04375 0.6140625
3 0.1375 0.5375 0.0453125 0.5703125
11 0.3671875 0.66875 0.03125 0.6625
2 0.7875 0.609375 0.025 0.4125