8 0.140625 0.5765625 0.0265625 0.6734375
8 0.265625 0.41875 0.0265625 0.6734375
8 0.365625 0.7328125 0.028125 0.534375
3 0.4859375 0.68125 0.034375 0.6359375
3 0.52421875 0.72421875 0.0359375 0.5515625
8 0.56875 0.765625 0.025 0.4671875
8 0.878125 0.5109375 0.025 0.6875
1 0.85546875 0.19375 0.0203125 0.3875
3 0.6671875 0.740625 0.03125 0.5171875
3 0.71875 0.69375 0.0265625 0.609375
3 0.7875 0.659375 0.0265625 0.678125
3 0.828125 0.615625 0.0265625 0.753125
3 0.9734375 0.61875 0.0265625 0.7625
2 0.696875 0.5109375 0.0203125 0.4765625
2 0.9953125 0.428125 0.009375 0.45