0 0.03125 0.56484375 0.0625 0.8703125
2 0.084375 0.3578125 0.0328125 0.4
2 0.1125 0.4953125 0.0265625 0.35
11 0.209375 0.3125 0.0484375 0.6234375
11 0.284375 0.403125 0.04375 0.5390625
11 0.3625 0.53125 0.0359375 0.5375
3 0.4375 0.625 0.0359375 0.628125
3 0.484375 0.625 0.04375 0.5203125
13 0.56875 0.696875 0.0359375 0.6046875
13 0.60625 0.68046875 0.0375 0.6390625
13 0.634375 0.659375 0.0359375 0.65625
13 0.671875 0.678125 0.0296875 0.5765625
11 0.70625 0.69375 0.028125 0.4671875
3 0.7828125 0.73046875 0.03125 0.5390625
13 0.828125 0.7203125 0.0265625 0.559375
13 0.859375 0.690625 0.0390625 0.61875
3 0.903125 0.721875 0.028125 0.5546875
3 0.946875 0.71875 0.040625 0.5625