1 0.0625 0.7984375 0.0234375 0.403125
1 0.08125 0.459375 0.0171875 0.4578125
12 0.1625 0.490625 0.0328125 0.5578125
4 0.23125 0.54375 0.021875 0.35
3 0.27109375 0.321875 0.0359375 0.64375
8 0.315625 0.553125 0.0390625 0.7390625
4 0.440625 0.496875 0.0265625 0.3953125
3 0.48125 0.553125 0.034375 0.6
3 0.521875 0.528125 0.034375 0.6859375
3 0.5625 0.603125 0.0390625 0.6625
3 0.60625 0.621875 0.0390625 0.6265625
3 0.66875 0.6265625 0.028125 0.659375
4 0.759375 0.528125 0.0234375 0.3328125
13 0.7984375 0.63125 0.028125 0.6625
13 0.8296875 0.721875 0.0296875 0.55625
3 0.8734375 0.4703125 0.0234375 0.6890625
13 0.915625 0.453125 0.0328125 0.6765625
13 0.946875 0.640625 0.025 0.6203125
11 0.978125 0.696875 0.0265625 0.6046875