0 0.0234375 0.53671875 0.04375 0.9265625
2 0.0625 0.303125 0.0234375 0.39375
11 0.24375 0.603125 0.0234375 0.575
8 0.29375 0.5109375 0.028125 0.5625
11 0.36875 0.509375 0.0359375 0.559375
11 0.440625 0.540625 0.0234375 0.553125
8 0.490625 0.59375 0.0234375 0.5296875
11 0.56875 0.659375 0.028125 0.525
13 0.6375 0.3265625 0.0265625 0.653125
13 0.6625 0.390625 0.0171875 0.609375
11 0.684375 0.46875 0.0203125 0.5546875
13 0.74375 0.64375 0.0234375 0.60625
13 0.76640625 0.69609375 0.0234375 0.6078125
11 0.7890625 0.721875 0.01875 0.55625
11 0.878125 0.60625 0.03125 0.5953125
8 0.925 0.678125 0.034375 0.6125