11 0.0515625 0.5046875 0.0375 0.609375
8 0.109375 0.471875 0.0328125 0.7046875
11 0.196875 0.4875 0.0375 0.74375
11 0.28125 0.675 0.0390625 0.65
8 0.3390625 0.69609375 0.040625 0.6078125
11 0.425 0.703125 0.0421875 0.5921875
11 0.50859375 0.70859375 0.0296875 0.5828125
13 0.58125 0.63359375 0.028125 0.7328125
13 0.6125 0.5875 0.0265625 0.7265625
11 0.6390625 0.525 0.0234375 0.7265625
11 0.7 0.4890625 0.03125 0.7125
2 0.778125 0.6625 0.021875 0.5640625
11 0.803125 0.45 0.028125 0.6484375
11 0.859375 0.484375 0.0296875 0.6484375