8 0.284375 0.325 0.028125 0.6171875
8 0.184375 0.4125 0.028125 0.628125
0 0.03125 0.496875 0.046875 0.9796875
1 0.075 0.39375 0.01875 0.3875
1 0.09375 0.19375 0.01875 0.3875
1 0.259375 0.4625 0.01875 0.3875
11 0.4109375 0.40625 0.0265625 0.6
11 0.475 0.609375 0.025 0.6
11 0.74375 0.4796875 0.025 0.6078125
11 0.934375 0.4 0.0265625 0.6125
11 0.8671875 0.609375 0.028125 0.5921875
3 0.540625 0.64375 0.0265625 0.7015625
3 0.5875 0.68125 0.028125 0.5953125
3 0.6265625 0.6375 0.034375 0.6703125
3 0.665625 0.615625 0.0375 0.7265625
3 0.825 0.54375 0.0265625 0.5953125