12 0.28125 0.5625 0.04375 0.621875
4 0.35 0.553125 0.0265625 0.346875
3 0.390625 0.66875 0.0390625 0.575
3 0.434375 0.590625 0.0359375 0.546875
3 0.4765625 0.584375 0.028125 0.5125
3 0.5625 0.415625 0.0234375 0.553125
4 0.51875 0.55625 0.0234375 0.309375
3 0.625 0.5625 0.03125 0.6203125
3 0.675 0.5984375 0.03125 0.553125
13 0.7421875 0.5953125 0.0328125 0.5578125
13 0.775 0.625 0.0265625 0.509375
13 0.8015625 0.709375 0.028125 0.5390625
3 0.8515625 0.496875 0.025 0.5640625
3 0.8890625 0.503125 0.0296875 0.56875
12 0.934375 0.5390625 0.0234375 0.4234375
2 0.8265625 0.346875 0.021875 0.3296875