0 0.009375 0.5 0.01875 1
1 0.0265625 0.4203125 0.025 0.5125
1 0.04375 0.2078125 0.0296875 0.415625
1 0.0625 0.4953125 0.0203125 0.559375
1 0.08125 0.221875 0.021875 0.44375
5 0.16875 0.41875 0.0265625 0.3625
11 0.33125 0.634375 0.034375 0.6734375
11 0.390625 0.65 0.053125 0.6984375
8 0.4484375 0.40625 0.0453125 0.8109375
8 0.56328125 0.34375 0.0328125 0.6875
11 0.65 0.6125 0.0359375 0.771875
11 0.7078125 0.62734375 0.034375 0.7453125
5 0.8 0.384375 0.0359375 0.315625
8 0.959375 0.61796875 0.03125 0.7640625