2 0.9515625 0.421875 0.0125 0.346875
2 0.9375 0.2296875 0.0140625 0.3515625
2 0.925 0.48125 0.0125 0.3515625
8 0.753125 0.478125 0.0203125 0.5234375
8 0.54375 0.471875 0.021875 0.509375
11 0.671875 0.540625 0.021875 0.53125
11 0.621875 0.4140625 0.0234375 0.540625
11 0.465625 0.6015625 0.021875 0.528125
11 0.125 0.41875 0.0234375 0.540625
11 0.075 0.41875 0.025 0.5234375
12 0.021875 0.4640625 0.0203125 0.396875
3 0.390625 0.55 0.021875 0.640625
3 0.309375 0.628125 0.021875 0.58125
3 0.2796875 0.603125 0.03125 0.53125
3 0.24375 0.51875 0.0234375 0.5859375
3 0.2125 0.4796875 0.03125 0.5
13 0.359375 0.509375 0.025 0.559375
13 0.334375 0.546875 0.0234375 0.64375