2 0.9625 0.2234375 0.0234375 0.3796875
11 0.8625 0.3609375 0.028125 0.5609375
11 0.6765625 0.6859375 0.0265625 0.553125
3 0.784375 0.3875 0.0359375 0.63125
3 0.603125 0.665625 0.03125 0.634375
3 0.459375 0.559375 0.0234375 0.5734375
3 0.4125 0.5625 0.0296875 0.584375
13 0.70625 0.340625 0.028125 0.6
13 0.5625 0.496875 0.0359375 0.9921875
13 0.525 0.659375 0.0296875 0.6625
13 0.3671875 0.63125 0.028125 0.734375
13 0.290625 0.66875 0.03125 0.6625
13 0.215625 0.603125 0.028125 0.79375
13 0.140625 0.60625 0.0359375 0.7875
13 0.059375 0.4765625 0.03125 0.8015625