0 0.0375 0.5 0.0609375 1
1 0.0875 0.41875 0.021875 0.38125
3 0.1921875 0.61875 0.0328125 0.596875
3 0.246875 0.4875 0.0484375 0.6140625
3 0.3453125 0.67734375 0.05 0.6453125
3 0.396875 0.3890625 0.04375 0.6109375
3 0.446875 0.365625 0.0453125 0.6140625
4 0.2890625 0.5125 0.025 0.28125
11 0.490625 0.6875 0.0390625 0.6140625
11 0.596875 0.3515625 0.0375 0.553125
11 0.671875 0.5015625 0.0390625 0.609375
3 0.753125 0.4796875 0.0421875 0.615625
13 0.803125 0.55 0.05625 0.6125
13 0.85625 0.4984375 0.0453125 0.5796875
3 0.9078125 0.41875 0.0484375 0.596875
3 0.946875 0.665625 0.03125 0.596875