0 0.028125 0.53125 0.04375 0.9375
2 0.071875 0.271875 0.0203125 0.38125
8 0.25 0.5265625 0.0234375 0.5375
11 0.3375 0.721875 0.0234375 0.5546875
11 0.396875 0.3875 0.025 0.5546875
11 0.5015625 0.6 0.0234375 0.5421875
11 0.6265625 0.534375 0.021875 0.55
11 0.6859375 0.7125 0.025 0.5546875
11 0.8796875 0.71875 0.021875 0.55
11 0.93671875 0.265625 0.0203125 0.53125
2 0.4796875 0.390625 0.0203125 0.36875
13 0.575 0.5484375 0.0234375 0.621875
13 0.6 0.496875 0.0265625 0.6640625
8 0.790625 0.65625 0.0234375 0.534375