1 0.009375 0.56875 0.01875 0.409375
1 0.03046875 0.81796875 0.0203125 0.3640625
1 0.059375 0.478125 0.021875 0.44375
8 0.1625 0.403125 0.0390625 0.734375
11 0.271875 0.5625 0.0359375 0.690625
13 0.36875 0.5046875 0.0375 0.75625
13 0.4 0.4765625 0.0328125 0.8296875
8 0.4625 0.3046875 0.0359375 0.609375
8 0.5765625 0.63671875 0.03125 0.7265625
13 0.721875 0.36875 0.0328125 0.7375
13 0.753125 0.328125 0.0421875 0.6546875
11 0.78984375 0.290625 0.0296875 0.58125
11 0.953125 0.278125 0.0359375 0.5546875
13 0.8828125 0.38125 0.0375 0.7625
13 0.915625 0.3140625 0.046875 0.628125