1 0.08125 0.2453125 0.01875 0.3015625
1 0.1015625 0.471875 0.0171875 0.3015625
3 0.215625 0.2609375 0.0265625 0.490625
3 0.328125 0.3 0.028125 0.5828125
3 0.4140625 0.378125 0.0359375 0.51875
3 0.4625 0.378125 0.0265625 0.4875
3 0.5375 0.425 0.028125 0.5890625
3 0.625 0.50625 0.0296875 0.521875
1 0.709375 0.30625 0.01875 0.2921875
1 0.8265625 0.3046875 0.0171875 0.315625
13 0.5875 0.4546875 0.040625 0.54375
13 0.378125 0.34375 0.0375 0.559375
13 0.6703125 0.70859375 0.025 0.5828125
13 0.7859375 0.703125 0.028125 0.5640625
13 0.9 0.6125 0.025 0.6265625
13 0.93125 0.625 0.0296875 0.6453125