12 0.91875 0.40625 0.0203125 0.5109375
12 0.8625 0.4 0.0203125 0.4828125
11 0.80625 0.315625 0.021875 0.63125
8 0.7265625 0.325 0.021875 0.6484375
3 0.6375 0.396875 0.025 0.6859375
3 0.603125 0.325 0.0234375 0.6484375
11 0.5390625 0.46875 0.0234375 0.6640625
11 0.484375 0.63125 0.0234375 0.6953125
12 0.425 0.4 0.0203125 0.5046875
12 0.34375 0.4015625 0.021875 0.5109375
12 0.2875 0.4015625 0.01875 0.5109375
11 0.23125 0.5578125 0.0234375 0.690625
11 0.15 0.5625 0.021875 0.690625
3 0.078125 0.55625 0.025 0.6640625
11 0.040625 0.5625 0.0234375 0.6796875