8 0.053125 0.6625 0.0265625 0.65625
8 0.553125 0.659375 0.0296875 0.640625
11 0.15625 0.3 0.0296875 0.5984375
11 0.6546875 0.2578125 0.028125 0.515625
3 0.2546875 0.43125 0.0265625 0.790625
3 0.296875 0.4859375 0.028125 0.71875
3 0.3421875 0.528125 0.028125 0.646875
3 0.3875 0.48125 0.028125 0.728125
3 0.4296875 0.4265625 0.0328125 0.853125
3 0.475 0.4859375 0.0328125 0.709375
3 0.753125 0.384375 0.028125 0.76875
3 0.796875 0.415625 0.03125 0.7046875
3 0.85 0.4546875 0.0265625 0.665625
3 0.89375 0.4140625 0.03125 0.7375
3 0.9390625 0.371875 0.03125 0.74375
3 0.978125 0.409375 0.0359375 0.709375
2 0.828125 0.221875 0.01875 0.4109375