0 0.98125 0.5 0.034375 0.8015625
2 0.9484375 0.7328125 0.0140625 0.3359375
2 0.9359375 0.5765625 0.0125 0.31875
2 0.921875 0.8046875 0.0140625 0.296875
11 0.759375 0.634375 0.01875 0.4796875
11 0.6625 0.465625 0.0203125 0.4703125
11 0.5671875 0.275 0.0203125 0.5359375
11 0.35625 0.346875 0.021875 0.4796875
11 0.259375 0.515625 0.0203125 0.4578125
11 0.1625 0.2953125 0.021875 0.4625
3 0.4734375 0.259375 0.0265625 0.4875
3 0.44375 0.296875 0.025 0.4671875
3 0.40625 0.2625 0.0359375 0.4921875
3 0.0671875 0.309375 0.021875 0.5234375
3 0.0375 0.35 0.0203125 0.5015625
3 0.009375 0.2875 0.0171875 0.4765625