0 0.025 0.540625 0.0453125 0.91875
2 0.071875 0.2765625 0.028125 0.403125
12 0.2890625 0.5703125 0.025 0.49375
4 0.346875 0.5625 0.028125 0.3875
3 0.384375 0.63125 0.0296875 0.653125
3 0.45625 0.515625 0.040625 0.5625
13 0.503125 0.7109375 0.028125 0.578125
3 0.571875 0.5 0.04375 0.5859375
13 0.61875 0.7046875 0.0265625 0.5859375
13 0.671875 0.403125 0.0265625 0.6375
13 0.696875 0.4453125 0.0234375 0.646875
3 0.734375 0.4265625 0.0390625 0.61875
4 0.7671875 0.553125 0.0203125 0.3484375
3 0.803125 0.69375 0.0328125 0.58125
3 0.8421875 0.6828125 0.0296875 0.578125
3 0.8828125 0.728125 0.03125 0.5421875
3 0.9625 0.6109375 0.0296875 0.6140625
4 0.9203125 0.575 0.0265625 0.3