0 0.0375 0.490625 0.0578125 0.98125
1 0.09375 0.409375 0.021875 0.3703125
1 0.11875 0.2078125 0.0234375 0.35625
3 0.225 0.615625 0.0328125 0.6875
13 0.26875 0.653125 0.034375 0.6375
13 0.303125 0.69921875 0.03125 0.6015625
13 0.8265625 0.5953125 0.0328125 0.6546875
13 0.859375 0.621875 0.0328125 0.5828125
3 0.34375 0.33125 0.034375 0.56875
3 0.390625 0.390625 0.0375 0.625
3 0.7765625 0.5625 0.0390625 0.7
3 0.903125 0.290625 0.040625 0.58125
3 0.946875 0.3125 0.0359375 0.6046875
11 0.440625 0.3484375 0.028125 0.571875
11 0.51875 0.621875 0.0296875 0.571875
11 0.6265625 0.553125 0.028125 0.575
11 0.703125 0.503125 0.028125 0.5890625
2 0.4875 0.40625 0.0234375 0.3921875