0 0.025 0.5515625 0.0359375 0.896875
8 0.10625 0.6734375 0.0203125 0.5328125
11 0.1875 0.66875 0.0203125 0.5234375
3 0.2546875 0.6640625 0.0203125 0.5140625
11 0.3125 0.603125 0.0203125 0.5328125
11 0.4125 0.5390625 0.0203125 0.5421875
11 0.7625 0.665625 0.0203125 0.5375
3 0.3796875 0.6015625 0.0234375 0.528125
3 0.5 0.4140625 0.021875 0.5421875
3 0.55625 0.6015625 0.0234375 0.6296875
3 0.584375 0.6734375 0.03125 0.5140625
3 0.659375 0.4125 0.021875 0.546875
3 0.69375 0.565625 0.0203125 0.584375
3 0.721875 0.6015625 0.03125 0.5375
4 0.465625 0.559375 0.01875 0.25
4 0.6265625 0.5578125 0.01875 0.2359375
8 0.8375 0.73125 0.021875 0.5375