1 0.034375 0.334375 0.0109375 0.3453125
1 0.0453125 0.5671875 0.0109375 0.3109375
1 0.05625 0.375 0.0078125 0.3046875
1 0.06875 0.63125 0.0109375 0.3046875
1 0.515625 0.153125 0.0109375 0.3046875
5 0.215625 0.58125 0.0203125 0.1765625
8 0.3265625 0.6421875 0.015625 0.5546875
8 0.3890625 0.384375 0.0171875 0.5546875
8 0.465625 0.334375 0.0171875 0.5484375
8 0.528125 0.403125 0.015625 0.534375
8 0.60625 0.45625 0.0171875 0.534375
8 0.6671875 0.453125 0.0171875 0.5140625
8 0.90625 0.575 0.01875 0.528125
8 0.96875 0.578125 0.01875 0.546875
11 0.746875 0.534375 0.01875 0.528125
11 0.7875 0.528125 0.015625 0.540625