0 0.028125 0.5125 0.0390625 0.8640625
2 0.06875 0.2546875 0.01875 0.38125
2 0.090625 0.44375 0.015625 0.353125
2 0.109375 0.1875 0.0171875 0.3734375
8 0.19375 0.375 0.021875 0.5140625
3 0.28125 0.5875 0.0265625 0.7125
3 0.31875 0.6625 0.03125 0.6015625
3 0.35625 0.70625 0.0328125 0.575
3 0.390625 0.746875 0.0359375 0.50625
11 0.465625 0.5078125 0.025 0.521875
13 0.5421875 0.4 0.028125 0.5859375
13 0.571875 0.353125 0.0234375 0.625
11 0.5984375 0.384375 0.0234375 0.540625
4 0.65625 0.503125 0.0203125 0.2171875
13 0.715625 0.38125 0.0375 0.5328125
13 0.76875 0.390625 0.028125 0.64375
13 0.796875 0.440625 0.0265625 0.7765625
13 0.825 0.375 0.0234375 0.68125
13 0.85 0.3140625 0.0234375 0.575
11 0.878125 0.5578125 0.021875 0.521875
11 0.9375 0.6296875 0.0234375 0.5296875