0 0.028125 0.5125 0.04375 0.9734375
11 0.115625 0.346875 0.0234375 0.5625
11 0.425 0.415625 0.0265625 0.59375
11 0.5796875 0.4234375 0.0234375 0.575
11 0.884375 0.4828125 0.025 0.5703125
12 0.48125 0.490625 0.0203125 0.4390625
12 0.940625 0.490625 0.021875 0.43125
3 0.171875 0.5703125 0.025 0.7640625
3 0.20625 0.6375 0.0265625 0.6234375
3 0.2421875 0.4765625 0.0296875 0.94375
3 0.2796875 0.490625 0.0328125 0.8609375
3 0.34375 0.396875 0.0265625 0.6546875
3 0.3859375 0.4375 0.0265625 0.609375
3 0.6359375 0.634375 0.0234375 0.725
3 0.671875 0.696875 0.028125 0.5671875
3 0.7078125 0.528125 0.028125 0.9359375
3 0.7421875 0.540625 0.0328125 0.8171875
3 0.809375 0.45625 0.0234375 0.6671875
3 0.840625 0.5046875 0.0359375 0.5890625
2 0.36875 0.215625 0.015625 0.378125