2 0.9203125 0.503125 0.03125 0.446875
2 0.89375 0.7453125 0.0234375 0.509375
3 0.775 0.375 0.034375 0.75
13 0.725 0.36875 0.0484375 0.6953125
13 0.678125 0.359375 0.0359375 0.665625
2 0.640625 0.2125 0.0265625 0.425
3 0.609375 0.45625 0.04375 0.69375
3 0.55 0.371875 0.0421875 0.7421875
3 0.4953125 0.50625 0.0421875 0.6296875
3 0.4390625 0.4828125 0.0421875 0.6828125
4 0.378125 0.45625 0.03125 0.290625
13 0.321875 0.5125 0.03125 0.6734375
13 0.278125 0.315625 0.04375 0.63125
3 0.2015625 0.303125 0.04375 0.60625
13 0.146875 0.48125 0.0421875 0.646875
13 0.075 0.434375 0.0390625 0.6625
2 0.1078125 0.2125 0.0296875 0.425
11 0.034375 0.590625 0.0390625 0.621875