8 0.034375 0.340625 0.03125 0.68125
11 0.146875 0.440625 0.0328125 0.725
11 0.234375 0.43125 0.0328125 0.7578125
11 0.2921875 0.340625 0.0359375 0.68125
11 0.3484375 0.375 0.0296875 0.75
4 0.4078125 0.4875 0.0234375 0.403125
13 0.48125 0.4 0.040625 0.7890625
8 0.53125 0.3796875 0.0265625 0.759375
3 0.621875 0.475 0.0296875 0.878125
3 0.659375 0.5375 0.0328125 0.765625
3 0.69375 0.3453125 0.03125 0.690625
3 0.7265625 0.44375 0.0375 0.8875
11 0.79375 0.4484375 0.0359375 0.896875
11 0.85625 0.375 0.028125 0.75