8 0.2171875 0.690625 0.028125 0.5953125
8 0.79375 0.4921875 0.0265625 0.603125
11 0.321875 0.69375 0.0296875 0.603125
11 0.390625 0.4921875 0.028125 0.6109375
11 0.490625 0.4875 0.028125 0.603125
11 0.559375 0.6328125 0.03125 0.5921875
11 0.628125 0.696875 0.028125 0.5921875
11 0.696875 0.6921875 0.0265625 0.6078125
11 0.928125 0.690625 0.0296875 0.603125
0 0.03046875 0.496875 0.0515625 0.99375
1 0.078125 0.403125 0.0203125 0.4171875
1 0.1 0.190625 0.01875 0.38125
1 0.121875 0.465625 0.0171875 0.384375