0 0.99375 0.490625 0.0125 0.8140625
1 0.965625 0.56875 0.0171875 0.3140625
3 0.75625 0.38125 0.0265625 0.4828125
3 0.715625 0.3703125 0.021875 0.4984375
3 0.675 0.3796875 0.028125 0.471875
3 0.6078125 0.3671875 0.0234375 0.5125
3 0.56875 0.409375 0.028125 0.546875
3 0.5234375 0.3796875 0.0296875 0.4796875
3 0.35625 0.6125 0.040625 0.490625
3 0.0140625 0.490625 0.028125 0.48125
3 0.096875 0.384375 0.0265625 0.4875
3 0.0578125 0.428125 0.03125 0.515625
11 0.425 0.334375 0.028125 0.5015625
13 0.296875 0.23125 0.025 0.4625
13 0.26875 0.353125 0.0234375 0.70625
13 0.240625 0.3421875 0.025 0.5921875
13 0.2109375 0.303125 0.025 0.5515625
13 0.178125 0.6375 0.025 0.5359375
13 0.1515625 0.596875 0.0265625 0.596875