2 0.08125 0.3234375 0.021875 0.3375
2 0.103125 0.484375 0.01875 0.3328125
2 0.128125 0.240625 0.021875 0.3484375
0 0.03125 0.5625 0.0578125 0.875
3 0.3375 0.38125 0.0296875 0.53125
3 0.378125 0.340625 0.034375 0.565625
3 0.540625 0.321875 0.03125 0.6421875
3 0.578125 0.359375 0.0328125 0.5265625
13 0.21875 0.421875 0.034375 0.6328125
13 0.246875 0.4375 0.01875 0.565625
13 0.275 0.4 0.025 0.7046875
13 0.3046875 0.45 0.025 0.55
13 0.6546875 0.59375 0.025 0.646875
13 0.709375 0.6625 0.0203125 0.6515625
13 0.7359375 0.6078125 0.025 0.61875
13 0.7625 0.6609375 0.025 0.646875
13 0.79375 0.609375 0.03125 0.6609375
13 0.8265625 0.628125 0.0203125 0.61875
13 0.85 0.6125 0.0265625 0.665625
13 0.88125 0.6421875 0.0265625 0.6078125
13 0.41875 0.3 0.0328125 0.5796875
13 0.45 0.30625 0.0234375 0.5171875
13 0.478125 0.321875 0.0265625 0.6421875
13 0.5078125 0.309375 0.0234375 0.521875
3 0.9125 0.575 0.028125 0.5703125
4 0.95625 0.596875 0.021875 0.284375
3 0.6828125 0.43125 0.01875 0.3296875