0 0.034375 0.5 0.0640625 1
2 0.078125 0.284375 0.028125 0.525
2 0.103125 0.471875 0.0234375 0.490625
11 0.19375 0.30625 0.0359375 0.6109375
11 0.2625 0.2671875 0.0390625 0.534375
13 0.3265625 0.41875 0.0390625 0.8203125
13 0.3625 0.446875 0.0296875 0.7140625
13 0.39375 0.48125 0.0296875 0.6703125
13 0.4234375 0.546875 0.034375 0.6328125
13 0.45625 0.621875 0.028125 0.5796875
13 0.4890625 0.58125 0.03125 0.690625
13 0.51875 0.5203125 0.03125 0.7046875
13 0.5484375 0.4796875 0.0359375 0.759375
11 0.6125 0.3421875 0.0390625 0.6484375
11 0.67890625 0.296875 0.0359375 0.59375
13 0.7484375 0.4234375 0.028125 0.846875
13 0.7765625 0.465625 0.028125 0.7296875
13 0.809375 0.515625 0.025 0.7109375
13 0.840625 0.5359375 0.0328125 0.7
13 0.871875 0.6 0.0265625 0.5734375
13 0.903125 0.571875 0.0328125 0.6546875
13 0.9328125 0.5203125 0.028125 0.7140625
13 0.96875 0.4828125 0.0328125 0.7203125