2 0.053125 0.5875 0.0125 0.3453125
2 0.065625 0.759375 0.0125 0.3046875
11 0.221875 0.51875 0.021875 0.521875
11 0.2671875 0.4171875 0.0171875 0.49375
11 0.3125 0.64375 0.0171875 0.503125
11 0.3796875 0.475 0.0171875 0.4984375
11 0.540625 0.646875 0.0171875 0.503125
11 0.5859375 0.53125 0.0203125 0.4921875
11 0.6328125 0.40625 0.01875 0.4796875
11 0.7 0.6453125 0.0203125 0.5171875
11 0.8625 0.3546875 0.01875 0.4796875
11 0.95 0.35625 0.0234375 0.5125
3 0.921875 0.346875 0.0203125 0.521875
12 0.4265625 0.5375 0.0203125 0.390625
12 0.471875 0.521875 0.015625 0.3828125
12 0.7484375 0.5375 0.01875 0.390625
12 0.79375 0.54375 0.0171875 0.3953125