1 0.996875 0.3953125 0.0046875 0.459375
3 0.890625 0.328125 0.040625 0.65625
3 0.79921875 0.340625 0.0328125 0.68125
3 0.715625 0.321875 0.0296875 0.6421875
13 0.7421875 0.2875 0.0265625 0.575
11 0.675 0.540625 0.03125 0.6828125
3 0.6046875 0.340625 0.046875 0.6453125
11 0.515625 0.7 0.0375 0.6
3 0.44375 0.35 0.05 0.7
11 0.3296875 0.6703125 0.028125 0.659375
3 0.2203125 0.3 0.0328125 0.6
3 0.1375 0.375 0.0265625 0.75
3 0.0109375 0.571875 0.021875 0.675
13 0.16875 0.346875 0.0265625 0.6921875
11 0.0703125 0.515625 0.0296875 0.6953125