0 0.0234375 0.5265625 0.0375 0.9265625
2 0.05625 0.25625 0.015625 0.3859375
12 0.1875 0.528125 0.0203125 0.403125
4 0.2375 0.540625 0.015625 0.2859375
4 0.36875 0.53125 0.0140625 0.2703125
4 0.4765625 0.53125 0.015625 0.2703125
3 0.26875 0.709375 0.0203125 0.571875
11 0.321875 0.69375 0.0203125 0.5828125
11 0.428125 0.58125 0.01875 0.5828125
11 0.559375 0.44375 0.0203125 0.59375
11 0.60625 0.4390625 0.021875 0.59375
11 0.653125 0.371875 0.0234375 0.5984375
11 0.9046875 0.58125 0.01875 0.59375
11 0.95 0.5796875 0.0203125 0.5765625
3 0.396875 0.56875 0.01875 0.5875
3 0.5125 0.384375 0.0328125 0.609375
3 0.8125 0.3 0.0203125 0.5984375
3 0.8421875 0.64375 0.021875 0.609375
3 0.871875 0.521875 0.021875 0.609375
13 0.76875 0.365625 0.0203125 0.709375
13 0.7921875 0.334375 0.01875 0.6671875
12 0.7 0.521875 0.0171875 0.4390625