0 0.0265625 0.553125 0.046875 0.8921875
2 0.0734375 0.321875 0.028125 0.4671875
3 0.4015625 0.50625 0.046875 0.6671875
13 0.4375 0.734375 0.0296875 0.53125
3 0.53125 0.4875 0.0375 0.5
3 0.575 0.50625 0.0421875 0.5296875
13 0.634375 0.4125 0.028125 0.7265625
3 0.7109375 0.5015625 0.0375 0.559375
4 0.74375 0.559375 0.0265625 0.2703125
3 0.79375 0.646875 0.04375 0.54375
3 0.8375 0.61875 0.0453125 0.5671875
3 0.875 0.66875 0.0296875 0.5484375
3 0.921875 0.571875 0.0421875 0.6078125
3 0.959375 0.625 0.028125 0.5890625