2 0.06875 0.5375 0.0203125 0.3578125
2 0.0875 0.346875 0.015625 0.3390625
11 0.159375 0.2375 0.0203125 0.475
11 0.215625 0.3484375 0.021875 0.5203125
11 0.2703125 0.459375 0.021875 0.515625
11 0.325 0.646875 0.021875 0.5171875
8 0.403125 0.6984375 0.0234375 0.603125
8 0.484375 0.2375 0.0203125 0.475
11 0.59375 0.253125 0.0234375 0.4921875
11 0.6484375 0.2796875 0.021875 0.48125
11 0.703125 0.4703125 0.0234375 0.4890625
11 0.75625 0.58125 0.0234375 0.496875
8 0.8375 0.675 0.021875 0.55625
8 0.9203125 0.415625 0.0234375 0.509375