0 0.98359375 0.434375 0.0265625 0.86875
11 0.81875 0.384375 0.015625 0.5484375
11 0.775 0.509375 0.0125 0.528125
11 0.628125 0.259375 0.0140625 0.5078125
11 0.5875 0.5546875 0.0140625 0.5203125
11 0.440625 0.315625 0.0140625 0.534375
11 0.3984375 0.2703125 0.015625 0.5140625
11 0.31875 0.565625 0.0140625 0.5421875
5 0.240625 0.5140625 0.0171875 0.1515625
8 0.1109375 0.2671875 0.015625 0.534375
12 0.7375 0.4453125 0.0140625 0.384375
12 0.546875 0.4453125 0.0125 0.384375
12 0.3578125 0.4375 0.015625 0.4109375
4 0.696875 0.428125 0.0109375 0.28125
4 0.5078125 0.425 0.0109375 0.2609375
2 0.959375 0.6984375 0.0125 0.396875