12 0.10625 0.403125 0.0203125 0.484375
12 0.1609375 0.396875 0.01875 0.459375
11 0.215625 0.309375 0.021875 0.61875
8 0.290625 0.3203125 0.021875 0.640625
3 0.375 0.39375 0.0234375 0.65
3 0.409375 0.3203125 0.021875 0.63125
11 0.46875 0.4609375 0.021875 0.63125
11 0.521875 0.6171875 0.0203125 0.6625
12 0.578125 0.396875 0.01875 0.4796875
12 0.653125 0.3984375 0.0203125 0.484375
12 0.7078125 0.3984375 0.0171875 0.484375
11 0.7625 0.546875 0.021875 0.65625
11 0.840625 0.553125 0.0203125 0.65625
3 0.909375 0.54375 0.0234375 0.63125
11 0.94375 0.553125 0.021875 0.646875