0 0.028125 0.5 0.0484375 1
1 0.065625 0.428125 0.021875 0.4125
3 0.16875 0.3484375 0.0375 0.625
3 0.2515625 0.3515625 0.0296875 0.6671875
3 0.328125 0.325 0.0265625 0.640625
13 0.303125 0.296875 0.0234375 0.5921875
11 0.3625 0.55625 0.028125 0.6078125
3 0.425 0.3765625 0.04375 0.5734375
11 0.50625 0.715625 0.0328125 0.5671875
3 0.5703125 0.38125 0.04375 0.63125
11 0.675 0.6890625 0.025 0.621875
3 0.771875 0.3078125 0.028125 0.6046875
3 0.846875 0.3765625 0.0234375 0.7296875
3 0.9703125 0.5859375 0.040625 0.5953125
13 0.81875 0.3453125 0.0234375 0.690625
11 0.90625 0.53125 0.0265625 0.61875