11 0.9453125 0.375 0.021875 0.6171875
11 0.8953125 0.378125 0.025 0.665625
8 0.84375 0.515625 0.025 0.7484375
8 0.7625 0.4375 0.0234375 0.696875
1 0.784375 0.75625 0.0203125 0.4609375
11 0.6578125 0.3625 0.025 0.7234375
8 0.603125 0.575 0.025 0.7546875
11 0.521875 0.525 0.0203125 0.675
11 0.446875 0.653125 0.025 0.69375
11 0.39375 0.684375 0.025 0.63125
11 0.34375 0.665625 0.0203125 0.6671875
3 0.275 0.640625 0.0234375 0.71875
11 0.2 0.51875 0.0234375 0.7171875
11 0.1515625 0.478125 0.0328125 0.740625
11 0.096875 0.55 0.0296875 0.8078125
11 0.0421875 0.359375 0.03125 0.71875