0 0.025 0.50859375 0.046875 0.9828125
2 0.065625 0.34375 0.0265625 0.5328125
2 0.0890625 0.4828125 0.01875 0.4265625
12 0.30625 0.55625 0.0234375 0.590625
4 0.365625 0.5484375 0.025 0.3828125
3 0.4109375 0.44375 0.0390625 0.6421875
3 0.446875 0.6171875 0.0296875 0.590625
3 0.4921875 0.684375 0.0484375 0.553125
3 0.5375 0.55 0.040625 0.596875
13 0.571875 0.603125 0.028125 0.5984375
13 0.6 0.6125 0.028125 0.6265625
13 0.646875 0.39375 0.034375 0.603125
13 0.696875 0.45 0.0265625 0.690625
2 0.675 0.646875 0.025 0.3984375
3 0.73125 0.415625 0.0359375 0.5765625
4 0.765625 0.58125 0.0234375 0.303125
3 0.803125 0.63125 0.028125 0.565625
3 0.840625 0.55625 0.025 0.571875
3 0.8875 0.496875 0.03125 0.559375
3 0.921875 0.553125 0.0296875 0.5421875
13 0.971875 0.590625 0.0328125 0.5984375