2 0.953125 0.5828125 0.0140625 0.334375
2 0.9375 0.7625 0.0171875 0.325
4 0.7328125 0.5453125 0.0203125 0.225
4 0.625 0.5453125 0.0203125 0.215625
4 0.34375 0.540625 0.01875 0.2421875
4 0.028125 0.54375 0.0203125 0.246875
3 0.696875 0.4640625 0.021875 0.5125
3 0.659375 0.6578125 0.0234375 0.509375
3 0.5875 0.653125 0.021875 0.5
3 0.55 0.65 0.0203125 0.4921875
3 0.4140625 0.4140625 0.0375 0.5046875
3 0.375 0.4078125 0.0359375 0.5
3 0.3078125 0.65625 0.021875 0.5046875
3 0.271875 0.459375 0.021875 0.5125
3 0.234375 0.4703125 0.0234375 0.5171875
3 0.1984375 0.4703125 0.0234375 0.509375
3 0.159375 0.48125 0.025 0.5125
11 0.08125 0.6578125 0.0234375 0.509375
2 0.440625 0.59375 0.015625 0.3203125
2 0.103125 0.465625 0.015625 0.3421875
13 0.515625 0.709375 0.021875 0.5296875
13 0.490625 0.6703125 0.0234375 0.5171875