0 0.034375 0.540625 0.046875 0.9171875
2 0.084375 0.26875 0.021875 0.39375
2 0.109375 0.4640625 0.0203125 0.3828125
2 0.13125 0.2015625 0.0203125 0.390625
11 0.2328125 0.396875 0.0296875 0.559375
13 0.30625 0.35 0.0296875 0.625
13 0.340625 0.315625 0.0296875 0.596875
13 0.371875 0.3453125 0.028125 0.690625
13 0.40625 0.325 0.0296875 0.6484375
3 0.4484375 0.396875 0.046875 0.559375
3 0.5390625 0.3875 0.03125 0.625
3 0.584375 0.328125 0.03125 0.6078125
3 0.6625 0.678125 0.028125 0.5765625
3 0.7046875 0.6296875 0.0359375 0.6046875
3 0.7546875 0.5828125 0.0328125 0.6625
3 0.796875 0.546875 0.0421875 0.7078125
4 0.4875 0.5328125 0.021875 0.259375
11 0.8515625 0.540625 0.028125 0.565625
12 0.9234375 0.5328125 0.0203125 0.4109375