0 0.025 0.5390625 0.040625 0.921875
2 0.0625 0.278125 0.0140625 0.3671875
8 0.134375 0.465625 0.0234375 0.571875
8 0.3765625 0.5375 0.0171875 0.5703125
8 0.5609375 0.659375 0.0203125 0.5765625
8 0.640625 0.50625 0.0234375 0.8046875
11 0.2328125 0.4046875 0.021875 0.571875
3 0.309375 0.48125 0.0265625 0.609375
3 0.340625 0.509375 0.03125 0.5625
3 0.45625 0.56875 0.028125 0.671875
3 0.81875 0.596875 0.021875 0.5765625
3 0.85 0.653125 0.03125 0.553125
3 0.9640625 0.271875 0.025 0.5421875
13 0.490625 0.6234375 0.021875 0.609375
13 0.515625 0.60625 0.025 0.71875
13 0.71875 0.671875 0.021875 0.5703125
13 0.7421875 0.65 0.0234375 0.6625
11 0.7703125 0.5265625 0.025 0.546875
11 0.9125 0.6765625 0.021875 0.553125