0 0.028125 0.5 0.0484375 1
1 0.065625 0.4203125 0.0203125 0.415625
1 0.084375 0.2 0.0234375 0.3984375
11 0.16875 0.67734375 0.028125 0.6453125
13 0.26875 0.475 0.03125 0.8859375
3 0.29375 0.515625 0.0171875 0.7609375
13 0.3328125 0.5890625 0.028125 0.753125
3 0.3625 0.6515625 0.021875 0.640625
11 0.41171875 0.69609375 0.0234375 0.6078125
11 0.465625 0.6625 0.03125 0.621875
11 0.546875 0.6984375 0.028125 0.603125
11 0.6 0.325 0.0265625 0.634375
11 0.7625 0.5984375 0.01875 0.6234375
8 0.6515625 0.615625 0.0234375 0.6265625
3 0.815625 0.571875 0.025 0.6609375
3 0.85 0.5078125 0.028125 0.6734375
11 0.8875 0.559375 0.021875 0.628125
11 0.94375 0.603125 0.0265625 0.6265625