0 0.025 0.5 0.0390625 1
1 0.059375 0.3984375 0.0203125 0.4765625
8 0.134375 0.396875 0.0421875 0.69375
11 0.2140625 0.509375 0.0390625 0.7609375
11 0.265625 0.5890625 0.028125 0.61875
11 0.34375 0.3625 0.028125 0.7234375
11 0.396875 0.50625 0.0375 0.7546875
11 0.4421875 0.590625 0.0296875 0.675
11 0.5015625 0.609375 0.03125 0.6296875
8 0.5765625 0.6265625 0.0234375 0.69375
12 0.65625 0.48125 0.021875 0.5015625
11 0.70859375 0.65234375 0.0359375 0.6953125
11 0.790625 0.3390625 0.0265625 0.678125
11 0.840625 0.6296875 0.028125 0.740625
11 0.896875 0.359375 0.03125 0.659375
11 0.946875 0.45625 0.021875 0.7015625