0 0.03125 0.4421875 0.0484375 0.8375
2 0.078125 0.184375 0.01875 0.36875
3 0.171875 0.31875 0.0296875 0.5859375
13 0.228125 0.2828125 0.0234375 0.540625
3 0.2578125 0.315625 0.0328125 0.6234375
3 0.3015625 0.728125 0.03125 0.54375
3 0.3875 0.6640625 0.0265625 0.6203125
3 0.490625 0.5265625 0.028125 0.946875
3 0.5484375 0.5015625 0.0265625 0.890625
3 0.59375 0.3609375 0.028125 0.603125
3 0.6765625 0.440625 0.028125 0.5234375
3 0.75625 0.540625 0.0296875 0.60625
3 0.840625 0.603125 0.0328125 0.55
13 0.35 0.6 0.0375 0.728125
13 0.4625 0.7296875 0.0265625 0.540625
13 0.64375 0.4 0.0390625 0.6234375
13 0.8046875 0.584375 0.0390625 0.5796875
11 0.9125 0.546875 0.028125 0.5