0 0.0140625 0.5 0.028125 1
1 0.04375 0.65 0.015625 0.4390625
5 0.1125 0.31875 0.028125 0.1828125
8 0.225 0.525 0.021875 0.6890625
8 0.415625 0.325 0.0171875 0.65
8 0.49375 0.6796875 0.0234375 0.640625
8 0.56875 0.640625 0.0203125 0.7015625
8 0.6421875 0.5390625 0.025 0.6609375
8 0.7375 0.4546875 0.0203125 0.66875
8 0.996875 0.38125 0.00625 0.6578125
11 0.3 0.63125 0.0234375 0.68125
11 0.346875 0.665625 0.021875 0.6671875
11 0.809375 0.6234375 0.0203125 0.68125
11 0.859375 0.63125 0.021875 0.68125
11 0.909375 0.684375 0.01875 0.63125
11 0.95546875 0.328125 0.0203125 0.65625