0 0.984375 0.478125 0.03125 0.9546875
2 0.953125 0.75 0.0171875 0.4015625
12 0.815625 0.465625 0.0203125 0.41875
4 0.765625 0.4546875 0.0171875 0.296875
4 0.63125 0.4625 0.015625 0.28125
4 0.51875 0.4625 0.015625 0.28125
3 0.73203125 0.2875 0.0203125 0.575
11 0.6796875 0.3 0.0203125 0.6
11 0.56875 0.4109375 0.01875 0.6046875
11 0.4328125 0.553125 0.021875 0.615625
11 0.3859375 0.559375 0.021875 0.615625
11 0.3359375 0.628125 0.0234375 0.621875
11 0.078125 0.4109375 0.0203125 0.615625
11 0.0296875 0.4140625 0.0203125 0.6
3 0.6 0.425 0.0203125 0.609375
3 0.48125 0.6171875 0.034375 0.6328125
3 0.1734375 0.7 0.0203125 0.6
3 0.140625 0.346875 0.021875 0.6328125
3 0.1109375 0.475 0.021875 0.6328125
13 0.2171875 0.634375 0.021875 0.73125
13 0.19375 0.66171875 0.01875 0.6765625
12 0.2875 0.475 0.01875 0.45625