0 0.9828125 0.459375 0.034375 0.91875
8 0.9 0.325 0.021875 0.55625
11 0.8171875 0.33125 0.021875 0.546875
3 0.746875 0.3359375 0.0203125 0.5359375
11 0.6875 0.3984375 0.0203125 0.55625
11 0.584375 0.465625 0.0203125 0.565625
11 0.2234375 0.334375 0.021875 0.5609375
3 0.61875 0.4 0.025 0.5515625
3 0.49375 0.596875 0.0203125 0.565625
3 0.434375 0.4 0.0234375 0.6578125
3 0.40625 0.325 0.0328125 0.5359375
3 0.328125 0.6 0.021875 0.5703125
3 0.2953125 0.440625 0.021875 0.609375
3 0.265625 0.4 0.0328125 0.5609375
4 0.528125 0.44375 0.01875 0.2609375
4 0.3625 0.446875 0.01875 0.246875
8 0.14609375 0.275 0.0203125 0.55