0 0.98671875 0.4375 0.0265625 0.875
2 0.9515625 0.159375 0.0203125 0.309375
2 0.934375 0.3140625 0.01875 0.3046875
2 0.9234375 0.128125 0.0234375 0.25625
2 0.903125 0.265625 0.015625 0.3046875
13 0.828125 0.74375 0.03125 0.5125
13 0.8 0.565625 0.0296875 0.8625
13 0.771875 0.575 0.025 0.7640625
13 0.74375 0.60625 0.028125 0.7046875
11 0.715625 0.4984375 0.0296875 0.503125
3 0.65 0.240625 0.028125 0.48125
3 0.6125 0.2734375 0.03125 0.546875
13 0.5515625 0.68125 0.03125 0.578125
13 0.5203125 0.46875 0.0296875 0.8625
13 0.490625 0.4953125 0.0265625 0.8453125
13 0.465625 0.496875 0.025 0.7375
11 0.4359375 0.4046875 0.0296875 0.6
11 0.375 0.4 0.0296875 0.4109375
11 0.315625 0.4765625 0.025 0.4890625
3 0.225 0.553125 0.0328125 0.5421875
11 0.190625 0.5484375 0.0296875 0.509375
3 0.125 0.534375 0.025 0.4921875
13 0.0859375 0.5625 0.0265625 0.509375
13 0.059375 0.490625 0.028125 0.5796875
13 0.0328125 0.428125 0.025 0.659375
13 0.009375 0.38125 0.01875 0.7625
0 0.99921875 0.4375 0.0015625 0.875