0 0.01875 0.5328125 0.0375 0.934375
1 0.046875 0.446875 0.0203125 0.384375
1 0.0625 0.290625 0.01875 0.36875
1 0.078125 0.5125 0.0171875 0.3703125
1 0.09375 0.321875 0.0171875 0.3453125
1 0.1125 0.6109375 0.0203125 0.4609375
4 0.28125 0.55 0.025 0.315625
3 0.315625 0.590625 0.025 0.490625
3 0.35 0.5296875 0.021875 0.5578125
3 0.3765625 0.521875 0.0203125 0.665625
3 0.415625 0.553125 0.0234375 0.653125
3 0.446875 0.6171875 0.0265625 0.625
3 0.475 0.6640625 0.021875 0.6109375
3 0.50625 0.709375 0.028125 0.5796875
8 0.571875 0.421875 0.0203125 0.5078125
12 0.6421875 0.553125 0.028125 0.5203125
12 0.6921875 0.56875 0.03125 0.4859375
4 0.7546875 0.5328125 0.021875 0.290625
3 0.790625 0.73984375 0.028125 0.5203125
3 0.815625 0.6796875 0.025 0.640625
3 0.853125 0.609375 0.0203125 0.740625
3 0.8828125 0.5375 0.0203125 0.6875
3 0.921875 0.584375 0.01875 0.675
3 0.946875 0.596875 0.015625 0.60625
3 0.978125 0.6203125 0.021875 0.559375
1 0.9015625 0.284375 0.01875 0.378125