4 0.096875 0.503125 0.01875 0.2578125
3 0.125 0.55 0.028125 0.5375
3 0.15625 0.609375 0.021875 0.5109375
3 0.196875 0.690625 0.01875 0.546875
3 0.234375 0.4609375 0.03125 0.5515625
3 0.284375 0.390625 0.03125 0.50625
2 0.178125 0.49375 0.0171875 0.3890625
2 0.259375 0.5453125 0.0140625 0.4828125
2 0.325 0.496875 0.0171875 0.4265625
3 0.346875 0.66875 0.0234375 0.50625
3 0.38125 0.453125 0.034375 0.53125
11 0.4125 0.575 0.021875 0.55
3 0.4578125 0.7375 0.01875 0.525
13 0.4875 0.715625 0.021875 0.56875
13 0.509375 0.675 0.0234375 0.6484375
2 0.440625 0.565625 0.0203125 0.3671875
2 0.55 0.49375 0.01875 0.384375
8 0.5703125 0.7078125 0.021875 0.5484375
3 0.6390625 0.5859375 0.0234375 0.58125
3 0.671875 0.621875 0.028125 0.5390625
3 0.703125 0.703125 0.028125 0.5265625
3 0.740625 0.44375 0.03125 0.5421875
3 0.7765625 0.39375 0.03125 0.515625
3 0.821875 0.684375 0.0265625 0.5390625
3 0.859375 0.4625 0.034375 0.5140625
11 0.8875 0.396875 0.025 0.553125
2 0.91875 0.1765625 0.0140625 0.353125
3 0.9375 0.353125 0.0234375 0.4875
3 0.965625 0.3109375 0.0296875 0.509375