11 0.046875 0.503125 0.0328125 0.709375
11 0.15 0.671875 0.0265625 0.625
11 0.20546875 0.66796875 0.0265625 0.6640625
12 0.26875 0.4953125 0.0234375 0.51875
12 0.346875 0.509375 0.0234375 0.525
12 0.4 0.5 0.025 0.5875
11 0.459375 0.6625 0.03125 0.671875
11 0.540625 0.41875 0.0265625 0.6953125
11 0.596875 0.4078125 0.025 0.7546875
12 0.653125 0.509375 0.025 0.5953125
12 0.7328125 0.5203125 0.0203125 0.5921875
12 0.7875 0.49375 0.0296875 0.6109375
11 0.846875 0.44375 0.0296875 0.7453125
11 0.928125 0.5046875 0.021875 0.7359375
11 0.984375 0.65625 0.025 0.6859375