2 0.06875 0.459375 0.0203125 0.3546875
2 0.0875 0.65 0.0140625 0.3375
11 0.159375 0.7625 0.0203125 0.4734375
11 0.215625 0.646875 0.021875 0.515625
11 0.26875 0.5375 0.021875 0.5125
11 0.325 0.35 0.021875 0.5140625
8 0.403125 0.3 0.0234375 0.6
8 0.4828125 0.759375 0.021875 0.4703125
11 0.590625 0.7421875 0.0234375 0.4890625
11 0.6453125 0.715625 0.021875 0.478125
11 0.7 0.525 0.0234375 0.4859375
11 0.753125 0.4171875 0.0234375 0.49375
8 0.8328125 0.321875 0.021875 0.553125
8 0.915625 0.5796875 0.0234375 0.5078125