1 0.003125 0.7125 0.00625 0.4421875
12 0.0953125 0.5359375 0.0359375 0.4671875
11 0.165625 0.3296875 0.0421875 0.659375
3 0.26796875 0.3875 0.0453125 0.775
11 0.315625 0.3546875 0.034375 0.709375
3 0.4265625 0.3421875 0.034375 0.684375
3 0.48125 0.384375 0.046875 0.7578125
11 0.528125 0.4171875 0.0328125 0.834375
3 0.628125 0.6015625 0.03125 0.7484375
1 0.5953125 0.87109375 0.040625 0.2578125
3 0.671875 0.440625 0.034375 0.8578125
3 0.721875 0.484375 0.05 0.7203125
8 0.80625 0.3671875 0.040625 0.734375
8 0.925 0.3421875 0.0671875 0.684375