0 0.015625 0.4375 0.03125 0.8734375
1 0.046875 0.50625 0.0125 0.3625
1 0.0625 0.70625 0.0125 0.353125
1 0.0765625 0.45 0.0125 0.3421875
11 0.328125 0.26875 0.021875 0.5359375
11 0.375 0.26875 0.0203125 0.5359375
11 0.421875 0.309375 0.021875 0.54375
11 0.5625 0.271875 0.021875 0.5421875
11 0.69375 0.3125 0.01875 0.5484375
11 0.740625 0.26875 0.01875 0.5359375
11 0.7875 0.578125 0.0203125 0.5484375
11 0.9171875 0.2609375 0.01875 0.521875
3 0.4890625 0.2640625 0.0171875 0.528125
3 0.609375 0.43125 0.0203125 0.553125
3 0.6359375 0.378125 0.028125 0.559375
3 0.85625 0.29375 0.021875 0.5734375
3 0.88125 0.26875 0.0296875 0.503125
12 0.965625 0.4359375 0.015625 0.371875
13 0.5375 0.50625 0.0328125 0.54375