0 0.028125 0.5328125 0.05625 0.934375
1 0.090625 0.5125 0.0234375 0.40625
1 0.1203125 0.2875 0.0234375 0.3875
11 0.2359375 0.5171875 0.03125 0.64375
13 0.325 0.6703125 0.03125 0.659375
13 0.359375 0.7 0.0359375 0.6
13 0.396875 0.665625 0.0359375 0.6671875
13 0.434375 0.628125 0.034375 0.7421875
3 0.478125 0.5859375 0.0328125 0.765625
3 0.5265625 0.459375 0.04375 0.9171875
3 0.584375 0.5328125 0.040625 0.675
3 0.634375 0.409375 0.05 0.8171875
13 0.734375 0.603125 0.0359375 0.7921875
13 0.775 0.6375 0.0296875 0.725
13 0.8125 0.675 0.03125 0.65
13 0.846875 0.6375 0.0359375 0.725
3 0.8890625 0.525 0.034375 0.621875
4 0.9453125 0.60625 0.0234375 0.2921875