3 0.03125 0.5625 0.03125 0.734375
3 0.0765625 0.5703125 0.034375 0.70625
3 0.121875 0.66796875 0.034375 0.6640625
3 0.16484375 0.67734375 0.0328125 0.6453125
3 0.209375 0.65 0.0359375 0.7
3 0.2578125 0.6546875 0.0359375 0.690625
3 0.3125 0.3546875 0.046875 0.709375
3 0.3625 0.3546875 0.0453125 0.709375
11 0.428125 0.590625 0.028125 0.80625
11 0.4921875 0.5984375 0.0328125 0.7859375
11 0.5625 0.4234375 0.034375 0.803125
4 0.65625 0.51875 0.03125 0.3953125
11 0.73125 0.528125 0.0328125 0.7109375
11 0.8 0.496875 0.0359375 0.778125
11 0.8671875 0.475 0.034375 0.74375
4 0.959375 0.5453125 0.0296875 0.3921875