0 0.9796875 0.459375 0.040625 0.8640625
2 0.934375 0.70625 0.0203125 0.36875
2 0.9109375 0.51875 0.025 0.365625
12 0.646875 0.46875 0.0234375 0.3921875
4 0.5734375 0.45 0.0203125 0.2578125
3 0.51875 0.584375 0.0484375 0.5125
3 0.3953125 0.2796875 0.0296875 0.5015625
3 0.3484375 0.275 0.028125 0.5390625
3 0.3 0.2765625 0.0328125 0.5421875
3 0.0375 0.5875 0.05 0.525
13 0.4375 0.4578125 0.021875 0.8
13 0.2203125 0.6625 0.0328125 0.575
13 0.1875 0.590625 0.03125 0.6953125
13 0.15625 0.34375 0.028125 0.65625
13 0.125 0.2671875 0.0296875 0.534375