0 0.01875 0.5 0.0359375 1
2 0.0578125 0.15625 0.0234375 0.3125
2 0.0796875 0.321875 0.01875 0.4625
11 0.178125 0.3171875 0.0390625 0.634375
3 0.24375 0.3078125 0.03125 0.615625
13 0.30625 0.33125 0.03125 0.6609375
13 0.340625 0.3125 0.0359375 0.625
3 0.371875 0.3875 0.025 0.775
3 0.4609375 0.4734375 0.03125 0.946875
13 0.43125 0.45625 0.0390625 0.9109375
11 0.54921875 0.66484375 0.0328125 0.6703125
11 0.621875 0.321875 0.0390625 0.6421875
8 0.696875 0.509375 0.040625 0.7015625
13 0.8375 0.26875 0.0421875 0.5359375
3 0.86875 0.353125 0.021875 0.7046875
11 0.928125 0.6375 0.046875 0.7234375
13 0.98671875 0.32109375 0.0265625 0.6421875
13 0.99921875 0.32109375 0.0015625 0.6421875