1 0.05 0.3796875 0.0140625 0.3125
12 0.10625 0.5546875 0.0171875 0.3640625
12 0.15 0.5546875 0.0140625 0.3359375
2 0.175 0.390625 0.0140625 0.3546875
11 0.1921875 0.55625 0.0171875 0.453125
11 0.3171875 0.503125 0.0203125 0.484375
11 0.6046875 0.3875 0.01875 0.4859375
11 0.68125 0.390625 0.0203125 0.4859375
11 0.725 0.3265625 0.0203125 0.4671875
11 0.82578125 0.28125 0.0203125 0.5625
11 0.86875 0.44375 0.01875 0.4578125
11 0.9125 0.5078125 0.01875 0.4765625
11 0.95625 0.5 0.01875 0.4671875
8 0.253125 0.546875 0.01875 0.453125
8 0.38125 0.496875 0.021875 0.471875
3 0.446875 0.496875 0.01875 0.5
3 0.475 0.5 0.01875 0.48125
12 0.5203125 0.55625 0.0125 0.33125
12 0.5625 0.5546875 0.0140625 0.3359375
2 0.590625 0.2328125 0.0125 0.3640625
2 0.665625 0.23125 0.0125 0.359375
3 0.778125 0.39375 0.0203125 0.490625