1 0.9375 0.20625 0.021875 0.34375
1 0.9125 0.4640625 0.01875 0.34375
3 0.784375 0.25 0.03125 0.5
3 0.65625 0.3 0.03125 0.6
3 0.559375 0.359375 0.040625 0.5890625
3 0.50625 0.359375 0.0296875 0.5546875
3 0.421875 0.4125 0.0328125 0.66875
3 0.321875 0.503125 0.03125 0.59375
1 0.2265625 0.2765625 0.0203125 0.3328125
1 0.09375 0.275 0.01875 0.3578125
13 0.365625 0.44375 0.0453125 0.6171875
13 0.6 0.31875 0.0421875 0.6359375
13 0.2703125 0.7 0.028125 0.6
13 0.1421875 0.703125 0.03125 0.59375
13 0.0125 0.62109375 0.025 0.7140625