0 0.9921875 0.5 0.015625 1
2 0.9640625 0.778125 0.01875 0.4421875
2 0.94375 0.5671875 0.01875 0.4328125
3 0.846875 0.346875 0.0390625 0.6015625
3 0.7984375 0.3328125 0.040625 0.6109375
3 0.45 0.58125 0.028125 0.6515625
3 0.409375 0.490625 0.025 0.6421875
11 0.73125 0.3484375 0.0265625 0.615625
11 0.66875 0.496875 0.028125 0.6375
11 0.6078125 0.6421875 0.0265625 0.628125
11 0.340625 0.4234375 0.025 0.628125
11 0.275 0.496875 0.028125 0.6375
11 0.215625 0.56875 0.0265625 0.6828125
11 0.0578125 0.6625 0.03125 0.6328125
8 0.1515625 0.646875 0.021875 0.628125
8 0.546875 0.421875 0.0234375 0.6421875