0 0.0234375 0.4921875 0.0390625 0.815625
1 0.05625 0.409375 0.0140625 0.3109375
1 0.071875 0.2375 0.0140625 0.296875
13 0.16875 0.2546875 0.0234375 0.509375
11 0.2375 0.246875 0.0203125 0.4921875
3 0.3359375 0.725 0.0359375 0.54375
3 0.365625 0.671875 0.021875 0.5609375
3 0.4375 0.5203125 0.01875 0.65
3 0.865625 0.4796875 0.01875 0.603125
3 0.9359375 0.353125 0.0234375 0.6125
13 0.415625 0.6 0.0203125 0.5984375
13 0.4859375 0.446875 0.0203125 0.5609375
13 0.69375 0.353125 0.0234375 0.51875
13 0.834375 0.5875 0.0328125 0.50625
13 0.9125 0.45 0.01875 0.578125
13 0.978125 0.34375 0.01875 0.5359375
2 0.3953125 0.8125 0.0140625 0.3609375
2 0.465625 0.640625 0.0140625 0.3484375
2 0.89375 0.640625 0.015625 0.3484375
4 0.6515625 0.465625 0.0140625 0.234375
4 0.7875 0.475 0.015625 0.2296875
4 0.2875 0.4734375 0.015625 0.2171875
8 0.528125 0.41875 0.0203125 0.50625
11 0.7375 0.359375 0.0234375 0.4796875