2 0.03125 0.234375 0.03125 0.4390625
12 0.2671875 0.553125 0.025 0.5390625
4 0.33125 0.546875 0.03125 0.421875
3 0.371875 0.6203125 0.0328125 0.7109375
3 0.45 0.49375 0.04375 0.6125
13 0.5 0.69375 0.0296875 0.6125
3 0.575 0.4765625 0.046875 0.6390625
13 0.6234375 0.68984375 0.028125 0.6203125
13 0.6828125 0.371875 0.028125 0.69375
13 0.7109375 0.41875 0.0265625 0.7046875
3 0.75 0.396875 0.0421875 0.6734375
4 0.7859375 0.5359375 0.0234375 0.3796875
3 0.825 0.6828125 0.0359375 0.634375
3 0.86875 0.6765625 0.0328125 0.63125
3 0.9125 0.715625 0.0328125 0.5671875
3 0.990625 0.596875 0.01875 0.671875
4 0.953125 0.559375 0.0296875 0.3265625