1 0.9546875 0.475 0.0140625 0.384375
1 0.9375 0.6671875 0.015625 0.378125
11 0.753125 0.525 0.01875 0.5671875
11 0.640625 0.521875 0.0203125 0.5734375
11 0.590625 0.53125 0.01875 0.5578125
11 0.346875 0.528125 0.021875 0.5625
11 0.23125 0.3859375 0.01875 0.5625
8 0.51875 0.45625 0.0203125 0.546875
8 0.44375 0.4546875 0.0203125 0.5515625
8 0.0984375 0.275 0.01875 0.55
8 0.02109375 0.275 0.0203125 0.55
3 0.703125 0.5203125 0.0203125 0.5671875
3 0.296875 0.525 0.021875 0.578125
3 0.1828125 0.3859375 0.0203125 0.5515625
13 0.6625 0.525 0.01875 0.5671875
13 0.2546875 0.45625 0.0203125 0.5578125
13 0.140625 0.325 0.0203125 0.5671875