0 0.028125 0.5765625 0.0421875 0.846875
2 0.071875 0.31875 0.0203125 0.3765625
3 0.1796875 0.6265625 0.0296875 0.578125
3 0.2796875 0.4578125 0.0265625 0.59375
3 0.459375 0.415625 0.0265625 0.5890625
3 0.553125 0.44375 0.025 0.5453125
3 0.5875 0.446875 0.040625 0.5640625
3 0.6625 0.40625 0.0265625 0.5828125
3 0.696875 0.446875 0.0375 0.51875
3 0.7828125 0.321875 0.025 0.5375
3 0.378125 0.284375 0.0265625 0.5484375
3 0.4125 0.3125 0.0375 0.503125
13 0.3203125 0.421875 0.0265625 0.6046875
13 0.346875 0.3875 0.0265625 0.6421875
13 0.4953125 0.4578125 0.0265625 0.55625
13 0.5234375 0.4625 0.028125 0.559375
13 0.821875 0.4375 0.0265625 0.8671875
13 0.85 0.5125 0.025 0.778125
13 0.8765625 0.571875 0.0265625 0.671875
13 0.903125 0.64375 0.028125 0.5828125
11 0.9359375 0.6796875 0.0234375 0.503125