0 0.978125 0.4078125 0.0421875 0.815625
1 0.946875 0.4734375 0.01875 0.3953125
4 0.871875 0.396875 0.025 0.25
3 0.834375 0.4109375 0.0265625 0.596875
3 0.796875 0.4 0.0328125 0.56875
3 0.7625 0.359375 0.034375 0.53125
3 0.725 0.578125 0.03125 0.546875
3 0.6515625 0.565625 0.0265625 0.53125
3 0.615625 0.55625 0.03125 0.525
13 0.6796875 0.584375 0.028125 0.5359375
11 0.55625 0.703125 0.0328125 0.5828125
11 0.4875 0.703125 0.0359375 0.5828125
3 0.4375 0.61875 0.0234375 0.621875
3 0.403125 0.546875 0.0328125 0.5328125
2 0.4609375 0.83984375 0.021875 0.3203125
11 0.36875 0.6171875 0.028125 0.5578125
3 0.2828125 0.621875 0.03125 0.5609375
11 0.25 0.56875 0.03125 0.5359375
11 0.1953125 0.509375 0.034375 0.5109375
13 0.140625 0.4 0.0265625 0.621875
13 0.1125 0.371875 0.025 0.5421875
3 0.0875 0.4234375 0.028125 0.5609375
13 0.053125 0.46875 0.03125 0.6125
13 0.028125 0.415625 0.028125 0.6078125