2 0.065625 0.6875 0.0203125 0.509375
12 0.346875 0.609375 0.0234375 0.45
3 0.4 0.63125 0.021875 0.6578125
13 0.440625 0.65625 0.03125 0.5734375
11 0.49375 0.471875 0.03125 0.5921875
11 0.546875 0.4734375 0.03125 0.5953125
12 0.6 0.5875 0.0234375 0.4375
3 0.653125 0.634375 0.0234375 0.6625
13 0.69921875 0.71484375 0.0234375 0.5703125
11 0.76875 0.4625 0.025 0.61875
11 0.821875 0.4734375 0.034375 0.678125
12 0.875 0.5890625 0.0234375 0.4984375
3 0.925 0.6578125 0.028125 0.6296875
13 0.975 0.696875 0.028125 0.60625