0 0.9828125 0.54375 0.034375 0.9125
1 0.94375 0.68125 0.025 0.403125
1 0.9234375 0.8546875 0.025 0.290625
1 0.903125 0.6390625 0.021875 0.359375
3 0.803125 0.45 0.0390625 0.8984375
13 0.7578125 0.3609375 0.0296875 0.6625
3 0.6703125 0.6921875 0.04375 0.615625
13 0.628125 0.675 0.0296875 0.6484375
3 0.546875 0.75 0.03125 0.5
13 0.484375 0.709375 0.034375 0.58125
11 0.45 0.421875 0.0296875 0.5109375
3 0.3765625 0.3953125 0.0390625 0.59375
3 0.21875 0.48125 0.034375 0.75625
3 0.05625 0.75625 0.034375 0.4859375
3 0.00625 0.7296875 0.0109375 0.540625