0 0.025 0.51484375 0.0375 0.9703125
2 0.0625 0.2265625 0.01875 0.4171875
11 0.14375 0.5671875 0.025 0.596875
11 0.240625 0.41875 0.0234375 0.615625
11 0.2953125 0.365625 0.021875 0.6203125
11 0.3453125 0.7 0.021875 0.584375
3 0.4125 0.628125 0.0234375 0.5703125
3 0.471875 0.575 0.021875 0.6015625
3 0.540625 0.5765625 0.021875 0.615625
11 0.60625 0.5578125 0.021875 0.5703125
11 0.884375 0.628125 0.021875 0.5703125
13 0.5125 0.5328125 0.0296875 0.6296875
13 0.5796875 0.4765625 0.03125 0.80625
13 0.6734375 0.6640625 0.0234375 0.634375
13 0.6984375 0.69375 0.0234375 0.575
3 0.7484375 0.3609375 0.028125 0.575
3 0.78125 0.365625 0.021875 0.6953125
3 0.815625 0.321875 0.0234375 0.625
3 0.85 0.303125 0.01875 0.60625
13 0.9484375 0.5859375 0.025 0.625
13 0.9734375 0.553125 0.021875 0.68125