0 0.0203125 0.546875 0.0390625 0.7640625
2 0.0546875 0.325 0.0140625 0.2890625
2 0.06875 0.4546875 0.0140625 0.3203125
8 0.128125 0.64375 0.0296875 0.446875
11 0.2015625 0.55 0.0234375 0.4296875
3 0.246875 0.5875 0.01875 0.5703125
3 0.2765625 0.6078125 0.01875 0.50625
3 0.328125 0.415625 0.0234375 0.5171875
3 0.35546875 0.60234375 0.0234375 0.7953125
3 0.3859375 0.6140625 0.025 0.771875
3 0.41875 0.628125 0.0265625 0.74375
11 0.45 0.746875 0.0359375 0.5046875
12 0.4890625 0.559375 0.025 0.4015625
8 0.559375 0.453125 0.028125 0.51875
11 0.625 0.64375 0.025 0.515625
3 0.6734375 0.375 0.0265625 0.525
3 0.703125 0.403125 0.028125 0.5484375
3 0.75625 0.2640625 0.0234375 0.5125
3 0.784375 0.459375 0.0234375 0.884375
3 0.815625 0.46875 0.0234375 0.8734375
3 0.84375 0.478125 0.025 0.828125
3 0.884375 0.6359375 0.0296875 0.5140625
3 0.909375 0.26875 0.021875 0.5296875
3 0.9390625 0.3015625 0.021875 0.521875
3 0.9703125 0.3375 0.03125 0.5078125