1 0.015625 0.6625 0.028125 0.396875
1 0.04375 0.840625 0.0265625 0.3171875
1 0.0734375 0.596875 0.025 0.3828125
1 0.10234375 0.80546875 0.0296875 0.3890625
13 0.246875 0.4375 0.040625 0.8671875
13 0.29375 0.365625 0.040625 0.73125
13 0.34296875 0.340625 0.0421875 0.68125
13 0.38984375 0.296875 0.0484375 0.59375
13 0.4421875 0.621875 0.05 0.7546875
13 0.490625 0.584375 0.040625 0.7484375
13 0.5421875 0.525 0.0390625 0.703125
13 0.615625 0.484375 0.046875 0.6546875
11 0.7328125 0.571875 0.0421875 0.5953125
4 0.8390625 0.565625 0.0359375 0.2671875
13 0.909375 0.5296875 0.0421875 0.859375
13 0.959375 0.409375 0.0453125 0.6296875