12 0.109375 0.4328125 0.0171875 0.4859375
11 0.165625 0.4296875 0.025 0.6921875
11 0.215625 0.653125 0.021875 0.68125
3 0.284375 0.646875 0.021875 0.6796875
3 0.4125 0.64375 0.025 0.6984375
3 0.846875 0.3515625 0.025 0.703125
3 0.88125 0.503125 0.025 0.6921875
11 0.446875 0.490625 0.0234375 0.68125
11 0.3421875 0.65625 0.0234375 0.6640625
11 0.5 0.653125 0.0234375 0.68125
11 0.7140625 0.653125 0.0234375 0.68125
11 0.790625 0.425 0.0203125 0.68125
8 0.58125 0.34375 0.0234375 0.6859375
8 0.915625 0.490625 0.021875 0.68125
12 0.6609375 0.41875 0.01875 0.4921875