0 0.0296875 0.528125 0.059375 0.94375
2 0.090625 0.23125 0.046875 0.3796875
11 0.20625 0.490625 0.0546875 0.7515625
11 0.3 0.396875 0.0578125 0.6328125
13 0.3875 0.303125 0.05625 0.60625
13 0.48984375 0.253125 0.0453125 0.50625
3 0.421875 0.365625 0.03125 0.73125
3 0.534375 0.33125 0.034375 0.6625
13 0.6 0.646875 0.0375 0.703125
13 0.7109375 0.54375 0.04375 0.8765625
3 0.640625 0.7 0.03125 0.5984375
3 0.7515625 0.6078125 0.028125 0.7328125
11 0.8625 0.6078125 0.0375 0.6796875
11 0.953125 0.625 0.0515625 0.540625