0 0.021875 0.5671875 0.0359375 0.865625
2 0.05625 0.3015625 0.0140625 0.3625
2 0.06875 0.496875 0.0109375 0.3671875
2 0.08125 0.240625 0.0109375 0.3375
8 0.253125 0.671875 0.0203125 0.55
11 0.325 0.6828125 0.0203125 0.525
3 0.3875 0.7265625 0.0203125 0.5359375
11 0.4390625 0.4375 0.0234375 0.496875
11 0.4875 0.428125 0.0203125 0.5265625
11 0.628125 0.484375 0.0234375 0.5359375
11 0.8140625 0.5 0.0203125 0.515625
11 0.903125 0.73125 0.021875 0.5265625
11 0.95 0.725 0.0203125 0.55
3 0.8734375 0.71875 0.021875 0.55
8 0.7203125 0.5 0.0203125 0.5359375
8 0.5328125 0.484375 0.0203125 0.5359375
12 0.671875 0.559375 0.0171875 0.415625