0 0.9890625 0.55625 0.021875 0.8859375
1 0.9625 0.4828125 0.0140625 0.3515625
1 0.946875 0.2875 0.0125 0.3140625
12 0.6875 0.55 0.015625 0.4125
4 0.6375 0.55625 0.0171875 0.2484375
3 0.60625 0.621875 0.021875 0.5765625
3 0.5234375 0.346875 0.0265625 0.6
3 0.4453125 0.4578125 0.021875 0.6765625
3 0.4171875 0.5375 0.0203125 0.8359375
3 0.38125 0.6890625 0.0296875 0.621875
3 0.34375 0.61875 0.0234375 0.5609375
3 0.1171875 0.703125 0.025 0.59375
11 0.3125 0.565625 0.021875 0.571875
13 0.49375 0.4 0.021875 0.615625
13 0.4703125 0.4328125 0.0234375 0.6484375
13 0.24375 0.64375 0.0234375 0.709375
13 0.203125 0.7 0.025 0.6
13 0.1796875 0.6640625 0.0203125 0.671875
13 0.1578125 0.634375 0.021875 0.7296875
13 0.090625 0.728125 0.021875 0.54375
13 0.06484375 0.77109375 0.0234375 0.4578125
13 0.0359375 0.35 0.0234375 0.6265625
13 0.00625 0.4640625 0.0125 0.8
2 0.396875 0.4875 0.015625 0.384375
2 0.21875 0.4875 0.0171875 0.40625
2 0.01875 0.7546875 0.015625 0.3796875