0 0.015625 0.503125 0.03125 0.9921875
2 0.040625 0.25 0.028125 0.4140625
8 0.203125 0.578125 0.0359375 0.7359375
11 0.315625 0.5546875 0.028125 0.6171875
11 0.36875 0.528125 0.03125 0.6390625
11 0.425 0.390625 0.0234375 0.653125
11 0.48125 0.4421875 0.01875 0.6390625
11 0.565625 0.4625 0.0265625 0.65
11 0.61875 0.315625 0.03125 0.6203125
11 0.678125 0.4328125 0.028125 0.7078125
11 0.734375 0.421875 0.03125 0.74375
8 0.8140625 0.3125 0.034375 0.625
11 0.9 0.4625 0.0296875 0.6390625
11 0.95625 0.58125 0.0296875 0.6125