0 0.0375 0.5 0.075 1
2 0.09375 0.2 0.034375 0.3125
2 0.11875 0.415625 0.0296875 0.4203125
3 0.22109375 0.57421875 0.0421875 0.8515625
3 0.271875 0.546875 0.0453125 0.7296875
3 0.31875 0.465625 0.0421875 0.6421875
11 0.40625 0.4890625 0.0359375 0.66875
11 0.540625 0.65 0.034375 0.5734375
3 0.490625 0.403125 0.059375 0.6421875
3 0.615625 0.4953125 0.0671875 0.6921875
3 0.696875 0.4453125 0.04375 0.6359375
3 0.7484375 0.5375 0.040625 0.8515625
3 0.796875 0.60234375 0.046875 0.7953125
3 0.84375 0.26875 0.04375 0.5359375
3 0.89921875 0.33125 0.0453125 0.6625
3 0.95 0.33125 0.040625 0.6625