0 0.009375 0.5 0.0171875 1
1 0.040625 0.5953125 0.0234375 0.40625
3 0.15 0.38125 0.034375 0.6375
3 0.209375 0.521875 0.0515625 0.6546875
3 0.3109375 0.334375 0.053125 0.6671875
3 0.365625 0.6265625 0.046875 0.6515625
3 0.41875 0.653125 0.046875 0.6546875
4 0.253125 0.49375 0.025 0.2984375
11 0.465625 0.321875 0.040625 0.6421875
11 0.578125 0.6671875 0.0390625 0.590625
11 0.6546875 0.50625 0.0421875 0.6484375
3 0.7421875 0.5296875 0.04375 0.65625
13 0.79375 0.453125 0.059375 0.653125
13 0.85 0.509375 0.046875 0.6203125
3 0.9046875 0.5953125 0.0515625 0.6375
3 0.946875 0.3328125 0.0328125 0.6359375