2 0.9171875 0.509375 0.0296875 0.4390625
2 0.890625 0.75 0.0234375 0.5
3 0.775 0.378125 0.0328125 0.7546875
13 0.7265625 0.3796875 0.046875 0.684375
13 0.68125 0.3703125 0.0359375 0.6546875
2 0.64375 0.2234375 0.025 0.4359375
3 0.6125 0.465625 0.0421875 0.68125
3 0.55625 0.378125 0.0421875 0.746875
3 0.5015625 0.5140625 0.040625 0.6203125
3 0.446875 0.490625 0.040625 0.6703125
4 0.3875 0.465625 0.03125 0.2859375
13 0.3328125 0.51875 0.03125 0.6625
13 0.2875 0.31875 0.04375 0.6375
3 0.2140625 0.309375 0.04375 0.6171875
13 0.159375 0.490625 0.040625 0.6359375
13 0.090625 0.44375 0.0375 0.6515625
2 0.12109375 0.21875 0.0296875 0.4375
11 0.05 0.596875 0.0390625 0.6125