1 0.053125 0.33125 0.0140625 0.3296875
11 0.1828125 0.703125 0.0171875 0.50625
3 0.240625 0.696875 0.0203125 0.5109375
3 0.496875 0.4625 0.0203125 0.53125
3 0.528125 0.465625 0.0203125 0.5265625
3 0.609375 0.4 0.0234375 0.6375
3 0.7921875 0.4703125 0.0203125 0.50625
3 0.821875 0.403125 0.0203125 0.521875
8 0.2890625 0.5234375 0.0203125 0.5109375
11 0.3578125 0.521875 0.0171875 0.5375
11 0.6375 0.4171875 0.0203125 0.53125
11 0.684375 0.415625 0.0203125 0.5375
11 0.8515625 0.521875 0.01875 0.50625
11 0.8953125 0.521875 0.0203125 0.5171875
11 0.940625 0.5265625 0.0203125 0.50625
12 0.403125 0.53125 0.0125 0.384375
12 0.746875 0.5234375 0.0125 0.3703125
4 0.46875 0.521875 0.0140625 0.2125
13 0.5546875 0.484375 0.01875 0.5625
13 0.5875 0.4625 0.0234375 0.653125
1 0.571875 0.1671875 0.0125 0.3140625