2 0.090625 0.4828125 0.028125 0.415625
2 0.1171875 0.7109375 0.021875 0.4734375
3 0.225 0.35625 0.03125 0.7125
13 0.271875 0.359375 0.0453125 0.646875
13 0.315625 0.35 0.034375 0.61875
2 0.353125 0.2125 0.0234375 0.4125
3 0.38125 0.440625 0.040625 0.6453125
3 0.434375 0.3578125 0.0390625 0.7046875
3 0.4875 0.4875 0.0390625 0.5859375
3 0.5390625 0.465625 0.0390625 0.634375
4 0.5953125 0.440625 0.028125 0.2703125
13 0.646875 0.490625 0.028125 0.6265625
13 0.6890625 0.303125 0.040625 0.6046875
3 0.759375 0.290625 0.040625 0.58125
13 0.8125 0.4625 0.0390625 0.6015625
13 0.878125 0.4203125 0.0359375 0.6171875
2 0.846875 0.2078125 0.028125 0.415625
11 0.915625 0.5640625 0.0375 0.578125