0 0.0296875 0.540625 0.0453125 0.9109375
1 0.071875 0.4578125 0.015625 0.35625
1 0.0921875 0.2625 0.0171875 0.3484375
1 0.1125 0.51875 0.015625 0.3515625
11 0.19375 0.2734375 0.0296875 0.546875
11 0.25625 0.59375 0.025 0.5796875
11 0.31875 0.475 0.025 0.584375
8 0.409375 0.715625 0.025 0.559375
13 0.5046875 0.46875 0.028125 0.571875
3 0.559375 0.4359375 0.025 0.6078125
13 0.6078125 0.4796875 0.034375 0.5921875
8 0.640625 0.534375 0.0265625 0.559375
11 0.7625 0.596875 0.0265625 0.55625
3 0.9015625 0.603125 0.025 0.6
13 0.940625 0.6 0.028125 0.6875
13 0.96875 0.55 0.0265625 0.73125