2 0.053125 0.4125 0.015625 0.384375
2 0.06875 0.2484375 0.01875 0.446875
12 0.3234375 0.44375 0.028125 0.5015625
11 0.375 0.315625 0.03125 0.5765625
11 0.446875 0.54375 0.028125 0.590625
11 0.49375 0.346875 0.025 0.578125
11 0.55 0.565625 0.028125 0.4921875
3 0.596875 0.51875 0.03125 0.5953125
3 0.63125 0.475 0.0234375 0.621875
11 0.6875 0.3625 0.03125 0.6140625
11 0.7359375 0.403125 0.0328125 0.603125
12 0.784375 0.4359375 0.03125 0.4765625
11 0.834375 0.4453125 0.034375 0.53125
3 0.9015625 0.546875 0.028125 0.7203125
3 0.9703125 0.434375 0.0203125 0.6484375
13 0.9421875 0.509375 0.028125 0.5734375
13 0.9953125 0.41875 0.009375 0.5546875