0 0.971875 0.521875 0.046875 0.95625
1 0.934375 0.4703125 0.021875 0.41875
12 0.7734375 0.603125 0.0328125 0.628125
4 0.715625 0.584375 0.03125 0.3015625
3 0.671875 0.4296875 0.0390625 0.5578125
3 0.61875 0.61875 0.03125 0.6375
3 0.58125 0.621875 0.0265625 0.71875
4 0.54375 0.5609375 0.0234375 0.3203125
3 0.5015625 0.4890625 0.0390625 0.5890625
3 0.459375 0.421875 0.0328125 0.6390625
3 0.41875 0.425 0.0359375 0.615625
12 0.3796875 0.5375 0.0359375 0.484375
11 0.296875 0.63125 0.0375 0.6515625
13 0.24375 0.6875 0.025 0.625
13 0.2171875 0.709375 0.025 0.58125
13 0.1828125 0.4375 0.0359375 0.6015625
2 0.153125 0.6625 0.0171875 0.3890625
13 0.125 0.50625 0.0375 0.546875
13 0.090625 0.4046875 0.0265625 0.5640625
13 0.0484375 0.44375 0.0234375 0.7375
2 0.0703125 0.68125 0.0171875 0.415625
3 0.01875 0.415625 0.034375 0.60625