4 0.2 0.615625 0.0234375 0.2515625
4 0.234375 0.61875 0.0265625 0.215625
3 0.26875 0.721875 0.0296875 0.478125
3 0.3109375 0.528125 0.0390625 0.4140625
3 0.35 0.6171875 0.034375 0.434375
3 0.3828125 0.5578125 0.03125 0.4828125
3 0.4546875 0.603125 0.021875 0.46875
3 0.4875 0.69375 0.025 0.4234375
2 0.4359375 0.45625 0.0171875 0.2953125
2 0.5078125 0.446875 0.01875 0.3171875
3 0.528125 0.6125 0.0265625 0.39375
3 0.5609375 0.5578125 0.028125 0.434375
3 0.596875 0.759375 0.0203125 0.45
3 0.63125 0.63125 0.025 0.471875
3 0.6890625 0.709375 0.0234375 0.425
3 0.725 0.70625 0.0203125 0.4390625
3 0.7578125 0.6 0.01875 0.3984375
3 0.79375 0.465625 0.025 0.4484375
3 0.828125 0.60625 0.025 0.3796875
3 0.8625 0.45625 0.0265625 0.4765625
3 0.921875 0.565625 0.028125 0.3890625
3 0.96875 0.371875 0.028125 0.559375
1 0.94375 0.1265625 0.0171875 0.2515625