0 0.028125 0.6171875 0.053125 0.765625
1 0.0671875 0.528125 0.0171875 0.284375
1 0.08125 0.359375 0.0171875 0.3078125
1 0.0984375 0.5875 0.015625 0.3078125
1 0.1125 0.3984375 0.021875 0.321875
8 0.190625 0.5484375 0.028125 0.4796875
8 0.2796875 0.578125 0.0328125 0.4875
8 0.3953125 0.403125 0.0296875 0.4796875
3 0.48125 0.459375 0.03125 0.559375
13 0.5171875 0.43125 0.028125 0.5796875
13 0.54375 0.46875 0.025 0.553125
3 0.571875 0.50625 0.025 0.5359375
3 0.609375 0.521875 0.0359375 0.5078125
3 0.6875 0.6140625 0.0234375 0.6015625
3 0.721875 0.596875 0.03125 0.63125
3 0.7609375 0.6828125 0.0234375 0.571875
3 0.796875 0.69375 0.0234375 0.53125
3 0.83984375 0.54609375 0.0265625 0.9078125
3 0.878125 0.728125 0.028125 0.5421875
3 0.921875 0.53125 0.025 0.828125
3 0.959375 0.53125 0.034375 0.7515625
3 0.9 0.1625 0.0203125 0.3234375