0 0.009375 0.5 0.0171875 1
2 0.034375 0.7375 0.034375 0.4890625
12 0.315625 0.41875 0.03125 0.6234375
4 0.371875 0.4265625 0.0296875 0.465625
3 0.4171875 0.303125 0.04375 0.59375
3 0.478125 0.31875 0.0375 0.6375
3 0.5140625 0.4875 0.0359375 0.6640625
3 0.55 0.5203125 0.0359375 0.634375
3 0.584375 0.278125 0.028125 0.55625
3 0.615625 0.278125 0.03125 0.55625
3 0.653125 0.41875 0.0296875 0.5984375
3 0.6890625 0.4015625 0.028125 0.634375
3 0.721875 0.6125 0.034375 0.7
3 0.7828125 0.48125 0.03125 0.6765625
3 0.8171875 0.428125 0.0265625 0.653125
3 0.85625 0.4125 0.0296875 0.696875
3 0.890625 0.3296875 0.03125 0.659375
3 0.9265625 0.3 0.028125 0.6
3 0.965625 0.609375 0.0359375 0.5984375
3 0.99296875 0.5328125 0.0140625 0.615625
3 0.99921875 0.5328125 0.0015625 0.615625