1 0.071875 0.590625 0.0234375 0.421875
1 0.090625 0.40625 0.0234375 0.3578125
11 0.175 0.4046875 0.034375 0.6109375
11 0.23125 0.29375 0.0375 0.5640625
11 0.29375 0.4 0.034375 0.575
11 0.384375 0.46875 0.03125 0.6171875
11 0.446875 0.5125 0.0265625 0.70625
11 0.5109375 0.5671875 0.03125 0.634375
11 0.6 0.39375 0.03125 0.6
11 0.6640625 0.471875 0.03125 0.5234375
11 0.721875 0.696875 0.0328125 0.5515625
11 0.8125 0.6625 0.0296875 0.6203125
11 0.875 0.384375 0.03125 0.6421875
11 0.934375 0.58125 0.0359375 0.621875