0 0.025 0.5 0.04375 1
2 0.0640625 0.2234375 0.0203125 0.446875
8 0.1296875 0.6578125 0.0296875 0.684375
11 0.23125 0.528125 0.0296875 0.6515625
11 0.309375 0.5359375 0.0296875 0.6828125
11 0.3625 0.63125 0.03125 0.63125
11 0.4125 0.609375 0.0265625 0.709375
4 0.465625 0.484375 0.0203125 0.3625
13 0.53125 0.5625 0.0359375 0.709375
8 0.578125 0.59375 0.0234375 0.70625
3 0.6578125 0.4953125 0.0265625 0.7890625
3 0.690625 0.4375 0.028125 0.6890625
3 0.7234375 0.653125 0.028125 0.6890625
3 0.753125 0.5625 0.0359375 0.8734375
11 0.8140625 0.53125 0.0328125 0.8234375
11 0.8703125 0.6125 0.0265625 0.7296875