2 0.003125 0.2125 0.00625 0.425
3 0.115625 0.6390625 0.0328125 0.721875
3 0.234375 0.628125 0.03125 0.6421875
13 0.29375 0.403125 0.0296875 0.6953125
3 0.328125 0.546875 0.03125 0.7140625
3 0.375 0.625 0.0390625 0.75
3 0.41875 0.7359375 0.0265625 0.528125
3 0.46875 0.6359375 0.0328125 0.7078125
3 0.715625 0.4703125 0.0578125 0.721875
3 0.790625 0.56875 0.053125 0.8140625
3 0.9015625 0.5375 0.04375 0.8265625
3 0.9515625 0.5265625 0.04375 0.8078125
3 0.98984375 0.56875 0.0203125 0.7875
13 0.853125 0.515625 0.05625 0.8140625
11 0.540625 0.625 0.0359375 0.75
11 0.634375 0.615625 0.028125 0.6953125
3 0.99921875 0.56875 0.0015625 0.7875