1 0.0125 0.6109375 0.025 0.4609375
1 0.0328125 0.4125 0.0234375 0.3921875
11 0.125 0.4109375 0.0390625 0.6703125
11 0.1875 0.296875 0.040625 0.59375
11 0.25625 0.40625 0.0375 0.6296875
11 0.35625 0.48125 0.034375 0.6765625
11 0.421875 0.528125 0.028125 0.7734375
11 0.49375 0.5890625 0.034375 0.6953125
11 0.5890625 0.4 0.034375 0.6578125
11 0.659375 0.484375 0.0328125 0.5734375
11 0.725 0.7140625 0.0359375 0.5703125
11 0.82109375 0.67421875 0.0328125 0.6515625
11 0.890625 0.390625 0.034375 0.703125
11 0.95625 0.60625 0.0390625 0.68125