1 0.040625 0.346875 0.0125 0.3484375
1 0.053125 0.578125 0.0125 0.3484375
1 0.065625 0.396875 0.0125 0.3421875
12 0.2625 0.528125 0.0203125 0.4734375
11 0.303125 0.546875 0.0234375 0.496875
8 0.35625 0.4015625 0.01875 0.5546875
11 0.434375 0.58125 0.0171875 0.5578125
8 0.490625 0.596875 0.015625 0.515625
11 0.565625 0.64375 0.01875 0.5390625
11 0.621875 0.7 0.01875 0.49375
11 0.659375 0.6953125 0.021875 0.5453125
5 0.778125 0.30625 0.015625 0.19375
8 0.884375 0.4109375 0.015625 0.5484375
11 0.959375 0.3828125 0.0171875 0.503125