8 0.2375 0.70234375 0.025 0.5953125
8 0.3125 0.6125 0.0234375 0.59375
8 0.409375 0.66875 0.025 0.59375
8 0.596875 0.55 0.0203125 0.59375
5 0.125 0.8953125 0.0265625 0.175
5 0.4828125 0.68125 0.0265625 0.175
1 0.021875 0.346875 0.0140625 0.35625
1 0.0375 0.1546875 0.0125 0.309375
1 0.053125 0.4 0.0125 0.3609375
11 0.69375 0.503125 0.0203125 0.5875
11 0.740625 0.43125 0.0203125 0.59375
11 0.790625 0.346875 0.0203125 0.5703125
11 0.8375 0.296875 0.01875 0.5828125
11 0.884375 0.61875 0.021875 0.5828125
11 0.9359375 0.68125 0.01875 0.571875
11 0.984375 0.490625 0.0203125 0.5765625