1 0.98125 0.5859375 0.021875 0.4125
1 0.965625 0.753125 0.0203125 0.3953125
1 0.9484375 0.515625 0.01875 0.3953125
1 0.93125 0.71875 0.0171875 0.3703125
1 0.9109375 0.409375 0.021875 0.49375
4 0.728125 0.475 0.0265625 0.3390625
3 0.69375 0.43125 0.028125 0.525
3 0.65625 0.496875 0.0234375 0.5984375
3 0.6265625 0.5046875 0.021875 0.7140625
3 0.584375 0.471875 0.025 0.7
3 0.5515625 0.403125 0.028125 0.66875
3 0.5203125 0.353125 0.0234375 0.653125
3 0.4875 0.30625 0.03125 0.6125
8 0.415625 0.6125 0.021875 0.54375
12 0.340625 0.471875 0.03125 0.55625
12 0.2875 0.4546875 0.0328125 0.5203125
4 0.2203125 0.49375 0.0234375 0.3109375
3 0.1828125 0.275 0.0296875 0.55
3 0.1546875 0.340625 0.028125 0.6796875
3 0.1125 0.4109375 0.021875 0.79375
3 0.08125 0.4890625 0.021875 0.7375
3 0.040625 0.4375 0.0203125 0.7234375
3 0.0125 0.425 0.0171875 0.65
1 0.0625 0.759375 0.01875 0.4046875