0 0.0296875 0.503125 0.0453125 0.9921875
2 0.071875 0.2046875 0.0203125 0.3921875
11 0.1625 0.5578125 0.0265625 0.5984375
11 0.2734375 0.6953125 0.021875 0.590625
11 0.390625 0.5578125 0.021875 0.6078125
11 0.453125 0.496875 0.0234375 0.6078125
11 0.5125 0.503125 0.021875 0.6203125
11 0.575 0.559375 0.025 0.603125
11 0.659375 0.55625 0.025 0.5953125
11 0.721875 0.634375 0.0265625 0.6078125
11 0.784375 0.6953125 0.0234375 0.590625
11 0.9375 0.6953125 0.0234375 0.58125
8 0.8453125 0.353125 0.0234375 0.603125
3 0.3515625 0.63125 0.028125 0.590625