1 0.0296875 0.6375 0.0203125 0.3421875
1 0.0546875 0.384375 0.0203125 0.321875
11 0.3125 0.3875 0.028125 0.534375
11 0.384375 0.5 0.0265625 0.5296875
11 0.565625 0.56875 0.0328125 0.5234375
11 0.8609375 0.3203125 0.03125 0.559375
11 0.93125 0.384375 0.0296875 0.509375
3 0.6625 0.38125 0.03125 0.5296875
3 0.7703125 0.434375 0.028125 0.540625
3 0.8171875 0.375 0.0296875 0.5296875
13 0.7078125 0.4140625 0.025 0.58125
13 0.7359375 0.44375 0.0328125 0.6390625
13 0.521875 0.575 0.04375 0.534375
3 0.453125 0.615625 0.0296875 0.5375