1 0.00625 0.278125 0.0109375 0.34375
3 0.115625 0.2890625 0.03125 0.578125
3 0.221875 0.4234375 0.025 0.5421875
3 0.265625 0.425 0.025 0.5625
3 0.30625 0.4234375 0.0296875 0.5671875
3 0.35 0.4234375 0.025 0.559375
3 0.484375 0.525 0.028125 0.75625
3 0.56875 0.4296875 0.028125 0.546875
4 0.528125 0.5578125 0.0203125 0.2484375
2 0.4328125 0.2875 0.0203125 0.3609375
3 0.64375 0.496875 0.028125 0.6734375
3 0.753125 0.321875 0.0265625 0.6421875
3 0.790625 0.3640625 0.0375 0.61875
3 0.840625 0.371875 0.0359375 0.71875
13 0.39375 0.525 0.0265625 0.78125
13 0.68125 0.453125 0.03125 0.7359375
13 0.8796875 0.384375 0.0328125 0.7140625
11 0.953125 0.278125 0.03125 0.55625