0 0.025 0.49375 0.0328125 0.95625
2 0.05625 0.20625 0.0140625 0.3921875
2 0.071875 0.4109375 0.0140625 0.38125
11 0.1375 0.3515625 0.01875 0.5640625
3 0.1859375 0.6875 0.021875 0.6125
3 0.625 0.653125 0.0203125 0.65
13 0.221875 0.6421875 0.025 0.6390625
11 0.2484375 0.5421875 0.01875 0.590625
11 0.2984375 0.3546875 0.021875 0.590625
11 0.365625 0.690625 0.021875 0.596875
11 0.415625 0.35 0.021875 0.590625
11 0.509375 0.5453125 0.01875 0.628125
11 0.578125 0.509375 0.021875 0.6015625
11 0.690625 0.3515625 0.0203125 0.5640625
11 0.7375 0.403125 0.01875 0.559375
11 0.80625 0.40625 0.0203125 0.5859375
11 0.8546875 0.478125 0.01875 0.5796875
11 0.9484375 0.553125 0.0203125 0.590625
13 0.6625 0.69375 0.0265625 0.5796875
12 0.903125 0.478125 0.015625 0.4296875
12 0.4625 0.475 0.0140625 0.3921875