1 0.0328125 0.378125 0.03125 0.4578125
1 0.0703125 0.171875 0.03125 0.3421875
11 0.240625 0.6390625 0.046875 0.7171875
13 0.365625 0.609375 0.0484375 0.7703125
13 0.41875 0.6015625 0.0515625 0.796875
13 0.475 0.58125 0.0484375 0.81875
13 0.53125 0.5375 0.05 0.8015625
13 0.590625 0.4390625 0.05 0.759375
13 0.646875 0.4625 0.046875 0.89375
13 0.70234375 0.40625 0.0515625 0.8125
13 0.7578125 0.365625 0.046875 0.73125
13 0.81875 0.4453125 0.0515625 0.759375
13 0.8703125 0.4875 0.046875 0.871875
13 0.92734375 0.53671875 0.0484375 0.9265625
13 0.97734375 0.57421875 0.0453125 0.8515625
13 0.99921875 0.57421875 0.0015625 0.8515625