12 0.0421875 0.384375 0.021875 0.50625
12 0.1625 0.4 0.0171875 0.515625
4 0.2265625 0.4 0.0203125 0.3
3 0.26875 0.403125 0.025 0.671875
3 0.309375 0.3203125 0.0234375 0.640625
3 0.353125 0.63125 0.025 0.65
3 0.5421875 0.3875 0.025 0.65
3 0.584375 0.384375 0.0265625 0.65
3 0.6265625 0.3203125 0.025 0.640625
3 0.66875 0.625 0.0265625 0.6921875
3 0.859375 0.40625 0.0265625 0.65625
3 0.89765625 0.284375 0.0296875 0.56875
3 0.9421875 0.325 0.028125 0.6484375
3 0.984375 0.471875 0.0265625 0.68125
13 0.421875 0.3421875 0.0234375 0.684375
13 0.4515625 0.3640625 0.025 0.728125
13 0.48125 0.36875 0.025 0.7375
13 0.509375 0.359375 0.0265625 0.71875
13 0.7390625 0.35625 0.0234375 0.7109375
13 0.7671875 0.35625 0.028125 0.7109375
13 0.796875 0.371875 0.028125 0.74375
13 0.825 0.3640625 0.028125 0.728125