0 0.975 0.5 0.040625 1
2 0.9375 0.7375 0.0265625 0.525
2 0.915625 0.60625 0.0296875 0.521875
5 0.834375 0.1375 0.05625 0.275
11 0.675 0.51875 0.03125 0.778125
11 0.61875 0.615625 0.0328125 0.75
11 0.5625 0.50625 0.0375 0.6953125
11 0.50625 0.446875 0.025 0.6734375
11 0.421875 0.3703125 0.025 0.6875
11 0.365625 0.4875 0.0359375 0.840625
11 0.3078125 0.415625 0.0296875 0.709375
11 0.253125 0.3296875 0.025 0.659375
11 0.16796875 0.67109375 0.0328125 0.6578125
11 0.1078125 0.646875 0.0296875 0.659375
11 0.053125 0.484375 0.03125 0.8203125
11 0.00625 0.3296875 0.0125 0.659375