0 0.9953125 0.5 0.009375 1
2 0.97421875 0.81171875 0.0140625 0.3765625
2 0.959375 0.61875 0.015625 0.4484375
12 0.753125 0.525 0.0171875 0.4484375
3 0.709375 0.4203125 0.0203125 0.69375
3 0.2375 0.3953125 0.021875 0.60625
3 0.209375 0.4328125 0.025 0.69375
3 0.178125 0.509375 0.021875 0.65625
3 0.146875 0.584375 0.025 0.65625
11 0.628125 0.615625 0.0234375 0.63125
11 0.5828125 0.59375 0.0203125 0.65
11 0.534375 0.60625 0.021875 0.625
11 0.4875 0.671875 0.025 0.64375
11 0.3046875 0.7171875 0.021875 0.565625
11 0.11796875 0.69296875 0.0203125 0.6140625
11 0.06875 0.659375 0.0203125 0.5421875
11 0.025 0.7375 0.0203125 0.5234375
8 0.421875 0.603125 0.01875 0.64375
12 0.35 0.534375 0.0203125 0.5046875
13 0.671875 0.46875 0.028125 0.725