0 0.0125 0.5 0.025 1
1 0.04375 0.6 0.0140625 0.39375
1 0.0625 0.803125 0.0140625 0.39375
8 0.2171875 0.58125 0.025 0.6390625
11 0.321875 0.440625 0.021875 0.65
11 0.375 0.3609375 0.0234375 0.634375
11 0.428125 0.3078125 0.021875 0.615625
11 0.484375 0.68125 0.0234375 0.628125
11 0.55859375 0.31875 0.0203125 0.6375
8 0.6875 0.665625 0.0234375 0.6234375
8 0.7671875 0.4453125 0.0203125 0.671875
8 0.85 0.371875 0.021875 0.634375
8 0.928125 0.3078125 0.0203125 0.615625
3 0.61875 0.671875 0.028125 0.6453125
3 0.65 0.6203125 0.025 0.69375