2 0.0765625 0.5859375 0.0203125 0.3828125
12 0.2765625 0.521875 0.0203125 0.428125
4 0.3375 0.5625 0.025 0.328125
13 0.40625 0.48125 0.028125 0.509375
3 0.45625 0.5 0.028125 0.553125
13 0.49375 0.5890625 0.025 0.625
13 0.521875 0.621875 0.0234375 0.559375
3 0.5484375 0.46875 0.03125 0.5203125
3 0.5875 0.51875 0.03125 0.51875
11 0.65 0.5765625 0.03125 0.5515625
3 0.7140625 0.615625 0.03125 0.5234375
13 0.78125 0.5203125 0.0265625 0.5609375
11 0.83125 0.525 0.03125 0.4828125
13 0.8875 0.61875 0.0296875 0.61875
13 0.9171875 0.653125 0.028125 0.559375
13 0.94375 0.5328125 0.025 0.675
13 0.971875 0.6203125 0.0265625 0.55