11 0.071875 0.45 0.025 0.740625
3 0.128125 0.4203125 0.025 0.746875
13 0.1765625 0.4171875 0.025 0.7265625
11 0.20625 0.446875 0.025 0.7078125
12 0.259375 0.446875 0.021875 0.5296875
11 0.346875 0.3171875 0.0234375 0.634375
3 0.40234375 0.303125 0.0265625 0.60625
13 0.453125 0.3171875 0.025 0.634375
11 0.48125 0.3078125 0.0265625 0.615625
12 0.534375 0.459375 0.0203125 0.5546875
11 0.61875 0.6125 0.025 0.6828125
3 0.69375 0.525 0.025 0.7015625
11 0.734375 0.36875 0.0234375 0.734375
3 0.8125 0.321875 0.0359375 0.6421875
11 0.86875 0.66875 0.0234375 0.6609375
3 0.94375 0.603125 0.028125 0.7140625
8 0.99375 0.3171875 0.0109375 0.634375