0 0.98671875 0.5078125 0.0265625 0.984375
1 0.9484375 0.484375 0.034375 0.4
8 0.83125 0.4921875 0.0484375 0.6609375
3 0.7015625 0.65 0.0421875 0.6984375
13 0.653125 0.6265625 0.0359375 0.746875
13 0.6078125 0.70625 0.040625 0.5875
3 0.56875 0.321875 0.0453125 0.6421875
13 0.5125 0.415625 0.04375 0.796875
13 0.4671875 0.46875 0.04375 0.7828125
11 0.3953125 0.6 0.046875 0.5375
11 0.31875 0.525 0.0390625 0.7296875
13 0.23125 0.528125 0.0359375 0.8453125
13 0.19375 0.571875 0.0296875 0.7875
13 0.15625 0.60625 0.040625 0.7859375
13 0.11328125 0.64296875 0.0390625 0.7140625
13 0.06875 0.296875 0.040625 0.59375
13 0.028125 0.3375 0.034375 0.675
13 0.00625 0.384375 0.0109375 0.76875
0 0.99921875 0.5078125 0.0015625 0.984375