1 0.09375 0.740625 0.0421875 0.3921875
1 0.128125 0.4515625 0.034375 0.3765625
1 0.159375 0.6828125 0.040625 0.3921875
13 0.28125 0.565625 0.0765625 0.8671875
13 0.340625 0.690625 0.046875 0.6171875
13 0.384375 0.671875 0.04375 0.6546875
13 0.43125 0.6171875 0.04375 0.7578125
13 0.471875 0.59375 0.0453125 0.784375
13 0.521875 0.559375 0.046875 0.871875
13 0.60625 0.5328125 0.05 0.934375
13 0.653125 0.75 0.0390625 0.5
13 0.696875 0.709375 0.0421875 0.58125
13 0.74375 0.671875 0.0375 0.6546875
13 0.7875 0.6546875 0.0390625 0.690625
13 0.8375 0.609375 0.0421875 0.7796875
3 0.91875 0.64375 0.046875 0.7125
3 0.9796875 0.6140625 0.040625 0.771875