4 0.275 0.45 0.025 0.234375
13 0.3125 0.2703125 0.0265625 0.540625
13 0.340625 0.334375 0.028125 0.6671875
13 0.4453125 0.5859375 0.028125 0.521875
13 0.5375 0.25 0.0265625 0.5
13 0.56484375 0.303125 0.0296875 0.60625
13 0.59375 0.3375 0.0265625 0.6734375
13 0.621875 0.35 0.028125 0.7
13 0.746875 0.4046875 0.0265625 0.6265625
13 0.7734375 0.36875 0.0265625 0.5671875
13 0.8015625 0.459375 0.0265625 0.759375
13 0.83125 0.425 0.028125 0.5703125
13 0.925 0.3453125 0.0265625 0.6109375
13 0.953125 0.3046875 0.0265625 0.5671875
13 0.98125 0.396875 0.028125 0.765625
3 0.3734375 0.4625 0.0265625 0.5046875
11 0.471875 0.278125 0.025 0.521875
11 0.68125 0.453125 0.0234375 0.5
11 0.8609375 0.396875 0.025 0.5078125
2 0.5140625 0.39375 0.0203125 0.3453125