0 0.03125 0.503125 0.0484375 0.9921875
12 0.13125 0.490625 0.025 0.4484375
12 0.196875 0.5 0.025 0.45625
11 0.2609375 0.3390625 0.03125 0.596875
11 0.4296875 0.490625 0.0265625 0.596875
11 0.4953125 0.346875 0.0265625 0.6046875
11 0.6796875 0.690625 0.025 0.609375
8 0.5875 0.4109375 0.0234375 0.6171875
3 0.3484375 0.65 0.0234375 0.625
13 0.396875 0.5859375 0.0359375 0.678125
13 0.8203125 0.5859375 0.034375 0.6453125
13 0.9640625 0.646875 0.034375 0.6296875
11 0.853125 0.49375 0.0234375 0.625
3 0.771875 0.653125 0.0265625 0.625
3 0.91875 0.5921875 0.025 0.675