0 0.0265625 0.50234375 0.040625 0.9953125
1 0.065625 0.4203125 0.015625 0.3796875
1 0.084375 0.2 0.015625 0.3796875
1 0.103125 0.490625 0.015625 0.375
12 0.175 0.490625 0.0171875 0.4421875
3 0.246875 0.29375 0.0265625 0.5859375
3 0.28125 0.321875 0.021875 0.634375
3 0.315625 0.30625 0.0234375 0.6109375
3 0.35 0.675 0.0234375 0.65
3 0.38125 0.696875 0.028125 0.5875
3 0.4140625 0.6625 0.034375 0.634375
3 0.678125 0.6109375 0.021875 0.6921875
3 0.709375 0.659375 0.0296875 0.634375
3 0.7453125 0.69609375 0.028125 0.6078125
3 0.784375 0.6375 0.021875 0.6015625
3 0.815625 0.596875 0.028125 0.6453125
3 0.85 0.55 0.034375 0.7078125
3 0.890625 0.4734375 0.021875 0.678125
3 0.91875 0.5171875 0.0328125 0.640625
3 0.953125 0.4859375 0.0328125 0.721875
8 0.4796875 0.5625 0.0203125 0.60625
11 0.584375 0.571875 0.021875 0.596875