1 0.0875 0.4125 0.028125 0.4140625
1 0.109375 0.209375 0.028125 0.3453125
1 0.1359375 0.45 0.021875 0.35625
0 0.034375 0.5 0.0578125 1
12 0.23125 0.4984375 0.0375 0.5046875
3 0.2953125 0.6875 0.0453125 0.59375
3 0.3984375 0.6375 0.0328125 0.6296875
3 0.490625 0.578125 0.025 0.5984375
3 0.609375 0.4875 0.03125 0.5953125
3 0.70625 0.4453125 0.028125 0.6109375
3 0.796875 0.38125 0.0265625 0.6015625
3 0.909375 0.321875 0.03125 0.628125
13 0.359375 0.684375 0.0390625 0.6296875
13 0.45625 0.628125 0.0359375 0.6515625
13 0.55 0.571875 0.034375 0.615625
13 0.6703125 0.496875 0.03125 0.621875
13 0.7625 0.4375 0.025 0.61875
13 0.8546875 0.371875 0.0328125 0.6171875
13 0.9671875 0.3140625 0.03125 0.628125