12 0.778125 0.565625 0.0484375 0.6890625
4 0.7 0.55625 0.028125 0.3828125
3 0.6578125 0.68125 0.04375 0.6359375
3 0.609375 0.596875 0.0390625 0.60625
3 0.5625 0.5875 0.0296875 0.5671875
3 0.4671875 0.403125 0.025 0.6125
4 0.515625 0.559375 0.025 0.3421875
3 0.396875 0.565625 0.0359375 0.6859375
3 0.3421875 0.6046875 0.0359375 0.6125
13 0.26875 0.603125 0.0359375 0.6171875
13 0.2328125 0.634375 0.0296875 0.5640625
13 0.203125 0.7140625 0.03125 0.5703125
3 0.146875 0.4921875 0.028125 0.6234375
3 0.10625 0.5 0.0328125 0.6296875
12 0.0546875 0.540625 0.0265625 0.46875
2 0.175 0.328125 0.025 0.365625