0 0.98125 0.5 0.0359375 1
1 0.9515625 0.5734375 0.0171875 0.4125
1 0.9328125 0.790625 0.0171875 0.390625
1 0.915625 0.48125 0.01875 0.384375
11 0.84375 0.296875 0.0203125 0.5921875
13 0.790625 0.7078125 0.021875 0.584375
13 0.76875 0.6765625 0.0203125 0.646875
13 0.74375 0.640625 0.0203125 0.715625
13 0.721875 0.5859375 0.0203125 0.75
11 0.6984375 0.4234375 0.01875 0.6125
3 0.63125 0.49375 0.025 0.621875
8 0.5765625 0.503125 0.0234375 0.640625
8 0.4953125 0.421875 0.025 0.640625
3 0.39375 0.4890625 0.0203125 0.76875
13 0.353125 0.440625 0.028125 0.765625
3 0.328125 0.3765625 0.0203125 0.68125
13 0.2875 0.353125 0.03125 0.590625
11 0.2609375 0.2875 0.021875 0.571875
3 0.1859375 0.6234375 0.0453125 0.6625
8 0.1375 0.63125 0.0328125 0.596875
8 0.05625 0.5703125 0.0375 0.61875