2 0.0828125 0.5609375 0.025 0.3765625
2 0.103125 0.7375 0.021875 0.35625
2 0.125 0.521875 0.021875 0.353125
4 0.3703125 0.534375 0.0234375 0.2265625
3 0.415625 0.40625 0.0375 0.54375
3 0.465625 0.6984375 0.0328125 0.53125
3 0.546875 0.64375 0.0328125 0.5078125
3 0.6078125 0.45625 0.0484375 0.6015625
3 0.6515625 0.515625 0.03125 0.5546875
13 0.69375 0.5765625 0.04375 0.7671875
3 0.7984375 0.6265625 0.0390625 0.6078125
3 0.85 0.6796875 0.034375 0.55
3 0.896875 0.40625 0.0375 0.515625
3 0.95 0.390625 0.04375 0.5078125