1 0.9453125 0.390625 0.0171875 0.4203125
1 0.925 0.6125 0.0171875 0.3984375
1 0.9046875 0.315625 0.01875 0.43125
12 0.828125 0.3640625 0.01875 0.4953125
4 0.7703125 0.3453125 0.0171875 0.31875
3 0.734375 0.684375 0.025 0.6296875
11 0.696875 0.5234375 0.0203125 0.6421875
11 0.6390625 0.534375 0.0234375 0.653125
12 0.55625 0.378125 0.021875 0.5125
3 0.5 0.528125 0.0234375 0.653125
3 0.275 0.615625 0.0234375 0.6203125
13 0.4640625 0.534375 0.021875 0.63125
13 0.4390625 0.6015625 0.0234375 0.66875
11 0.4125 0.45625 0.0203125 0.6578125
11 0.35625 0.4421875 0.021875 0.684375
11 0.1125 0.309375 0.021875 0.61875
11 0.0546875 0.315625 0.0234375 0.6296875
13 0.2375 0.6125 0.0234375 0.7109375
13 0.2125 0.6015625 0.0234375 0.6796875
3 0.184375 0.6125 0.0234375 0.7015625
3 0.15 0.453125 0.021875 0.6953125