0 0.021875 0.55625 0.04375 0.83125
1 0.05625 0.4640625 0.01875 0.31875
13 0.1265625 0.4765625 0.0296875 0.578125
13 0.153125 0.5359375 0.0203125 0.690625
13 0.175 0.4 0.0203125 0.5625
13 0.2 0.4578125 0.0234375 0.6046875
11 0.24375 0.634375 0.025 0.4609375
11 0.2921875 0.359375 0.03125 0.4390625
12 0.3453125 0.4984375 0.015625 0.3796875
3 0.39375 0.55625 0.01875 0.6109375
13 0.428125 0.5515625 0.0234375 0.54375
13 0.45 0.575 0.021875 0.5203125
2 0.49375 0.4578125 0.01875 0.35625
11 0.5125 0.60625 0.021875 0.4828125
11 0.565625 0.54375 0.03125 0.4953125
3 0.665625 0.3515625 0.0234375 0.53125
12 0.6171875 0.515625 0.0203125 0.3578125
13 0.70625 0.40625 0.0265625 0.5453125
11 0.7515625 0.4375 0.0265625 0.45
2 0.784375 0.4625 0.015625 0.3421875
13 0.803125 0.709375 0.021875 0.58125
13 0.8265625 0.74609375 0.021875 0.5078125
13 0.846875 0.628125 0.0265625 0.6796875
13 0.871875 0.68125 0.021875 0.5484375
11 0.896875 0.425 0.0234375 0.4515625
11 0.946875 0.378125 0.028125 0.5109375