0 0.99375 0.4921875 0.0125 0.984375
2 0.96875 0.759375 0.0203125 0.475
2 0.9453125 0.546875 0.01875 0.4171875
2 0.92734375 0.81484375 0.0171875 0.3703125
11 0.828125 0.625 0.028125 0.63125
11 0.684375 0.328125 0.0265625 0.6171875
11 0.5125 0.3234375 0.0296875 0.6078125
11 0.3375 0.46875 0.025 0.6125
11 0.178125 0.4703125 0.028125 0.6171875
8 0.275 0.409375 0.0265625 0.6359375
3 0.61875 0.68984375 0.028125 0.6203125
3 0.58125 0.665625 0.0265625 0.66875
3 0.446875 0.684375 0.028125 0.6296875
3 0.4078125 0.6609375 0.028125 0.678125
3 0.0640625 0.596875 0.0328125 0.66875
13 0.0890625 0.6453125 0.0296875 0.709375
13 0.009375 0.6609375 0.01875 0.678125