2 0.978125 0.1921875 0.015625 0.384375
2 0.959375 0.36875 0.0171875 0.471875
8 0.884375 0.33125 0.021875 0.6609375
12 0.803125 0.484375 0.01875 0.5484375
3 0.7484375 0.321875 0.021875 0.6421875
3 0.4921875 0.3125 0.0203125 0.625
3 0.2390625 0.503125 0.0234375 0.7140625
12 0.546875 0.459375 0.015625 0.5234375
12 0.290625 0.465625 0.0234375 0.4984375
12 0.0375 0.4875 0.01875 0.515625
11 0.65625 0.678125 0.0203125 0.64375
11 0.6 0.3171875 0.0203125 0.634375
11 0.403125 0.678125 0.0203125 0.64375
11 0.346875 0.321875 0.0203125 0.6421875
11 0.1453125 0.3921875 0.0203125 0.6953125
11 0.090625 0.46875 0.01875 0.6578125
13 0.70078125 0.325 0.0203125 0.65
13 0.44609375 0.325 0.0203125 0.65
13 0.196875 0.503125 0.03125 0.753125