0 0.0328125 0.5296875 0.0515625 0.875
1 0.08125 0.453125 0.01875 0.3453125
1 0.1 0.265625 0.015625 0.328125
1 0.1171875 0.5046875 0.0171875 0.334375
8 0.2125 0.2765625 0.028125 0.50625
11 0.315625 0.28125 0.0265625 0.5296875
13 0.403125 0.34375 0.028125 0.5328125
13 0.434375 0.353125 0.0328125 0.540625
13 0.49375 0.425 0.0265625 0.5734375
13 0.525 0.43125 0.03125 0.596875
13 0.55625 0.484375 0.028125 0.5734375
13 0.5875 0.4875 0.0328125 0.5828125
13 0.61875 0.56875 0.028125 0.5859375
13 0.65 0.56875 0.03125 0.5671875
13 0.68125 0.5875 0.028125 0.540625
13 0.7125 0.6 0.03125 0.5375
13 0.746875 0.675 0.028125 0.5734375
13 0.7765625 0.678125 0.03125 0.5703125
13 0.809375 0.709375 0.0328125 0.5234375
13 0.8390625 0.728125 0.0296875 0.54375
13 0.875 0.375 0.028125 0.5625
13 0.9046875 0.371875 0.03125 0.5734375
13 0.9359375 0.4203125 0.028125 0.5953125
13 0.9671875 0.434375 0.028125 0.5734375