1 0.04375 0.675 0.0140625 0.3421875
11 0.178125 0.2875 0.01875 0.5265625
3 0.2375 0.296875 0.0203125 0.53125
3 0.503125 0.5375 0.021875 0.553125
3 0.534375 0.5359375 0.0203125 0.5484375
3 0.61875 0.6046875 0.0234375 0.6640625
3 0.809375 0.53125 0.021875 0.5265625
3 0.840625 0.6015625 0.021875 0.54375
8 0.2875 0.475 0.021875 0.5328125
11 0.359375 0.478125 0.01875 0.559375
11 0.65 0.5859375 0.0203125 0.553125
11 0.696875 0.5875 0.0203125 0.559375
11 0.871875 0.478125 0.0203125 0.5265625
11 0.915625 0.478125 0.0203125 0.5375
11 0.9640625 0.471875 0.021875 0.5265625
12 0.40625 0.4671875 0.0125 0.4
12 0.7625 0.475 0.0125 0.384375
4 0.471875 0.478125 0.0140625 0.221875
13 0.5625 0.5171875 0.0203125 0.5859375
13 0.596875 0.5375 0.025 0.6796875
1 0.58125 0.8421875 0.0125 0.315625