0 0.01875 0.521875 0.0359375 0.9046875
1 0.05625 0.615625 0.015625 0.3125
1 0.075 0.784375 0.0171875 0.3375
3 0.16875 0.475 0.0234375 0.5453125
3 0.28984375 0.73984375 0.0234375 0.5203125
13 0.325 0.70625 0.0234375 0.5828125
13 0.3484375 0.671875 0.0203125 0.625
3 0.371875 0.25 0.01875 0.5
3 0.4 0.459375 0.0328125 0.91875
2 0.43125 0.6125 0.0171875 0.3296875
2 0.628125 0.6015625 0.0171875 0.359375
2 0.8640625 0.365625 0.0203125 0.359375
3 0.453125 0.4078125 0.0234375 0.5375
3 0.48125 0.4328125 0.034375 0.5953125
3 0.75625 0.3671875 0.021875 0.6421875
3 0.909375 0.665625 0.0234375 0.6125
11 0.525 0.540625 0.021875 0.5234375
11 0.9453125 0.540625 0.021875 0.515625
13 0.60625 0.4578125 0.0234375 0.6546875
13 0.6453125 0.390625 0.03125 0.553125
13 0.671875 0.41875 0.021875 0.659375
13 0.696875 0.4375 0.0265625 0.7140625
13 0.790625 0.31875 0.0234375 0.6125
13 0.815625 0.284375 0.0234375 0.5453125
13 0.84375 0.73984375 0.028125 0.5203125
13 0.884375 0.646875 0.021875 0.7015625