2 0.01875 0.771875 0.021875 0.45625
2 0.0390625 0.6046875 0.0203125 0.55
2 0.059375 0.83125 0.0265625 0.3359375
8 0.1375 0.6375 0.034375 0.7234375
11 0.21640625 0.365625 0.0359375 0.73125
11 0.2765625 0.625 0.0375 0.75
5 0.359375 0.740625 0.028125 0.184375
8 0.5125 0.5109375 0.021875 0.765625
11 0.6203125 0.41875 0.0234375 0.7046875
8 0.703125 0.378125 0.028125 0.68125
11 0.784375 0.590625 0.0265625 0.6984375
11 0.840625 0.51875 0.0265625 0.7625
8 0.91875 0.4546875 0.0234375 0.715625
11 0.99609375 0.53125 0.0078125 0.715625
11 0.99921875 0.53125 0.0015625 0.715625