0 0.03125 0.5 0.0625 1
2 0.0859375 0.790625 0.025 0.4015625
2 0.1125 0.6125 0.03125 0.3578125
3 0.20859375 0.57421875 0.0484375 0.8515625
3 0.25859375 0.73984375 0.0421875 0.5203125
3 0.3125 0.6890625 0.0359375 0.621875
3 0.359375 0.671875 0.0390625 0.6546875
3 0.4109375 0.540625 0.028125 0.621875
3 0.459375 0.5109375 0.034375 0.6671875
3 0.5109375 0.453125 0.034375 0.665625
3 0.55625 0.409375 0.0390625 0.646875
3 0.64375 0.44375 0.0359375 0.85625
3 0.6921875 0.609375 0.03125 0.63125
3 0.734375 0.5828125 0.0359375 0.684375
3 0.784375 0.565625 0.0390625 0.7421875
3 0.8375 0.425 0.03125 0.53125
3 0.8828125 0.39375 0.0359375 0.6109375
3 0.93125 0.33125 0.0328125 0.6625
3 0.98125 0.3140625 0.0359375 0.628125