0 0.99375 0.55 0.0109375 0.8984375
2 0.971875 0.2796875 0.015625 0.3890625
2 0.959375 0.490625 0.0125 0.39375
2 0.9453125 0.215625 0.0125 0.3625
8 0.7640625 0.675 0.0203125 0.590625
11 0.6875 0.6890625 0.021875 0.5640625
3 0.621875 0.72109375 0.021875 0.5578125
11 0.565625 0.425 0.0234375 0.5328125
11 0.515625 0.415625 0.0203125 0.5640625
11 0.365625 0.4765625 0.0234375 0.575
11 0.16875 0.4921875 0.0203125 0.5546875
11 0.075 0.728125 0.0234375 0.54375
11 0.025 0.7171875 0.0203125 0.565625
3 0.10625 0.7125 0.0234375 0.5734375
8 0.26875 0.4921875 0.021875 0.575
8 0.4671875 0.4765625 0.021875 0.575
12 0.31875 0.55625 0.01875 0.4453125