0 0.0546875 0.4796875 0.090625 0.959375
2 0.1390625 0.79375 0.0375 0.3890625
2 0.178125 0.590625 0.040625 0.384375
2 0.215625 0.81875 0.040625 0.3609375
13 0.3703125 0.3375 0.0390625 0.6734375
13 0.4171875 0.28125 0.0515625 0.5625
13 0.471875 0.4796875 0.046875 0.7921875
13 0.515625 0.3828125 0.0546875 0.553125
13 0.571875 0.64609375 0.05 0.7078125
13 0.625 0.575 0.0546875 0.5515625
13 0.7203125 0.4828125 0.05 0.965625
13 0.7703125 0.365625 0.04375 0.6875
13 0.81875 0.3984375 0.04375 0.734375
13 0.875 0.365625 0.0421875 0.7265625
13 0.921875 0.3921875 0.04375 0.7796875
13 0.97109375 0.346875 0.0578125 0.69375
13 0.99921875 0.346875 0.0015625 0.69375