0 0.9734375 0.56875 0.053125 0.8625
2 0.93125 0.425 0.0296875 0.371875
2 0.903125 0.5921875 0.0328125 0.3796875
3 0.803125 0.4921875 0.0484375 0.56875
3 0.7453125 0.5125 0.0546875 0.53125
4 0.703125 0.66875 0.028125 0.2796875
3 0.653125 0.475 0.0390625 0.5640625
13 0.6078125 0.4625 0.034375 0.6453125
13 0.575 0.51875 0.0296875 0.6046875
3 0.540625 0.540625 0.03125 0.565625
4 0.4890625 0.646875 0.0359375 0.290625
3 0.440625 0.3375 0.0484375 0.6203125
8 0.3234375 0.58125 0.0375 0.6625
13 0.215625 0.646875 0.0421875 0.6390625
13 0.178125 0.6515625 0.03125 0.5671875
13 0.1453125 0.6203125 0.034375 0.603125
13 0.1125 0.6125 0.0296875 0.678125
13 0.0796875 0.571875 0.0296875 0.7578125
13 0.046875 0.65 0.0328125 0.678125
13 0.015625 0.6875 0.028125 0.621875