0 0.01875 0.5 0.0375 1
1 0.06875 0.578125 0.025 0.4796875
1 0.0890625 0.7984375 0.034375 0.403125
1 0.121875 0.503125 0.0296875 0.4515625
13 0.2515625 0.54375 0.046875 0.9125
13 0.3015625 0.4625 0.0484375 0.753125
11 0.35 0.334375 0.0421875 0.6671875
3 0.45 0.2984375 0.046875 0.596875
13 0.5078125 0.334375 0.0453125 0.6671875
13 0.55625 0.3859375 0.046875 0.771875
3 0.6015625 0.45625 0.0421875 0.9125
11 0.6625 0.471875 0.0484375 0.753125
3 0.771875 0.403125 0.0515625 0.671875
13 0.87265625 0.55234375 0.0453125 0.8953125
13 0.921875 0.471875 0.0453125 0.7453125
11 0.9671875 0.334375 0.0421875 0.6671875