0 0.03515625 0.51171875 0.0640625 0.9765625
1 0.08125 0.4046875 0.021875 0.390625
1 0.10625 0.215625 0.028125 0.3671875
1 0.13125 0.490625 0.028125 0.4046875
11 0.221875 0.6 0.05 0.625
13 0.32109375 0.365625 0.0453125 0.73125
13 0.3546875 0.296875 0.034375 0.5921875
3 0.39375 0.50625 0.034375 0.575
3 0.434375 0.5171875 0.034375 0.6078125
11 0.484375 0.4390625 0.03125 0.5359375
11 0.55625 0.375 0.04375 0.5265625
11 0.6328125 0.33125 0.0421875 0.5578125
11 0.740625 0.421875 0.0328125 0.609375
13 0.834375 0.6734375 0.0328125 0.653125
13 0.865625 0.621875 0.03125 0.7546875
3 0.9015625 0.41875 0.0296875 0.653125
3 0.9484375 0.4359375 0.0421875 0.59375