1 0.015625 0.459375 0.0234375 0.43125
4 0.18125 0.5921875 0.01875 0.3296875
4 0.2125 0.59375 0.0234375 0.3328125
3 0.253125 0.7078125 0.0453125 0.584375
3 0.29921875 0.58671875 0.0328125 0.8265625
3 0.3328125 0.5734375 0.0265625 0.6578125
3 0.365625 0.6 0.025 0.75
3 0.421875 0.5796875 0.0265625 0.840625
3 0.4515625 0.45 0.025 0.640625
3 0.484375 0.4625 0.0234375 0.790625
3 0.5421875 0.5375 0.03125 0.925
3 0.575 0.36875 0.034375 0.640625
3 0.60625 0.425 0.028125 0.8484375
11 0.659375 0.6140625 0.025 0.7390625
3 0.7625 0.63125 0.0234375 0.7359375
3 0.7921875 0.6171875 0.0296875 0.765625
3 0.825 0.5546875 0.0265625 0.6625
3 0.8828125 0.7 0.0265625 0.5984375
11 0.9125 0.425 0.028125 0.6625
3 0.98671875 0.43125 0.0265625 0.6375
3 0.99921875 0.43125 0.0015625 0.6375