0 0.0234375 0.540625 0.046875 0.9171875
1 0.0546875 0.4515625 0.0203125 0.371875
1 0.06875 0.3 0.01875 0.35625
1 0.084375 0.5140625 0.0171875 0.3578125
1 0.1 0.33125 0.015625 0.334375
1 0.11875 0.609375 0.01875 0.4453125
4 0.284375 0.55 0.025 0.30625
3 0.3171875 0.590625 0.025 0.475
3 0.35 0.53125 0.0203125 0.540625
3 0.378125 0.525 0.0203125 0.6453125
3 0.415625 0.553125 0.021875 0.6328125
3 0.446875 0.615625 0.025 0.6046875
3 0.475 0.6625 0.021875 0.590625
3 0.503125 0.7125 0.0265625 0.575
8 0.56875 0.428125 0.01875 0.490625
12 0.6375 0.55625 0.028125 0.503125
12 0.6875 0.5703125 0.03125 0.4703125
4 0.746875 0.534375 0.0203125 0.28125
3 0.78125 0.7421875 0.0265625 0.515625
3 0.809375 0.684375 0.025 0.6296875
3 0.8453125 0.609375 0.0203125 0.715625
3 0.8734375 0.5390625 0.0203125 0.665625
3 0.9109375 0.584375 0.01875 0.653125
3 0.9375 0.596875 0.015625 0.5859375
3 0.96875 0.61875 0.021875 0.5421875
1 0.8921875 0.29375 0.0171875 0.365625