2 0.984375 0.525 0.021875 0.3921875
2 0.9625 0.3171875 0.0171875 0.3734375
11 0.88359375 0.228125 0.0234375 0.45625
11 0.821875 0.31875 0.0234375 0.571875
11 0.7625 0.440625 0.0234375 0.5671875
11 0.703125 0.646875 0.0234375 0.5703125
8 0.6171875 0.6890625 0.025 0.621875
8 0.52890625 0.228125 0.0234375 0.45625
11 0.4109375 0.24375 0.0234375 0.4859375
11 0.34921875 0.25625 0.0234375 0.5125
11 0.290625 0.453125 0.025 0.5375
11 0.2328125 0.575 0.0265625 0.546875
8 0.14375 0.678125 0.025 0.6125
8 0.053125 0.39375 0.0265625 0.5609375