0 0.98125 0.5 0.0375 1
2 0.940625 0.81171875 0.021875 0.3765625
11 0.840625 0.459375 0.03125 0.7015625
11 0.69375 0.540625 0.03125 0.6890625
11 0.159375 0.334375 0.03125 0.6671875
11 0.0140625 0.684375 0.028125 0.63125
3 0.490625 0.5 0.0375 0.74375
3 0.440625 0.325 0.03125 0.65
3 0.29296875 0.35 0.0390625 0.7
3 0.234375 0.6796875 0.046875 0.640625
13 0.55625 0.4296875 0.0296875 0.734375
13 0.521875 0.465625 0.034375 0.8171875
13 0.35859375 0.359375 0.0296875 0.71875
13 0.3265625 0.4 0.03125 0.7984375