0 0.971875 0.4875 0.0421875 0.8921875
1 0.9328125 0.390625 0.015625 0.309375
1 0.9125 0.225 0.015625 0.334375
3 0.81875 0.53125 0.0234375 0.5375
3 0.7 0.26875 0.0234375 0.521875
13 0.665625 0.303125 0.0234375 0.575
13 0.64375 0.3375 0.0203125 0.6171875
3 0.61875 0.753125 0.01875 0.4921875
3 0.58984375 0.54609375 0.0328125 0.9078125
2 0.559375 0.396875 0.015625 0.325
2 0.365625 0.40625 0.0171875 0.3546875
2 0.13125 0.640625 0.0203125 0.353125
3 0.5390625 0.596875 0.0234375 0.5296875
3 0.509375 0.571875 0.034375 0.5875
3 0.2390625 0.6375 0.021875 0.634375
3 0.0875 0.34375 0.0234375 0.6046875
11 0.4671875 0.465625 0.021875 0.5171875
11 0.053125 0.465625 0.021875 0.509375
13 0.3875 0.546875 0.0234375 0.646875
13 0.3484375 0.615625 0.0296875 0.546875
13 0.321875 0.5875 0.021875 0.65
13 0.296875 0.56875 0.0265625 0.7046875
13 0.2046875 0.684375 0.0234375 0.6046875
13 0.18125 0.71875 0.0234375 0.5375
13 0.153125 0.265625 0.028125 0.5296875
13 0.1109375 0.3625 0.021875 0.6921875