12 0.9 0.55 0.021875 0.5484375
3 0.8453125 0.40625 0.0265625 0.7078125
13 0.8015625 0.34375 0.028125 0.6
2 0.7765625 0.4859375 0.015625 0.4703125
11 0.7546875 0.675 0.0234375 0.5875
11 0.703125 0.55 0.03125 0.771875
11 0.553125 0.659375 0.028125 0.65625
3 0.48046875 0.71796875 0.0296875 0.5640625
11 0.40625 0.5734375 0.0234375 0.6453125
2 0.425 0.7875 0.0203125 0.425
12 0.353125 0.584375 0.028125 0.509375
11 0.3 0.63125 0.0265625 0.659375
3 0.246875 0.56875 0.0265625 0.6296875
3 0.2078125 0.640625 0.0328125 0.6421875
3 0.153125 0.44375 0.0234375 0.7359375
3 0.071875 0.384375 0.01875 0.6875
13 0.121875 0.5 0.0203125 0.8046875
13 0.0984375 0.4625 0.0265625 0.7234375
13 0.040625 0.4390625 0.0234375 0.759375
13 0.015625 0.39375 0.025 0.65625