0 0.0078125 0.4875 0.015625 0.975
1 0.0375 0.571875 0.01875 0.3890625
1 0.05625 0.7890625 0.01875 0.39375
3 0.15625 0.5921875 0.034375 0.809375
3 0.203125 0.6875 0.0328125 0.6234375
3 0.453125 0.35625 0.0296875 0.5953125
3 0.490625 0.3859375 0.0421875 0.6640625
3 0.40625 0.2875 0.028125 0.575
3 0.5421875 0.334375 0.028125 0.6203125
3 0.821875 0.5578125 0.0359375 0.725
3 0.925 0.29375 0.025 0.575
3 0.9625 0.315625 0.0375 0.63125
11 0.31875 0.6453125 0.0296875 0.615625
8 0.7125 0.4203125 0.0296875 0.5953125
13 0.584375 0.3796875 0.0296875 0.684375
13 0.6171875 0.4 0.03125 0.75
13 0.865625 0.5875 0.028125 0.65625
13 0.896875 0.6453125 0.028125 0.6234375