1 0.0375 0.80625 0.0140625 0.3875
8 0.1703125 0.65625 0.0171875 0.6828125
11 0.240625 0.6328125 0.01875 0.690625
11 0.346875 0.4140625 0.0203125 0.6375
11 0.39375 0.503125 0.01875 0.6703125
11 0.4390625 0.565625 0.0171875 0.6640625
11 0.484375 0.49375 0.0203125 0.6640625
11 0.53125 0.4140625 0.021875 0.65
11 0.6484375 0.5625 0.01875 0.6703125
3 0.2875 0.5625 0.01875 0.6703125
3 0.315625 0.484375 0.0203125 0.6703125
8 0.578125 0.4875 0.01875 0.6640625
8 0.69375 0.64375 0.0171875 0.6703125
8 0.78125 0.49375 0.01875 0.65
8 0.871875 0.4140625 0.01875 0.6375
5 0.9421875 0.728125 0.025 0.1796875