1 0.0703125 0.365625 0.021875 0.321875
1 0.09375 0.5875 0.0171875 0.3578125
3 0.3125 0.5875 0.021875 0.5515625
13 0.346875 0.5953125 0.0296875 0.4984375
13 0.375 0.590625 0.025 0.53125
3 0.4015625 0.528125 0.025 0.5796875
3 0.4375 0.4875 0.03125 0.565625
3 0.478125 0.603125 0.03125 0.534375
3 0.515625 0.60625 0.0265625 0.5859375
12 0.553125 0.5484375 0.025 0.471875
11 0.634375 0.58125 0.025 0.5828125
13 0.7 0.43125 0.046875 0.546875
13 0.746875 0.425 0.0421875 0.53125
3 0.7859375 0.4265625 0.0375 0.5
3 0.828125 0.40625 0.0390625 0.5171875
3 0.8671875 0.534375 0.0375 0.5234375
3 0.909375 0.546875 0.0421875 0.546875
12 0.9375 0.55 0.0234375 0.475