0 0.009375 0.5078125 0.0171875 0.984375
1 0.040625 0.4265625 0.021875 0.378125
1 0.065625 0.2078125 0.021875 0.38125
3 0.18125 0.5015625 0.0515625 0.6046875
3 0.23125 0.4703125 0.0390625 0.6375
3 0.5203125 0.7078125 0.034375 0.584375
3 0.603125 0.296875 0.0390625 0.5921875
3 0.921875 0.6296875 0.0359375 0.721875
13 0.2890625 0.515625 0.034375 0.7296875
13 0.3234375 0.48125 0.028125 0.71875
13 0.653125 0.33125 0.0296875 0.6609375
13 0.6859375 0.296875 0.03125 0.5921875
13 0.884375 0.5515625 0.0328125 0.865625
13 0.9671875 0.703125 0.0421875 0.5921875
11 0.390625 0.7 0.0359375 0.6
11 0.7546875 0.56875 0.03125 0.59375
4 0.46875 0.5015625 0.025 0.2671875
4 0.8375 0.4984375 0.025 0.259375