2 0.046875 0.58125 0.0171875 0.346875
2 0.0625 0.7703125 0.0171875 0.3546875
4 0.3796875 0.54375 0.021875 0.246875
4 0.5640625 0.54375 0.0203125 0.2171875
3 0.41875 0.4765625 0.0265625 0.5484375
3 0.4578125 0.4140625 0.028125 0.553125
3 0.4984375 0.6 0.028125 0.546875
3 0.6125 0.5546875 0.040625 0.5359375
3 0.6546875 0.41875 0.040625 0.528125
13 0.7 0.41875 0.040625 0.5359375
13 0.7421875 0.4125 0.040625 0.515625
13 0.83125 0.46875 0.0390625 0.5234375
13 0.875 0.5390625 0.040625 0.5046875
13 0.9609375 0.5375 0.0390625 0.5078125
13 0.990625 0.596875 0.0171875 0.534375
3 0.7875 0.4125 0.0390625 0.515625
3 0.91875 0.6 0.040625 0.5234375