0 0.028125 0.4953125 0.0453125 0.990625
1 0.0671875 0.421875 0.0171875 0.3765625
1 0.0875 0.2078125 0.0140625 0.35625
1 0.1046875 0.475 0.0171875 0.3765625
11 0.178125 0.478125 0.021875 0.5953125
11 0.234375 0.4953125 0.0234375 0.58125
11 0.290625 0.4859375 0.0234375 0.58125
11 0.36875 0.484375 0.021875 0.5765625
11 0.4234375 0.5515625 0.021875 0.60625
11 0.4796875 0.559375 0.021875 0.590625
11 0.559375 0.559375 0.025 0.6015625
11 0.6140625 0.621875 0.0234375 0.6109375
11 0.66875 0.621875 0.025 0.590625
5 0.7859375 0.48125 0.0265625 0.1703125