1 0.9375 0.609375 0.0234375 0.3515625
1 0.9140625 0.365625 0.0171875 0.390625
3 0.675 0.365625 0.025 0.603125
13 0.6390625 0.35625 0.03125 0.54375
13 0.609375 0.3625 0.028125 0.58125
3 0.578125 0.4296875 0.0265625 0.6328125
3 0.540625 0.475 0.034375 0.6171875
3 0.496875 0.35 0.034375 0.584375
3 0.4546875 0.346875 0.028125 0.6390625
12 0.415625 0.4078125 0.0265625 0.515625
11 0.325 0.371875 0.0265625 0.6359375
13 0.25625 0.534375 0.0515625 0.596875
13 0.2046875 0.54375 0.0453125 0.58125
3 0.1625 0.540625 0.040625 0.546875
3 0.115625 0.5625 0.0421875 0.565625
3 0.075 0.4234375 0.040625 0.571875
3 0.028125 0.4109375 0.046875 0.596875
12 0.00625 0.409375 0.0109375 0.521875