2 0.9921875 0.66875 0.015625 0.3484375
13 0.903125 0.515625 0.0359375 0.96875
13 0.82265625 0.48125 0.0265625 0.9625
3 0.74609375 0.2375 0.0265625 0.475
3 0.7046875 0.4390625 0.0359375 0.8375
2 0.6671875 0.721875 0.028125 0.325
11 0.6375 0.553125 0.034375 0.475
4 0.5625 0.540625 0.028125 0.2734375
3 0.5125 0.56875 0.0453125 0.434375
3 0.434375 0.590625 0.040625 0.515625
13 0.390625 0.628125 0.0328125 0.5640625
13 0.3609375 0.60625 0.0265625 0.546875
13 0.28125 0.6625 0.03125 0.6171875
13 0.246875 0.65 0.03125 0.5453125
13 0.15625 0.68125 0.03125 0.6078125
13 0.11875 0.65859375 0.028125 0.6828125
13 0.040625 0.565625 0.028125 0.6703125
3 0.3265625 0.625 0.034375 0.515625
3 0.2125 0.678125 0.028125 0.5421875