8 0.8859375 0.490625 0.0328125 0.59375
8 0.803125 0.4875 0.034375 0.5703125
8 0.696875 0.54375 0.025 0.6
8 0.50625 0.51875 0.021875 0.659375
11 0.590625 0.471875 0.0375 0.659375
3 0.421875 0.590625 0.021875 0.6484375
13 0.3765625 0.609375 0.0265625 0.590625
3 0.35 0.6375 0.03125 0.696875
3 0.3125 0.6015625 0.0265625 0.6078125
3 0.253125 0.615625 0.025 0.6171875
13 0.20625 0.546875 0.025 0.5578125
11 0.178125 0.490625 0.03125 0.575
12 0.125 0.49375 0.025 0.428125
3 0.071875 0.7359375 0.03125 0.528125
3 0.03125 0.70234375 0.034375 0.5953125