1 0.0578125 0.55 0.0140625 0.3578125
1 0.075 0.371875 0.0140625 0.353125
11 0.2453125 0.503125 0.0171875 0.528125
11 0.35 0.50625 0.01875 0.5328125
11 0.396875 0.5 0.01875 0.51875
11 0.625 0.5015625 0.0203125 0.5234375
11 0.73125 0.634375 0.0171875 0.5234375
8 0.4640625 0.5671875 0.01875 0.509375
8 0.534375 0.5703125 0.01875 0.5140625
8 0.85625 0.7390625 0.01875 0.51875
8 0.928125 0.7390625 0.01875 0.51875
3 0.2921875 0.509375 0.0203125 0.528125
3 0.671875 0.503125 0.0203125 0.5390625
3 0.778125 0.634375 0.01875 0.5140625
13 0.33125 0.503125 0.0171875 0.528125
13 0.7109375 0.5671875 0.01875 0.51875
13 0.8171875 0.690625 0.01875 0.528125