0 0.0296875 0.496875 0.0578125 0.9921875
1 0.0796875 0.59375 0.021875 0.4375
1 0.103125 0.7921875 0.025 0.371875
1 0.1265625 0.5328125 0.0203125 0.45
11 0.23359375 0.31875 0.0359375 0.6375
11 0.365625 0.4890625 0.04375 0.6984375
3 0.434375 0.3 0.0359375 0.6
13 0.4875 0.4921875 0.04375 0.984375
11 0.528125 0.478125 0.034375 0.6546875
3 0.596875 0.3234375 0.0421875 0.646875
1 0.6390625 0.75625 0.028125 0.4234375
13 0.665625 0.4 0.0328125 0.678125
1 0.7234375 0.7359375 0.025 0.3890625
11 0.75 0.4125 0.028125 0.6375
3 0.821875 0.3421875 0.0296875 0.684375
13 0.875 0.5 0.04375 1
8 0.9140625 0.6734375 0.0375 0.653125