12 0.1015625 0.55 0.0203125 0.5484375
3 0.15625 0.40625 0.0265625 0.7078125
13 0.2 0.34375 0.028125 0.6
2 0.225 0.4859375 0.015625 0.4703125
11 0.246875 0.675 0.0234375 0.5875
11 0.296875 0.55 0.0328125 0.771875
11 0.446875 0.659375 0.028125 0.65625
3 0.5171875 0.71796875 0.028125 0.5640625
11 0.59375 0.5734375 0.0234375 0.6453125
2 0.571875 0.7875 0.0203125 0.425
12 0.64375 0.584375 0.028125 0.509375
11 0.696875 0.63125 0.025 0.659375
3 0.7515625 0.56875 0.0265625 0.6296875
3 0.790625 0.640625 0.03125 0.6421875
3 0.84375 0.44375 0.0234375 0.7359375
3 0.9234375 0.384375 0.01875 0.6875
13 0.875 0.5 0.0203125 0.8046875
13 0.8984375 0.4625 0.0265625 0.7234375
13 0.9546875 0.4390625 0.0234375 0.759375
13 0.98125 0.39375 0.0234375 0.65625