0 0.97734375 0.51484375 0.0453125 0.9671875
2 0.9328125 0.1953125 0.0203125 0.36875
3 0.83125 0.575 0.028125 0.6515625
3 0.728125 0.546875 0.0265625 0.55
13 0.678125 0.353125 0.025 0.5953125
3 0.646875 0.4765625 0.0265625 0.6125
3 0.6078125 0.546875 0.0328125 0.640625
3 0.56875 0.703125 0.0234375 0.5671875
3 0.528125 0.553125 0.028125 0.60625
3 0.315625 0.4109375 0.0484375 0.61875
3 0.253125 0.496875 0.0453125 0.6984375
3 0.15625 0.46875 0.0375 0.709375
3 0.1140625 0.459375 0.0375 0.6921875
3 0.071875 0.5 0.0359375 0.68125
3 0.03125 0.571875 0.0359375 0.6015625
13 0.2 0.45 0.0484375 0.6984375
11 0.465625 0.559375 0.03125 0.6640625
11 0.3875 0.5359375 0.025 0.5953125
0 0.99921875 0.51484375 0.0015625 0.9671875