0 0.021875 0.5 0.04375 1
1 0.0546875 0.43125 0.0234375 0.421875
3 0.1609375 0.3484375 0.0375 0.6390625
3 0.24375 0.3515625 0.0296875 0.6828125
3 0.32109375 0.325 0.0265625 0.65
13 0.296875 0.2953125 0.0234375 0.590625
11 0.35625 0.5609375 0.028125 0.6203125
3 0.421875 0.378125 0.04375 0.5859375
11 0.503125 0.715625 0.034375 0.56875
3 0.56875 0.3828125 0.04375 0.6453125
11 0.6734375 0.6890625 0.025 0.621875
3 0.771875 0.30625 0.028125 0.6125
3 0.85 0.378125 0.0234375 0.746875
3 0.975 0.590625 0.040625 0.6078125
13 0.821875 0.3484375 0.025 0.696875
11 0.909375 0.5359375 0.0265625 0.6328125