12 0.10625 0.4421875 0.0203125 0.540625
3 0.159375 0.584375 0.0265625 0.696875
13 0.203125 0.646875 0.028125 0.590625
2 0.228125 0.50625 0.015625 0.4625
11 0.25 0.321875 0.021875 0.578125
11 0.3 0.44375 0.03125 0.7609375
11 0.446875 0.334375 0.028125 0.6453125
3 0.51875 0.278125 0.028125 0.55625
11 0.59375 0.41875 0.0234375 0.6359375
2 0.571875 0.209375 0.0203125 0.41875
12 0.64375 0.409375 0.028125 0.5015625
11 0.696875 0.3625 0.025 0.6484375
3 0.75 0.425 0.0265625 0.6203125
3 0.7875 0.3546875 0.03125 0.6328125
3 0.840625 0.546875 0.0234375 0.725
3 0.9203125 0.60625 0.01875 0.6765625
13 0.871875 0.490625 0.0203125 0.7921875
13 0.89375 0.528125 0.025 0.7125
13 0.95 0.553125 0.0234375 0.746875
13 0.9765625 0.596875 0.0234375 0.6453125