0 0.0265625 0.490625 0.053125 0.98125
1 0.0671875 0.3921875 0.028125 0.359375
1 0.0859375 0.253125 0.028125 0.3203125
3 0.384375 0.4171875 0.0390625 0.5703125
13 0.425 0.409375 0.040625 0.515625
13 0.465625 0.415625 0.0390625 0.5203125
3 0.5046875 0.4359375 0.034375 0.5328125
13 0.546875 0.5 0.025 0.51875
2 0.590625 0.415625 0.0203125 0.303125
3 0.6125 0.5796875 0.021875 0.46875
11 0.6703125 0.50625 0.028125 0.484375
3 0.73125 0.384375 0.04375 0.534375
13 0.79375 0.321875 0.0203125 0.64375
13 0.846875 0.728125 0.021875 0.5421875
13 0.90625 0.68125 0.0265625 0.5703125
13 0.9703125 0.34375 0.0203125 0.65