1 0.98671875 0.78984375 0.0265625 0.4203125
1 0.96875 0.50625 0.034375 0.4578125
11 0.8640625 0.290625 0.0375 0.5796875
11 0.678125 0.425 0.0359375 0.6953125
8 0.7875 0.509375 0.0421875 0.7265625
3 0.575 0.490625 0.040625 0.815625
3 0.528125 0.49375 0.0296875 0.784375
3 0.48125 0.4125 0.0375 0.7453125
3 0.4359375 0.521875 0.0375 0.853125
3 0.384375 0.471875 0.025 0.853125
3 0.334375 0.384375 0.0421875 0.7265625
3 0.284375 0.48125 0.0375 0.884375
3 0.2390625 0.478125 0.0359375 0.7640625
3 0.190625 0.38125 0.040625 0.7578125
3 0.1421875 0.525 0.03125 0.846875
3 0.096875 0.446875 0.0359375 0.803125
3 0.05 0.4125 0.0328125 0.7453125
1 0.99921875 0.78984375 0.0015625 0.4203125