1 0.0546875 0.3953125 0.015625 0.334375
1 0.06875 0.2234375 0.015625 0.34375
8 0.24375 0.553125 0.021875 0.5625
11 0.315625 0.5640625 0.0203125 0.5765625
3 0.378125 0.59375 0.0203125 0.5390625
13 0.428125 0.6875 0.0171875 0.6234375
13 0.45 0.7234375 0.0234375 0.553125
3 0.478125 0.41875 0.03125 0.553125
4 0.50625 0.54375 0.015625 0.2578125
3 0.54375 0.415625 0.0328125 0.5484375
1 0.5671875 0.4640625 0.0125 0.3296875
3 0.584375 0.715625 0.01875 0.5484375
3 0.6109375 0.58125 0.028125 0.78125
3 0.6453125 0.5640625 0.0234375 0.5953125
3 0.6734375 0.6 0.0265625 0.5625
3 0.771875 0.5265625 0.0203125 0.546875
3 0.83125 0.353125 0.021875 0.571875
3 0.96875 0.596875 0.0234375 0.51875
3 0.86875 0.45625 0.01875 0.590625
3 0.90625 0.50625 0.0203125 0.6234375
3 0.934375 0.540625 0.0265625 0.5671875
13 0.7265625 0.6875 0.0203125 0.5765625
13 0.7484375 0.659375 0.0234375 0.6328125
4 0.803125 0.5453125 0.0171875 0.24375
2 0.853125 0.2359375 0.015625 0.3953125
1 0.8875 0.23125 0.0140625 0.3578125