0 0.021875 0.56875 0.034375 0.8484375
2 0.0546875 0.309375 0.0125 0.359375
2 0.0671875 0.49375 0.0125 0.3640625
3 0.15625 0.68125 0.03125 0.5375
3 0.2359375 0.6875 0.03125 0.5328125
3 0.315625 0.6953125 0.0328125 0.51875
11 0.39375 0.3765625 0.021875 0.5421875
11 0.4375 0.2921875 0.021875 0.584375
4 0.484375 0.5625 0.01875 0.234375
12 0.515625 0.565625 0.0171875 0.4125
3 0.609375 0.6875 0.03125 0.49375
3 0.690625 0.6875 0.0328125 0.5234375
3 0.7703125 0.675 0.03125 0.51875
3 0.8953125 0.55625 0.025 0.528125
11 0.846875 0.4359375 0.01875 0.546875
4 0.18125 0.5609375 0.0171875 0.2390625
4 0.2625 0.565625 0.015625 0.240625
4 0.34375 0.5703125 0.015625 0.23125
4 0.634375 0.565625 0.015625 0.240625
4 0.715625 0.571875 0.015625 0.2453125
4 0.796875 0.5625 0.015625 0.234375
4 0.921875 0.5796875 0.015625 0.240625
12 0.953125 0.5625 0.015625 0.3875