0 0.03359375 0.51796875 0.0578125 0.9640625
2 0.0796875 0.2578125 0.028125 0.4421875
2 0.1 0.4328125 0.0203125 0.43125
11 0.203125 0.434375 0.04375 0.5859375
11 0.325 0.5578125 0.034375 0.58125
3 0.4125 0.659375 0.0359375 0.609375
3 0.45 0.61875 0.0328125 0.675
13 0.503125 0.6609375 0.0359375 0.6109375
3 0.540625 0.6484375 0.028125 0.703125
13 0.5953125 0.6859375 0.046875 0.628125
3 0.6875 0.64375 0.028125 0.6609375
13 0.740625 0.6875 0.0359375 0.625
3 0.775 0.65625 0.028125 0.6875
13 0.825 0.68359375 0.0375 0.6328125
11 0.8625 0.56875 0.028125 0.5859375
11 0.934375 0.421875 0.040625 0.625