0 0.034375 0.5 0.05 1
2 0.075 0.2203125 0.028125 0.3625
3 0.15625 0.5375 0.0265625 0.63125
3 0.1953125 0.54375 0.0296875 0.60625
3 0.2359375 0.671875 0.0296875 0.64375
3 0.271875 0.6796875 0.028125 0.640625
3 0.309375 0.6296875 0.0296875 0.628125
3 0.353125 0.6484375 0.03125 0.65625
3 0.4 0.35 0.0390625 0.63125
3 0.4421875 0.3328125 0.0390625 0.665625
11 0.5 0.5625 0.025 0.6921875
11 0.5546875 0.56875 0.028125 0.675
11 0.615625 0.41875 0.0296875 0.690625
4 0.696875 0.5 0.0265625 0.340625
11 0.7625 0.5078125 0.028125 0.6109375
11 0.8203125 0.48125 0.03125 0.66875
11 0.878125 0.4625 0.0296875 0.6390625
4 0.959375 0.5234375 0.025 0.3375