2 0.0640625 0.434375 0.015625 0.3640625
8 0.234375 0.559375 0.021875 0.5390625
8 0.425 0.55625 0.0203125 0.5421875
8 0.575 0.4296875 0.021875 0.5296875
13 0.3125 0.65625 0.0203125 0.6125
13 0.334375 0.609375 0.021875 0.6578125
13 0.35625 0.590625 0.0203125 0.7125
13 0.378125 0.653125 0.021875 0.6078125
13 0.65 0.5359375 0.0203125 0.603125
13 0.671875 0.496875 0.0203125 0.7078125
13 0.6953125 0.471875 0.021875 0.7125
13 0.7171875 0.5375 0.0203125 0.6171875
11 0.5015625 0.746875 0.01875 0.5015625
11 0.946875 0.6875 0.01875 0.546875
11 0.7609375 0.565625 0.021875 0.5234375
3 0.9140625 0.5609375 0.021875 0.5421875