1 0.04375 0.4109375 0.0265625 0.396875
3 0.14375 0.5625 0.0328125 0.6765625
13 0.190625 0.5953125 0.034375 0.7234375
13 0.225 0.5625 0.028125 0.678125
3 0.2625 0.509375 0.0328125 0.603125
3 0.3125 0.571875 0.0375 0.609375
3 0.35625 0.4 0.0375 0.7296875
3 0.403125 0.36875 0.0375 0.634375
13 0.49375 0.3734375 0.034375 0.6703125
13 0.525 0.425 0.0359375 0.696875
13 0.5609375 0.378125 0.0328125 0.659375
1 0.615625 0.596875 0.03125 0.403125
13 0.646875 0.30625 0.03125 0.6109375
13 0.678125 0.2796875 0.034375 0.559375
13 0.75 0.284375 0.028125 0.5671875
13 0.784375 0.3125 0.034375 0.625
13 0.8203125 0.2875 0.0328125 0.5734375
3 0.859375 0.590625 0.034375 0.5953125
3 0.903125 0.5515625 0.0375 0.6140625
3 0.953125 0.7171875 0.0359375 0.565625
3 0.990625 0.5 0.0171875 1