1 0.078125 0.284375 0.0203125 0.50625
1 0.096875 0.5734375 0.0171875 0.484375
11 0.1859375 0.53125 0.0265625 0.8
11 0.471875 0.5234375 0.0265625 0.784375
11 0.540625 0.5125 0.028125 0.784375
12 0.6078125 0.35 0.025 0.60625
3 0.671875 0.365625 0.0234375 0.7296875
11 0.746875 0.54375 0.0234375 0.7421875
8 0.8140625 0.54375 0.0265625 0.7421875
8 0.253125 0.55 0.0265625 0.753125
3 0.915625 0.5375 0.03125 0.915625
3 0.95625 0.45625 0.034375 0.784375
3 0.35625 0.534375 0.034375 0.93125
3 0.396875 0.4578125 0.0296875 0.76875