11 0.8 0.90625 0.0109375 0.0171875
11 0.259375 0.69375 0.015625 0.0265625
11 0.10625 0.70625 0.0140625 0.0265625
11 0.909375 0.4015625 0.015625 0.028125
11 0.775 0.4125 0.0140625 0.025
11 0.68125 0.4046875 0.0140625 0.0265625
11 0.5484375 0.4125 0.015625 0.025
11 0.453125 0.40625 0.0171875 0.0265625
11 0.3203125 0.4125 0.0171875 0.0265625
11 0.0921875 0.4125 0.0140625 0.025
11 0.2265625 0.409375 0.015625 0.025
11 0.909375 0.11875 0.015625 0.025
11 0.775 0.121875 0.015625 0.025
11 0.68125 0.109375 0.0140625 0.0265625
11 0.546875 0.1203125 0.015625 0.0265625
11 0.453125 0.109375 0.015625 0.0265625
11 0.31875 0.1203125 0.0140625 0.0265625
11 0.09375 0.121875 0.0171875 0.025
0 0.909375 0.85 0.021875 0.01875
5 0.834375 0.871875 0.0171875 0.00625
5 0.64375 0.871875 0.0171875 0.0078125
5 0.453125 0.871875 0.0171875 0.00625
5 0.2609375 0.871875 0.015625 0.0078125
5 0.9109375 0.5796875 0.015625 0.0078125
5 0.684375 0.5796875 0.01875 0.0078125
5 0.45625 0.5796875 0.0171875 0.0078125
5 0.2265625 0.5796875 0.015625 0.0078125
5 0.909375 0.2875 0.0171875 0.00625
5 0.68125 0.2875 0.0171875 0.00625
5 0.228125 0.271875 0.0140625 0.0078125
2 0.8875 0.853125 0.0109375 0.0140625
2 0.88125 0.846875 0.009375 0.0125
2 0.8875 0.78125 0.0125 0.01875
2 0.8765625 0.771875 0.0109375 0.0171875
2 0.8875 0.7109375 0.0125 0.0171875
2 0.878125 0.703125 0.0125 0.01875
2 0.946875 0.559375 0.0109375 0.0140625
2 0.940625 0.553125 0.009375 0.0125
2 0.946875 0.4890625 0.0140625 0.0171875
2 0.9375 0.48125 0.0125 0.01875
2 0.946875 0.4203125 0.0125 0.0171875
2 0.9359375 0.409375 0.0109375 0.0171875
2 0.946875 0.2671875 0.009375 0.0140625
2 0.940625 0.2609375 0.0109375 0.0140625
2 0.946875 0.196875 0.0125 0.015625
2 0.9375 0.1875 0.0125 0.0171875
2 0.946875 0.128125 0.0125 0.01875
2 0.9375 0.11875 0.0125 0.0171875
12 0.8375 0.76875 0.0109375 0.0203125
11 0.7921875 0.775 0.0140625 0.0484375
11 0.7171875 0.7765625 0.015625 0.046875
11 0.6 0.7765625 0.015625 0.046875
11 0.525 0.7765625 0.015625 0.0453125
11 0.409375 0.775 0.015625 0.046875
11 0.334375 0.775 0.015625 0.046875
11 0.2 0.775 0.015625 0.046875
11 0.8578125 0.484375 0.0203125 0.05
11 0.63125 0.484375 0.0140625 0.05
11 0.403125 0.4828125 0.01875 0.0484375
11 0.175 0.484375 0.0140625 0.046875
11 0.859375 0.1921875 0.0171875 0.0484375
11 0.63125 0.19375 0.015625 0.046875
11 0.403125 0.1921875 0.01875 0.046875
11 0.175 0.1921875 0.015625 0.046875
11 0.2265625 0.1140625 0.01875 0.046875
12 0.646875 0.7703125 0.0125 0.0203125
12 0.453125 0.7671875 0.015625 0.025
3 0.7484375 0.775 0.01875 0.05
3 0.5578125 0.7765625 0.015625 0.0453125
3 0.365625 0.775 0.01875 0.0453125
4 0.2625 0.76875 0.0140625 0.015625
4 0.9125 0.475 0.0171875 0.0171875
4 0.684375 0.478125 0.0125 0.015625
4 0.45625 0.4765625 0.015625 0.015625
4 0.228125 0.478125 0.0109375 0.015625
4 0.9125 0.184375 0.015625 0.0171875
4 0.684375 0.184375 0.0140625 0.0171875
4 0.45625 0.184375 0.0140625 0.0140625
4 0.2296875 0.184375 0.015625 0.015625
3 0.23125 0.7671875 0.01875 0.028125
3 0.134375 0.76875 0.025 0.0390625
3 0.075 0.765625 0.0203125 0.040625
3 0.046875 0.7578125 0.0234375 0.028125
3 0.1328125 0.7015625 0.021875 0.025
3 0.1921875 0.7046875 0.0296875 0.025
3 0.16875 0.703125 0.015625 0.028125
3 0.8515625 0.4125 0.025 0.0265625
3 0.834375 0.4125 0.0203125 0.0296875
3 0.7984375 0.4765625 0.0234375 0.0421875
3 0.746875 0.4734375 0.025 0.0421875
3 0.73125 0.465625 0.028125 0.028125
3 0.571875 0.4765625 0.0234375 0.040625
3 0.51875 0.471875 0.0234375 0.040625
3 0.503125 0.465625 0.025 0.0265625
3 0.625 0.4125 0.028125 0.0265625
3 0.60625 0.4125 0.0171875 0.0296875
3 0.43125 0.475 0.015625 0.028125
3 0.396875 0.4125 0.0234375 0.028125
3 0.3765625 0.4109375 0.0171875 0.0296875
3 0.3421875 0.409375 0.0203125 0.0265625
3 0.34375 0.4765625 0.01875 0.040625
3 0.29375 0.4734375 0.0203125 0.0421875
3 0.275 0.465625 0.028125 0.028125
3 0.16875 0.4125 0.028125 0.028125
3 0.15 0.4125 0.0203125 0.03125
3 0.1140625 0.475 0.0234375 0.040625
3 0.065625 0.471875 0.0203125 0.040625
3 0.0515625 0.465625 0.0359375 0.028125
3 0.115625 0.409375 0.0234375 0.0234375
0 0.2625 0.11875 0.025 0.021875
14 0.19375 0.115625 0.0203125 0.0375
14 0.965625 0.115625 0.0234375 0.0453125
14 0.965625 0.184375 0.021875 0.05
14 0.9671875 0.40625 0.025 0.0453125
14 0.965625 0.478125 0.021875 0.0484375
14 0.90625 0.771875 0.021875 0.0484375
14 0.90625 0.7 0.0234375 0.046875
0 0.96875 0.55625 0.0234375 0.0203125
0 0.9703125 0.265625 0.025 0.0203125
3 0.884375 0.1828125 0.015625 0.028125
3 0.8859375 0.475 0.0171875 0.028125
3 0.796875 0.409375 0.0234375 0.028125
3 0.6578125 0.475 0.01875 0.028125
3 0.56875 0.4109375 0.0234375 0.0296875
3 0.203125 0.475 0.01875 0.0296875
3 0.85 0.1203125 0.028125 0.0265625
3 0.834375 0.1203125 0.0203125 0.028125
3 0.8 0.184375 0.0203125 0.040625
3 0.75 0.18125 0.015625 0.0421875
3 0.728125 0.1734375 0.025 0.025
6 0.759375 0.703125 0.0203125 0.0078125
6 0.56875 0.703125 0.0203125 0.0078125
6 0.378125 0.703125 0.015625 0.0078125
3 0.103125 0.771875 0.028125 0.0578125
3 0.090625 0.48125 0.0234375 0.05625
3 0.31875 0.48125 0.025 0.05625
3 0.54375 0.48125 0.028125 0.05625
3 0.771875 0.48125 0.0265625 0.059375
3 0.775 0.1890625 0.0234375 0.05625
3 0.546875 0.190625 0.0203125 0.05625
3 0.31875 0.190625 0.0265625 0.0578125
3 0.090625 0.190625 0.0265625 0.05625
3 0.65625 0.1828125 0.0171875 0.0296875
3 0.5734375 0.184375 0.01875 0.040625
3 0.521875 0.18125 0.0234375 0.04375
3 0.503125 0.1734375 0.028125 0.028125
3 0.346875 0.184375 0.021875 0.040625
3 0.29375 0.18125 0.01875 0.04375
3 0.275 0.1734375 0.03125 0.0296875
3 0.203125 0.184375 0.015625 0.028125
3 0.11875 0.184375 0.01875 0.040625
3 0.065625 0.18125 0.0203125 0.0453125
3 0.046875 0.175 0.028125 0.03125
3 0.115625 0.11875 0.025 0.0265625
3 0.15 0.11875 0.021875 0.03125
3 0.16875 0.121875 0.0234375 0.0265625
3 0.34375 0.1171875 0.0234375 0.028125
3 0.375 0.11875 0.0203125 0.0296875
3 0.396875 0.1203125 0.0296875 0.028125
3 0.571875 0.1171875 0.025 0.028125
3 0.603125 0.11875 0.0203125 0.03125
3 0.625 0.121875 0.028125 0.028125
3 0.7984375 0.11875 0.0203125 0.0265625
3 0.428125 0.18125 0.0171875 0.0296875
8 0.346875 0.25625 0.0171875 0.021875
8 0.45625 0.259375 0.015625 0.021875