14 0.090625 0.1875 0.0234375 0.0453125
2 0.1125 0.1734375 0.015625 0.021875
2 0.125 0.1828125 0.0140625 0.0203125
3 0.1625 0.18125 0.0140625 0.025
11 0.209375 0.184375 0.01875 0.025
11 0.26875 0.1875 0.0171875 0.028125
11 0.33125 0.19375 0.015625 0.0234375
11 0.39375 0.178125 0.0125 0.021875
9 0.45 0.165625 0.025 0.0078125
5 0.453125 0.1875 0.021875 0.0078125
5 0.453125 0.19375 0.01875 0.00625
3 0.5296875 0.1828125 0.0140625 0.025
11 0.5765625 0.184375 0.01875 0.028125
11 0.6375 0.1875 0.015625 0.025
11 0.7 0.1921875 0.015625 0.025
11 0.7609375 0.1796875 0.0125 0.025
5 0.8203125 0.1875 0.0140625 0.009375
5 0.81875 0.19375 0.01875 0.00625
0 0.090625 0.2390625 0.0203125 0.021875
2 0.115625 0.2375 0.0125 0.021875
2 0.125 0.24375 0.0125 0.0203125
4 0.1671875 0.2421875 0.0125 0.0140625
3 0.215625 0.2375 0.028125 0.03125
3 0.2390625 0.228125 0.0203125 0.0234375
3 0.278125 0.240625 0.0296875 0.0359375
3 0.3 0.234375 0.0203125 0.028125
3 0.3375 0.2375 0.0265625 0.0265625
3 0.3578125 0.23125 0.0234375 0.028125
11 0.3953125 0.234375 0.0140625 0.0265625
11 0.39375 0.253125 0.0125 0.015625
5 0.453125 0.25625 0.0203125 0.009375
5 0.4515625 0.2421875 0.0203125 0.0109375
3 0.5828125 0.2375 0.0234375 0.03125
3 0.6078125 0.228125 0.0203125 0.025
3 0.6453125 0.240625 0.0265625 0.034375
3 0.6671875 0.2328125 0.0203125 0.0265625
3 0.7 0.2375 0.0203125 0.028125
3 0.7265625 0.23125 0.021875 0.03125
11 0.7609375 0.234375 0.0125 0.025
11 0.7625 0.2546875 0.0125 0.0125
5 0.81875 0.25625 0.0171875 0.00625
5 0.81875 0.2421875 0.0125 0.0078125
14 0.0875 0.315625 0.025 0.0453125
2 0.1140625 0.303125 0.0140625 0.0203125
2 0.125 0.3125 0.0125 0.021875
11 0.140625 0.315625 0.0171875 0.025
11 0.209375 0.3171875 0.0171875 0.0234375
11 0.2734375 0.315625 0.01875 0.025
11 0.340625 0.30625 0.015625 0.028125
8 0.4390625 0.3 0.015625 0.0171875
8 0.4375 0.3234375 0.015625 0.025
4 0.51875 0.315625 0.0125 0.0140625
3 0.55 0.3125 0.01875 0.028125
11 0.5984375 0.315625 0.01875 0.025
11 0.6640625 0.31875 0.0203125 0.028125
11 0.7296875 0.3109375 0.015625 0.025
11 0.778125 0.30625 0.0140625 0.0234375
11 0.778125 0.325 0.0125 0.015625
5 0.8390625 0.3296875 0.0203125 0.0109375
5 0.8375 0.315625 0.0203125 0.0078125
5 0.8390625 0.3609375 0.015625 0.009375
5 0.8375 0.371875 0.015625 0.009375
5 0.8375 0.378125 0.0125 0.00625
11 0.775 0.3625 0.0171875 0.0140625
11 0.775 0.3859375 0.0171875 0.021875
11 0.73125 0.378125 0.0125 0.0234375
3 0.6921875 0.365625 0.0265625 0.0234375
3 0.671875 0.371875 0.025 0.034375
3 0.6296875 0.359375 0.01875 0.021875
3 0.603125 0.3671875 0.0234375 0.0328125
0 0.5609375 0.36875 0.01875 0.015625
12 0.51875 0.371875 0.0125 0.021875
8 0.4375 0.38125 0.015625 0.025
14 0.409375 0.375 0.021875 0.0375
3 0.365625 0.35625 0.028125 0.0390625
3 0.3421875 0.3609375 0.021875 0.0296875
3 0.30625 0.353125 0.0203125 0.0234375
3 0.28125 0.36875 0.0265625 0.046875
3 0.240625 0.3640625 0.01875 0.025
3 0.215625 0.371875 0.028125 0.034375
3 0.175 0.359375 0.0171875 0.0234375
3 0.1484375 0.3671875 0.021875 0.03125
0 0.0921875 0.36875 0.0203125 0.0234375
2 0.115625 0.365625 0.0140625 0.0203125
2 0.125 0.375 0.0140625 0.01875
14 0.090625 0.446875 0.0234375 0.046875
14 0.0890625 0.503125 0.03125 0.04375
2 0.1125 0.434375 0.0125 0.01875
2 0.125 0.44375 0.0140625 0.0203125
2 0.1125 0.490625 0.0109375 0.01875
2 0.125 0.5 0.009375 0.0203125
3 0.146875 0.45 0.0234375 0.0265625
3 0.1765625 0.45 0.0203125 0.0265625
3 0.20625 0.45 0.0234375 0.028125
3 0.228125 0.45 0.0265625 0.0265625
3 0.26875 0.45 0.0265625 0.028125
3 0.296875 0.45 0.021875 0.0265625
3 0.3265625 0.45 0.0234375 0.0265625
3 0.3453125 0.45 0.03125 0.0265625
3 0.153125 0.49375 0.0296875 0.0265625
3 0.18125 0.49375 0.0265625 0.0265625
3 0.209375 0.49375 0.0265625 0.025
3 0.228125 0.49375 0.0265625 0.0265625
3 0.271875 0.49375 0.028125 0.025
3 0.303125 0.49375 0.028125 0.025
3 0.33125 0.49375 0.028125 0.025
3 0.346875 0.49375 0.0234375 0.025
3 0.403125 0.45 0.021875 0.0265625
3 0.4234375 0.44375 0.0265625 0.0265625
11 0.4 0.49375 0.0140625 0.0234375
4 0.459375 0.503125 0.0140625 0.0140625
4 0.459375 0.4453125 0.0109375 0.0171875
11 0.4875 0.4375 0.0140625 0.028125
11 0.4875 0.41875 0.0140625 0.015625
3 0.5625 0.4390625 0.0203125 0.028125
3 0.5875 0.4375 0.0265625 0.028125
4 0.534375 0.4453125 0.0125 0.0140625
4 0.6375 0.4453125 0.0125 0.015625
4 0.7296875 0.44375 0.0125 0.0140625
4 0.7296875 0.503125 0.0125 0.0125
4 0.640625 0.503125 0.0140625 0.0125
4 0.496875 0.575 0.0140625 0.0140625
11 0.4890625 0.496875 0.0171875 0.015625
11 0.4890625 0.5125 0.01875 0.0234375
11 0.5625 0.490625 0.0125 0.0234375
11 0.5625 0.509375 0.0125 0.0125
11 0.66875 0.50625 0.01875 0.0234375
12 0.759375 0.503125 0.0125 0.021875
0 0.825 0.5 0.0171875 0.01875
13 0.846875 0.5125 0.0234375 0.028125
13 0.8671875 0.50625 0.025 0.0390625
13 0.8890625 0.5078125 0.0234375 0.034375
13 0.9015625 0.5109375 0.025 0.0265625
3 0.90625 0.584375 0.015625 0.025
4 0.8859375 0.575 0.0140625 0.0125
12 0.8375 0.575 0.0125 0.021875
8 0.75 0.578125 0.01875 0.0265625
3 0.90625 0.6125 0.01875 0.025
3 0.884375 0.615625 0.021875 0.028125
3 0.859375 0.6203125 0.01875 0.0359375
3 0.84375 0.6265625 0.021875 0.0453125
3 0.809375 0.628125 0.0296875 0.028125
3 0.796875 0.6234375 0.0203125 0.03125
3 0.775 0.621875 0.0203125 0.0359375
3 0.7515625 0.621875 0.015625 0.028125
3 0.709375 0.63125 0.025 0.04375
3 0.690625 0.63125 0.01875 0.0359375
3 0.6703125 0.634375 0.01875 0.028125
3 0.65 0.628125 0.0234375 0.0390625
3 0.61875 0.60625 0.0234375 0.0234375
3 0.596875 0.609375 0.01875 0.0265625
3 0.5765625 0.615625 0.0203125 0.034375
3 0.5609375 0.621875 0.0234375 0.0453125
3 0.5171875 0.61875 0.01875 0.034375
3 0.49375 0.6140625 0.01875 0.021875
3 0.471875 0.61875 0.01875 0.0328125
3 0.45625 0.625 0.025 0.04375
3 0.425 0.634375 0.0265625 0.034375
3 0.403125 0.63125 0.0203125 0.04375
3 0.384375 0.634375 0.0140625 0.034375
3 0.3625 0.640625 0.0203125 0.0265625
11 0.690625 0.578125 0.015625 0.025
3 0.6203125 0.5625 0.0203125 0.021875
3 0.6 0.5625 0.01875 0.021875
3 0.5765625 0.565625 0.01875 0.03125
3 0.559375 0.56875 0.025 0.0359375
3 0.521875 0.5765625 0.0203125 0.025
11 0.45 0.5796875 0.015625 0.0234375
3 0.421875 0.58125 0.0296875 0.028125
3 0.40625 0.578125 0.0203125 0.034375
3 0.3875 0.578125 0.021875 0.03125
3 0.3640625 0.578125 0.021875 0.028125
3 0.31875 0.578125 0.025 0.034375
3 0.303125 0.578125 0.021875 0.034375
3 0.28125 0.5828125 0.0203125 0.028125
3 0.259375 0.58125 0.0203125 0.028125
3 0.2328125 0.5625 0.01875 0.0234375
3 0.2109375 0.5625 0.01875 0.0234375
3 0.1890625 0.56875 0.01875 0.0328125
3 0.171875 0.56875 0.0203125 0.0359375
3 0.31875 0.634375 0.0234375 0.0421875
3 0.303125 0.6375 0.0234375 0.0375
3 0.28125 0.64375 0.01875 0.0296875
3 0.259375 0.634375 0.021875 0.0421875
3 0.23125 0.6125 0.0203125 0.0234375
3 0.209375 0.615625 0.021875 0.025
3 0.1875 0.6203125 0.0203125 0.0328125
3 0.171875 0.6265625 0.0234375 0.04375
2 0.1140625 0.5625 0.0140625 0.0171875
2 0.1234375 0.5734375 0.0125 0.01875
2 0.1125 0.625 0.0125 0.0203125
2 0.1234375 0.6359375 0.0140625 0.01875
14 0.090625 0.578125 0.0234375 0.04375
0 0.090625 0.628125 0.0265625 0.021875
0 0.090625 0.759375 0.01875 0.0203125
14 0.090625 0.70625 0.0265625 0.04375
2 0.1140625 0.69375 0.015625 0.0171875
2 0.1234375 0.7046875 0.0125 0.01875
11 0.1421875 0.715625 0.009375 0.0265625
11 0.1890625 0.7109375 0.0140625 0.0265625
11 0.234375 0.7078125 0.0171875 0.0265625
11 0.28125 0.70625 0.015625 0.025
8 0.340625 0.7140625 0.015625 0.0234375
12 0.4328125 0.7046875 0.0140625 0.0234375
11 0.478125 0.7140625 0.0171875 0.0234375
11 0.5375 0.7109375 0.01875 0.0296875
11 0.5875 0.7015625 0.0140625 0.0265625
11 0.6296875 0.7140625 0.0140625 0.025
11 0.675 0.715625 0.0140625 0.0296875
8 0.7375 0.7125 0.0125 0.025
2 0.1125 0.7578125 0.0140625 0.0203125
2 0.125 0.765625 0.0171875 0.0171875
3 0.146875 0.765625 0.0234375 0.04375
3 0.1671875 0.771875 0.021875 0.028125
3 0.190625 0.76875 0.0203125 0.0359375
3 0.20625 0.765625 0.021875 0.040625
3 0.2375 0.759375 0.01875 0.028125
3 0.259375 0.75625 0.01875 0.0359375
3 0.284375 0.7609375 0.0234375 0.034375
3 0.296875 0.7625 0.0265625 0.0265625
3 0.346875 0.7625 0.021875 0.04375
3 0.36875 0.75625 0.0203125 0.0359375
3 0.390625 0.75 0.021875 0.0265625
3 0.40625 0.746875 0.0203125 0.0234375
3 0.434375 0.76875 0.021875 0.0390625
3 0.459375 0.778125 0.0203125 0.025
3 0.48125 0.771875 0.021875 0.034375
3 0.496875 0.76875 0.021875 0.0359375
3 0.54375 0.759375 0.0234375 0.04375
3 0.5671875 0.753125 0.0203125 0.034375
3 0.5890625 0.7484375 0.0203125 0.028125
3 0.609375 0.74375 0.0171875 0.025
3 0.634375 0.7671875 0.0203125 0.0390625
3 0.65625 0.775 0.01875 0.025
3 0.678125 0.76875 0.0203125 0.034375
3 0.696875 0.765625 0.025 0.0390625
3 0.7421875 0.75 0.025 0.04375
3 0.765625 0.7453125 0.0234375 0.03125
3 0.7875 0.740625 0.0203125 0.0234375
3 0.80625 0.7453125 0.0171875 0.0328125
3 0.828125 0.778125 0.01875 0.0234375
3 0.8515625 0.771875 0.021875 0.0328125
3 0.8734375 0.7671875 0.0171875 0.0421875
3 0.890625 0.7703125 0.0265625 0.03125
12 0.8734375 0.70625 0.015625 0.0203125
14 0.090625 0.8375 0.0234375 0.0421875
0 0.090625 0.890625 0.021875 0.0234375
2 0.115625 0.825 0.015625 0.015625
2 0.1234375 0.834375 0.0140625 0.0171875
2 0.1140625 0.8875 0.0140625 0.01875
2 0.125 0.896875 0.0125 0.01875
3 0.1484375 0.8890625 0.0234375 0.046875
3 0.171875 0.884375 0.0203125 0.03125
3 0.190625 0.878125 0.015625 0.028125
3 0.2109375 0.875 0.01875 0.025
11 0.14375 0.846875 0.0171875 0.021875
11 0.1890625 0.84375 0.021875 0.021875
11 0.2328125 0.840625 0.0125 0.0203125
11 0.278125 0.8390625 0.0125 0.0234375
3 0.2375 0.896875 0.021875 0.0375
3 0.259375 0.903125 0.021875 0.0234375
3 0.2796875 0.9 0.015625 0.034375
3 0.296875 0.896875 0.021875 0.0390625
8 0.340625 0.83125 0.0125 0.0109375
8 0.340625 0.846875 0.0140625 0.021875
3 0.346875 0.8953125 0.0234375 0.04375
3 0.36875 0.8875 0.0234375 0.0359375
3 0.390625 0.884375 0.021875 0.0265625
3 0.40625 0.8796875 0.0140625 0.0234375
3 0.434375 0.9015625 0.0234375 0.0390625
3 0.45625 0.909375 0.0171875 0.0234375
3 0.478125 0.90625 0.0203125 0.0328125
3 0.4953125 0.9015625 0.021875 0.0375
3 0.54375 0.8875 0.021875 0.04375
3 0.565625 0.88125 0.0203125 0.0328125
3 0.590625 0.875 0.021875 0.0265625
3 0.603125 0.871875 0.0203125 0.021875
11 0.4765625 0.8328125 0.0171875 0.0265625
11 0.5375 0.821875 0.0125 0.0140625
3 0.5375 0.84375 0.015625 0.0234375
3 0.6046875 0.828125 0.0125 0.0265625
11 0.559375 0.8328125 0.015625 0.0265625
3 0.63125 0.8953125 0.021875 0.040625
3 0.6296875 0.828125 0.015625 0.0265625
3 0.646875 0.8296875 0.025 0.025
11 0.6734375 0.83125 0.0125 0.0265625
3 0.653125 0.9015625 0.01875 0.0265625
3 0.6765625 0.896875 0.0203125 0.0359375
3 0.69375 0.89375 0.0234375 0.0390625
2 0.7328125 0.84375 0.009375 0.015625
2 0.73125 0.903125 0.015625 0.0171875
8 0.74375 0.8484375 0.0125 0.0203125
8 0.74375 0.83125 0.0125 0.0078125
8 0.74375 0.8359375 0.0125 0.00625
12 0.8375 0.834375 0.00625 0.021875
11 0.8828125 0.8375 0.015625 0.028125
2 0.78125 0.884375 0.0125 0.01875
3 0.7484375 0.8875 0.015625 0.04375
3 0.7703125 0.88125 0.0125 0.0328125
3 0.8 0.875 0.0203125 0.0296875
3 0.8140625 0.871875 0.0140625 0.0234375
3 0.840625 0.8953125 0.021875 0.040625
3 0.8625 0.9015625 0.01875 0.028125
3 0.884375 0.8984375 0.01875 0.034375
3 0.903125 0.89375 0.0234375 0.040625
3 0.646875 0.5796875 0.01875 0.028125
3 0.6625 0.58125 0.0234375 0.0234375
3 0.665625 0.4328125 0.009375 0.0296875
3 0.6921875 0.41875 0.0234375 0.0546875
13 0.765625 0.4359375 0.0265625 0.025
13 0.784375 0.44375 0.021875 0.0359375
13 0.80625 0.4453125 0.0234375 0.034375
13 0.8203125 0.45 0.015625 0.0421875
12 0.8421875 0.44375 0.0109375 0.0203125
3 0.896875 0.18125 0.0171875 0.025
9 0.81875 0.1671875 0.0265625 0.00625
11 0.365625 0.125 0.0109375 0.01875