14 0.928125 0.178125 0.0234375 0.0453125
2 0.903125 0.165625 0.0171875 0.021875
2 0.890625 0.175 0.0140625 0.0203125
3 0.853125 0.175 0.0140625 0.025
11 0.8046875 0.175 0.01875 0.025
11 0.74375 0.1796875 0.01875 0.028125
11 0.6796875 0.184375 0.0171875 0.025
11 0.615625 0.1703125 0.0125 0.0234375
9 0.5578125 0.1578125 0.0265625 0.0078125
5 0.5546875 0.1796875 0.0234375 0.0078125
5 0.553125 0.1875 0.01875 0.00625
3 0.4765625 0.175 0.0140625 0.0265625
11 0.428125 0.1765625 0.0203125 0.0296875
11 0.365625 0.178125 0.015625 0.025
11 0.303125 0.184375 0.015625 0.025
11 0.2390625 0.171875 0.0125 0.025
5 0.178125 0.1796875 0.0140625 0.009375
5 0.178125 0.1875 0.01875 0.00625
0 0.928125 0.2328125 0.021875 0.0234375
2 0.903125 0.2296875 0.0125 0.021875
2 0.89375 0.2375 0.0125 0.021875
4 0.8484375 0.2359375 0.0125 0.0140625
3 0.7984375 0.2296875 0.028125 0.0328125
3 0.775 0.221875 0.0203125 0.025
3 0.734375 0.234375 0.03125 0.0359375
3 0.7125 0.2265625 0.0203125 0.028125
3 0.675 0.23125 0.0265625 0.0265625
3 0.653125 0.225 0.025 0.0296875
11 0.6140625 0.2265625 0.0140625 0.028125
11 0.615625 0.246875 0.0125 0.015625
5 0.553125 0.25 0.0203125 0.009375
5 0.55625 0.234375 0.0203125 0.0109375
3 0.421875 0.23125 0.025 0.0328125
3 0.396875 0.221875 0.021875 0.025
3 0.3578125 0.234375 0.0265625 0.0359375
3 0.334375 0.225 0.0203125 0.028125
3 0.3 0.2296875 0.021875 0.028125
3 0.275 0.225 0.0234375 0.0328125
11 0.2390625 0.2265625 0.0140625 0.025
11 0.2375 0.2484375 0.0125 0.0125
5 0.178125 0.25 0.0171875 0.0078125
5 0.1796875 0.234375 0.0125 0.0078125
14 0.9296875 0.3109375 0.025 0.0453125
2 0.903125 0.3 0.0140625 0.021875
2 0.890625 0.309375 0.0125 0.0234375
11 0.875 0.309375 0.01875 0.025
11 0.80625 0.3125 0.0171875 0.025
11 0.7390625 0.309375 0.0203125 0.025
11 0.671875 0.3015625 0.015625 0.028125
8 0.56875 0.296875 0.0171875 0.0171875
8 0.5703125 0.31875 0.015625 0.025
4 0.4875 0.309375 0.0140625 0.015625
3 0.45625 0.30625 0.0203125 0.028125
11 0.40625 0.309375 0.01875 0.025
11 0.3390625 0.3125 0.021875 0.028125
11 0.271875 0.30625 0.0171875 0.0265625
11 0.221875 0.3015625 0.0140625 0.025
11 0.221875 0.321875 0.0125 0.0171875
5 0.159375 0.325 0.0203125 0.0125
5 0.159375 0.309375 0.0203125 0.009375
5 0.159375 0.3578125 0.0171875 0.009375
5 0.159375 0.36875 0.015625 0.009375
5 0.159375 0.375 0.0125 0.00625
11 0.225 0.359375 0.01875 0.0140625
11 0.225 0.3828125 0.01875 0.0234375
11 0.2703125 0.375 0.0125 0.025
3 0.309375 0.3609375 0.0265625 0.025
3 0.33125 0.36875 0.0265625 0.034375
3 0.375 0.35625 0.0203125 0.021875
3 0.4015625 0.3640625 0.025 0.0328125
0 0.44375 0.365625 0.01875 0.015625
12 0.4890625 0.36875 0.0125 0.0234375
8 0.5703125 0.378125 0.0171875 0.0265625
14 0.6 0.371875 0.021875 0.0390625
3 0.64375 0.3515625 0.028125 0.040625
3 0.66875 0.35625 0.0234375 0.03125
3 0.70625 0.35 0.0203125 0.025
3 0.73125 0.365625 0.0265625 0.046875
3 0.771875 0.359375 0.0203125 0.0265625
3 0.8 0.3671875 0.028125 0.0359375
3 0.840625 0.35625 0.0171875 0.025
3 0.8671875 0.3625 0.0234375 0.0328125
0 0.925 0.365625 0.0203125 0.0234375
2 0.903125 0.3625 0.0140625 0.0203125
2 0.890625 0.371875 0.0140625 0.01875
14 0.928125 0.4453125 0.0234375 0.0484375
14 0.928125 0.503125 0.0328125 0.0453125
2 0.903125 0.43125 0.0125 0.01875
2 0.8921875 0.4421875 0.0140625 0.0203125
2 0.903125 0.490625 0.0109375 0.0203125
2 0.8921875 0.5 0.009375 0.0203125
3 0.86875 0.45 0.025 0.0265625
3 0.8390625 0.4484375 0.0203125 0.028125
3 0.80625 0.446875 0.025 0.028125
3 0.7875 0.4484375 0.0265625 0.0265625
3 0.74375 0.446875 0.028125 0.028125
3 0.715625 0.4484375 0.0234375 0.0265625
3 0.684375 0.446875 0.0234375 0.0265625
3 0.665625 0.446875 0.03125 0.0265625
3 0.8625 0.49375 0.03125 0.0265625
3 0.834375 0.49375 0.028125 0.0265625
3 0.80625 0.49375 0.0265625 0.0265625
3 0.7875 0.49375 0.0265625 0.0265625
3 0.740625 0.49375 0.028125 0.025
3 0.709375 0.49375 0.028125 0.025
3 0.6796875 0.49375 0.028125 0.025
3 0.6625 0.49375 0.0234375 0.0265625
3 0.60625 0.446875 0.021875 0.0265625
3 0.584375 0.44375 0.0265625 0.028125
11 0.609375 0.49375 0.0125 0.0234375
4 0.55 0.503125 0.0140625 0.0140625
4 0.546875 0.44375 0.0109375 0.0171875
11 0.5203125 0.434375 0.0140625 0.028125
11 0.51875 0.415625 0.0140625 0.015625
3 0.4421875 0.4375 0.0203125 0.0296875
3 0.41875 0.4359375 0.028125 0.028125
4 0.471875 0.44375 0.0140625 0.0140625
4 0.365625 0.44375 0.0140625 0.015625
4 0.271875 0.44375 0.0125 0.0140625
4 0.271875 0.503125 0.0140625 0.0125
4 0.3625 0.503125 0.0140625 0.0125
4 0.509375 0.578125 0.0140625 0.0140625
11 0.51875 0.496875 0.0171875 0.015625
11 0.51875 0.5125 0.01875 0.0234375
11 0.4421875 0.490625 0.0125 0.0234375
11 0.44375 0.509375 0.0125 0.0125
11 0.334375 0.50625 0.01875 0.025
12 0.240625 0.503125 0.0125 0.021875
0 0.1734375 0.5 0.0171875 0.01875
13 0.1515625 0.5125 0.0234375 0.028125
13 0.1296875 0.50625 0.025 0.0390625
13 0.10625 0.509375 0.0234375 0.034375
13 0.09375 0.5125 0.025 0.0265625
3 0.090625 0.5859375 0.0171875 0.025
4 0.109375 0.578125 0.0140625 0.0125
12 0.159375 0.578125 0.0125 0.0234375
8 0.25 0.58125 0.01875 0.028125
3 0.090625 0.615625 0.0203125 0.025
3 0.1125 0.61875 0.0234375 0.028125
3 0.1375 0.6234375 0.01875 0.0359375
3 0.153125 0.6296875 0.021875 0.046875
3 0.1890625 0.63125 0.0296875 0.028125
3 0.203125 0.6265625 0.0203125 0.0328125
3 0.225 0.625 0.021875 0.0359375
3 0.2484375 0.625 0.015625 0.028125
3 0.2921875 0.634375 0.025 0.04375
3 0.3109375 0.634375 0.0203125 0.0359375
3 0.33125 0.6390625 0.0203125 0.028125
3 0.353125 0.63125 0.0234375 0.040625
3 0.384375 0.6078125 0.0234375 0.025
3 0.40625 0.6125 0.01875 0.0265625
3 0.428125 0.61875 0.021875 0.0359375
3 0.44375 0.625 0.025 0.046875
3 0.4890625 0.621875 0.01875 0.0359375
3 0.5125 0.6171875 0.01875 0.0234375
3 0.5359375 0.621875 0.01875 0.034375
3 0.5515625 0.628125 0.025 0.0453125
3 0.584375 0.6375 0.0265625 0.034375
3 0.60625 0.634375 0.0203125 0.04375
3 0.6265625 0.6375 0.0125 0.034375
3 0.65 0.6453125 0.0203125 0.028125
11 0.3125 0.5796875 0.0171875 0.0265625
3 0.384375 0.5640625 0.021875 0.021875
3 0.4046875 0.5640625 0.01875 0.0234375
3 0.428125 0.56875 0.0203125 0.03125
3 0.4453125 0.571875 0.025 0.0375
3 0.484375 0.578125 0.021875 0.025
11 0.55625 0.58125 0.0171875 0.0234375
3 0.5859375 0.584375 0.0296875 0.028125
3 0.603125 0.5796875 0.0203125 0.034375
3 0.6234375 0.5796875 0.021875 0.0328125
3 0.646875 0.58125 0.021875 0.028125
3 0.69375 0.58125 0.0265625 0.0359375
3 0.709375 0.5796875 0.0234375 0.0359375
3 0.73125 0.584375 0.021875 0.028125
3 0.753125 0.584375 0.0203125 0.0296875
3 0.78125 0.5640625 0.0203125 0.025
3 0.803125 0.5640625 0.01875 0.025
3 0.825 0.56875 0.0203125 0.034375
3 0.84375 0.571875 0.0203125 0.0375
3 0.6921875 0.6375 0.0234375 0.04375
3 0.709375 0.640625 0.0234375 0.0375
3 0.73125 0.646875 0.0203125 0.03125
3 0.7546875 0.6375 0.0234375 0.0421875
3 0.7828125 0.615625 0.0203125 0.0234375
3 0.8046875 0.61875 0.0234375 0.0265625
3 0.828125 0.6234375 0.021875 0.034375
3 0.84375 0.6296875 0.025 0.04375
2 0.903125 0.565625 0.0140625 0.0171875
2 0.89375 0.575 0.0125 0.01875
2 0.903125 0.628125 0.0125 0.0203125
2 0.89375 0.640625 0.0140625 0.01875
14 0.928125 0.578125 0.025 0.04375
0 0.928125 0.6328125 0.028125 0.021875
0 0.928125 0.765625 0.01875 0.0203125
14 0.928125 0.7125 0.028125 0.0453125
2 0.903125 0.7 0.015625 0.0171875
2 0.89375 0.709375 0.0125 0.01875
11 0.875 0.7203125 0.0109375 0.0265625
11 0.825 0.715625 0.0140625 0.028125
11 0.7796875 0.7125 0.0171875 0.0265625
11 0.73125 0.7109375 0.0171875 0.025
8 0.66875 0.71875 0.0171875 0.025
12 0.575 0.709375 0.0125 0.0234375
11 0.528125 0.71875 0.0171875 0.0234375
11 0.4671875 0.715625 0.01875 0.0296875
11 0.41875 0.70625 0.0140625 0.0265625
11 0.375 0.71875 0.0140625 0.0265625
11 0.328125 0.7203125 0.0140625 0.0296875
8 0.2625 0.71875 0.0125 0.0265625
2 0.903125 0.765625 0.0140625 0.0203125
2 0.89375 0.7734375 0.0171875 0.0171875
3 0.86875 0.771875 0.025 0.04375
3 0.8484375 0.7796875 0.021875 0.028125
3 0.8234375 0.775 0.021875 0.0390625
3 0.8078125 0.771875 0.021875 0.0421875
3 0.7765625 0.765625 0.01875 0.028125
3 0.753125 0.7625 0.0203125 0.0375
3 0.728125 0.76875 0.0234375 0.034375
3 0.7140625 0.76875 0.028125 0.028125
3 0.665625 0.76875 0.0234375 0.04375
3 0.6421875 0.7625 0.0203125 0.0359375
3 0.61875 0.75625 0.0234375 0.028125
3 0.603125 0.753125 0.0203125 0.0234375
3 0.571875 0.7765625 0.0234375 0.0390625
3 0.5484375 0.784375 0.0203125 0.025
3 0.525 0.778125 0.021875 0.0359375
3 0.509375 0.775 0.0234375 0.0375
3 0.4625 0.765625 0.025 0.0453125
3 0.4375 0.759375 0.0203125 0.0359375
3 0.415625 0.7546875 0.021875 0.028125
3 0.3953125 0.75 0.01875 0.025
3 0.36875 0.775 0.0203125 0.0390625
3 0.346875 0.78125 0.0203125 0.0265625
3 0.3234375 0.7765625 0.021875 0.034375
3 0.30625 0.7734375 0.0265625 0.040625
3 0.2578125 0.75625 0.025 0.04375
3 0.234375 0.7515625 0.0234375 0.03125
3 0.2125 0.746875 0.0203125 0.0234375
3 0.19375 0.753125 0.01875 0.034375
3 0.16875 0.7859375 0.01875 0.0234375
3 0.146875 0.7796875 0.0234375 0.034375
3 0.1234375 0.775 0.0171875 0.04375
3 0.10625 0.778125 0.028125 0.0328125
12 0.1234375 0.7109375 0.015625 0.021875
14 0.928125 0.846875 0.025 0.0421875
0 0.928125 0.9 0.021875 0.0234375
2 0.903125 0.8328125 0.0171875 0.015625
2 0.89375 0.8421875 0.0140625 0.0171875
2 0.903125 0.896875 0.0140625 0.01875
2 0.890625 0.90625 0.0125 0.01875
3 0.8671875 0.9 0.025 0.046875
3 0.84375 0.89375 0.021875 0.0328125
3 0.825 0.8875 0.015625 0.028125
3 0.803125 0.884375 0.01875 0.0265625
11 0.8734375 0.85625 0.0171875 0.021875
11 0.8265625 0.853125 0.021875 0.0234375
11 0.78125 0.8484375 0.0125 0.0203125
11 0.734375 0.846875 0.0140625 0.025
3 0.7765625 0.90625 0.0234375 0.0390625
3 0.753125 0.9140625 0.0234375 0.025
3 0.7328125 0.9109375 0.0171875 0.0359375
3 0.715625 0.90625 0.021875 0.040625
8 0.6703125 0.840625 0.0125 0.0109375
8 0.671875 0.85625 0.0140625 0.0234375
3 0.665625 0.90625 0.0234375 0.0453125
3 0.640625 0.8984375 0.0234375 0.0359375
3 0.6203125 0.89375 0.0234375 0.028125
3 0.6015625 0.890625 0.0140625 0.025
3 0.575 0.9125 0.025 0.0390625
3 0.5515625 0.9203125 0.01875 0.0234375
3 0.528125 0.915625 0.0203125 0.0328125
3 0.5109375 0.9125 0.0234375 0.0375
3 0.4625 0.896875 0.0234375 0.04375
3 0.440625 0.890625 0.021875 0.0328125
3 0.415625 0.884375 0.0234375 0.028125
3 0.4 0.88125 0.0203125 0.0234375
11 0.53125 0.840625 0.0171875 0.0265625
11 0.46875 0.8296875 0.0140625 0.0140625
3 0.46875 0.853125 0.015625 0.0234375
3 0.4 0.8359375 0.0125 0.0265625
11 0.4453125 0.840625 0.0171875 0.0265625
3 0.371875 0.90625 0.0234375 0.0421875
3 0.375 0.8375 0.015625 0.028125
3 0.35625 0.8375 0.025 0.0265625
11 0.328125 0.840625 0.0125 0.0265625
3 0.35 0.9125 0.01875 0.0265625
3 0.325 0.909375 0.021875 0.0375
3 0.3078125 0.9046875 0.025 0.040625
2 0.26875 0.8515625 0.009375 0.0171875
2 0.26875 0.9140625 0.015625 0.0171875
8 0.25625 0.85625 0.0125 0.0203125
8 0.25625 0.8390625 0.0140625 0.0078125
8 0.25625 0.84375 0.0125 0.00625
12 0.159375 0.84375 0.00625 0.021875
11 0.1140625 0.846875 0.0171875 0.028125
2 0.2171875 0.89375 0.0140625 0.01875
3 0.2515625 0.896875 0.015625 0.04375
3 0.2296875 0.890625 0.0140625 0.0328125
3 0.2 0.884375 0.021875 0.03125
3 0.184375 0.88125 0.0140625 0.025
3 0.15625 0.90625 0.021875 0.040625
3 0.134375 0.9125 0.0171875 0.028125
3 0.1125 0.909375 0.0203125 0.0359375
3 0.09375 0.9046875 0.0234375 0.0421875
3 0.35625 0.58125 0.01875 0.028125
3 0.3390625 0.5828125 0.0234375 0.0234375
3 0.3359375 0.43125 0.009375 0.0296875
3 0.309375 0.41875 0.0234375 0.05625
13 0.234375 0.434375 0.028125 0.025
13 0.215625 0.440625 0.0234375 0.0375
13 0.19375 0.44375 0.025 0.0359375
13 0.178125 0.4484375 0.015625 0.04375
12 0.15625 0.44375 0.0109375 0.021875
3 0.1 0.1734375 0.0171875 0.025
9 0.18125 0.159375 0.0265625 0.00625
11 0.64375 0.115625 0.0109375 0.01875