13 0.128125 0.153125 0.0296875 0.1625
13 0.15 0.146875 0.0171875 0.1796875
13 0.171875 0.140625 0.01875 0.1515625
13 0.196875 0.15 0.0234375 0.1328125
13 0.221875 0.159375 0.025 0.1015625
13 0.25 0.134375 0.021875 0.15
13 0.33125 0.15625 0.021875 0.1578125
13 0.359375 0.1375 0.0234375 0.178125
13 0.3875 0.1484375 0.01875 0.1453125
13 0.4171875 0.1640625 0.01875 0.109375
13 0.45 0.171875 0.0203125 0.090625
13 0.475 0.146875 0.028125 0.1421875
13 0.5625 0.15625 0.0265625 0.146875
13 0.5921875 0.146875 0.021875 0.1546875
13 0.625 0.15625 0.0265625 0.1375
13 0.653125 0.171875 0.01875 0.1046875
13 0.6828125 0.184375 0.0203125 0.0875
13 0.7125 0.159375 0.0265625 0.146875
13 0.825 0.16875 0.021875 0.1359375
13 0.8578125 0.1765625 0.0234375 0.1140625
13 0.88125 0.140625 0.025 0.178125
13 0.9109375 0.1375 0.0203125 0.1921875
13 0.94375 0.146875 0.025 0.178125
13 0.496875 0.55 0.0359375 0.1953125
13 0.5453125 0.54375 0.03125 0.1859375
13 0.5875 0.5453125 0.0265625 0.1765625
13 0.628125 0.55625 0.025 0.1703125
13 0.665625 0.565625 0.025 0.1453125
13 0.7125 0.540625 0.03125 0.1953125
13 0.7890625 0.565625 0.028125 0.1859375
13 0.825 0.553125 0.0234375 0.1796875
13 0.85625 0.5828125 0.021875 0.1171875
13 0.8875 0.5515625 0.028125 0.1796875
13 0.9234375 0.5578125 0.03125 0.1765625
13 0.9625 0.5625 0.0234375 0.1828125
3 0.13125 0.425 0.01875 0.0859375
3 0.3421875 0.4203125 0.028125 0.0734375
3 0.578125 0.4109375 0.0296875 0.0828125
3 0.8 0.415625 0.0296875 0.0953125
13 0.1203125 0.5921875 0.021875 0.1453125
13 0.1515625 0.5765625 0.021875 0.153125
13 0.184375 0.590625 0.021875 0.1375
13 0.215625 0.603125 0.01875 0.1046875
13 0.253125 0.590625 0.0296875 0.153125
3 0.1140625 0.7765625 0.025 0.0828125
3 0.18125 0.771875 0.025 0.146875
3 0.2375 0.7890625 0.028125 0.1671875
3 0.328125 0.775 0.0265625 0.1375
3 0.509375 0.8 0.028125 0.153125
3 0.590625 0.75625 0.0375 0.1640625
3 0.690625 0.7421875 0.04375 0.15
3 0.7859375 0.796875 0.0234375 0.153125
3 0.865625 0.753125 0.0296875 0.1640625
3 0.9671875 0.7484375 0.03125 0.1546875
3 0.9375 0.365625 0.0328125 0.1640625
3 0.875 0.3875 0.0375 0.1296875
3 0.175 0.378125 0.028125 0.134375
3 0.225 0.38125 0.025 0.1390625
3 0.3953125 0.371875 0.0328125 0.1640625
3 0.453125 0.371875 0.03125 0.1546875
3 0.640625 0.359375 0.034375 0.1625
3 0.7078125 0.353125 0.028125 0.140625
11 0.34375 0.5734375 0.0328125 0.140625
8 0.396875 0.565625 0.03125 0.084375
11 0.3921875 0.775 0.040625 0.1640625
2 0.0796875 0.0859375 0.0453125 0.0671875
2 0.796875 0.115625 0.0328125 0.0625
2 0.8375 0.3515625 0.028125 0.0828125
2 0.09375 0.325 0.040625 0.0734375
2 0.103125 0.534375 0.0171875 0.059375
2 0.06875 0.5125 0.025 0.0671875
2 0.071875 0.728125 0.03125 0.05
14 0.0375 0.14375 0.04375 0.1609375
0 0.0390625 0.353125 0.0375 0.153125
0 0.0375 0.76875 0.03125 0.1390625
14 0.034375 0.565625 0.0421875 0.18125
2 0.059375 0.94375 0.01875 0.046875
2 0.0765625 0.928125 0.0203125 0.0546875
2 0.109375 0.89375 0.0203125 0.0484375
2 0.89375 0.915625 0.0234375 0.0625
1 0.303125 0.90625 0.021875 0.053125