13 0.8859375 0.98984375 0.028125 0.0203125
3 0.84375 0.984375 0.021875 0.03125
3 0.796875 0.9875 0.0203125 0.025
3 0.71171875 0.98984375 0.0171875 0.0203125
3 0.6640625 0.99375 0.0171875 0.0109375
3 0.6109375 0.984375 0.0203125 0.03125
3 0.58125 0.9875 0.0265625 0.0234375
3 0.55 0.990625 0.0203125 0.0171875
3 0.521875 0.9875 0.021875 0.0234375
3 0.45625 0.984375 0.015625 0.03125
13 0.2265625 0.990625 0.0265625 0.0171875
3 0.1796875 0.9921875 0.0234375 0.015625
3 0.040625 0.990625 0.0203125 0.01875
3 0.0375 0.9125 0.03125 0.040625
3 0.175 0.909375 0.0265625 0.046875
3 0.503125 0.90625 0.0203125 0.04375
3 0.621875 0.9265625 0.0234375 0.0390625
3 0.753125 0.909375 0.0234375 0.040625
3 0.696875 0.7921875 0.028125 0.0421875
3 0.571875 0.8171875 0.01875 0.0421875
3 0.534375 0.8140625 0.0140625 0.04375
3 0.4875 0.8109375 0.01875 0.0421875
3 0.465625 0.815625 0.0203125 0.05
3 0.421875 0.7953125 0.0328125 0.0421875
3 0.36875 0.790625 0.0265625 0.0390625
3 0.30625 0.8 0.0296875 0.046875
3 0.259375 0.8 0.0328125 0.0484375
3 0.1859375 0.7921875 0.0328125 0.04375
3 0.040625 0.8 0.028125 0.046875
3 0.078125 0.721875 0.0203125 0.040625
3 0.15 0.73125 0.0171875 0.040625
3 0.1890625 0.7234375 0.025 0.0484375
3 0.403125 0.7203125 0.0265625 0.046875
3 0.4625 0.709375 0.0140625 0.0421875
3 0.5390625 0.715625 0.0234375 0.0390625
3 0.825 0.7125 0.028125 0.0421875
3 0.878125 0.709375 0.03125 0.0390625
3 0.8875 0.634375 0.0296875 0.04375
3 0.8390625 0.634375 0.025 0.0453125
3 0.409375 0.628125 0.025 0.0421875
3 0.346875 0.621875 0.0265625 0.046875
3 0.3 0.634375 0.0359375 0.0390625
3 0.253125 0.628125 0.025 0.040625
3 0.178125 0.63125 0.0203125 0.0421875
3 0.153125 0.634375 0.0171875 0.04375
3 0.05 0.63125 0.028125 0.0375
11 0.1109375 0.628125 0.0296875 0.0484375
11 0.48125 0.628125 0.0203125 0.046875
11 0.5375 0.6171875 0.021875 0.046875
11 0.646875 0.640625 0.01875 0.0359375
11 0.703125 0.63125 0.025 0.0390625
11 0.765625 0.625 0.025 0.0390625
11 0.76875 0.7203125 0.025 0.04375
11 0.7109375 0.7125 0.025 0.0421875
11 0.6625 0.7046875 0.025 0.0421875
11 0.2625 0.721875 0.03125 0.0421875
11 0.109375 0.790625 0.021875 0.040625
3 0.003125 0.79375 0.0046875 0.0484375
11 0.6375 0.796875 0.01875 0.040625
11 0.778125 0.7875 0.01875 0.040625
11 0.88125 0.928125 0.01875 0.0375
11 0.815625 0.90625 0.0171875 0.0421875
11 0.6703125 0.9125 0.01875 0.046875
11 0.453125 0.928125 0.021875 0.0375
11 0.39375 0.9234375 0.028125 0.0390625
11 0.315625 0.91875 0.025 0.0421875
11 0.2671875 0.91875 0.015625 0.0375
11 0.284375 0.990625 0.0203125 0.01875
11 0.3296875 0.9875 0.021875 0.025
11 0.4015625 0.98046875 0.015625 0.0390625
8 0.08359375 0.98984375 0.0296875 0.0203125
8 0.084375 0.9109375 0.0359375 0.04375
8 0.240625 0.246875 0.0234375 0.04375
8 0.2375 0.153125 0.028125 0.0375
8 0.2484375 0.0625 0.0265625 0.0453125
8 0.89375 0.05625 0.021875 0.040625
8 0.878125 0.16875 0.025 0.040625
8 0.565625 0.24375 0.0265625 0.040625
8 0.878125 0.24375 0.0203125 0.0421875
8 0.825 0.3578125 0.0265625 0.0375
4 0.3328125 0.703125 0.03125 0.0234375
13 0.82421875 0.98984375 0.0234375 0.0203125
13 0.6890625 0.99609375 0.021875 0.0078125
13 0.21875 0.9078125 0.03125 0.0484375
3 0.5390625 0.9125 0.021875 0.040625
3 0.59375 0.90625 0.0203125 0.04375
3 0.6828125 0.525 0.015625 0.046875
3 0.640625 0.521875 0.0125 0.0421875
3 0.509375 0.50625 0.0203125 0.046875
3 0.234375 0.5125 0.01875 0.040625
3 0.18125 0.4984375 0.0171875 0.04375
3 0.125 0.521875 0.025 0.0484375
3 0.059375 0.51875 0.0234375 0.04375
3 0.0078125 0.515625 0.015625 0.046875
3 0.078125 0.434375 0.0375 0.034375
3 0.18125 0.440625 0.025 0.0390625
3 0.290625 0.434375 0.025 0.0390625
3 0.515625 0.421875 0.0296875 0.040625
3 0.7046875 0.421875 0.0328125 0.0484375
3 0.7296875 0.3515625 0.0265625 0.0375
3 0.5375 0.346875 0.0328125 0.046875
3 0.2609375 0.340625 0.0375 0.046875
3 0.0875 0.365625 0.0421875 0.04375
3 0.009375 0.24375 0.0171875 0.0390625
3 0.340625 0.240625 0.028125 0.0421875
3 0.5046875 0.2359375 0.0234375 0.040625
3 0.6734375 0.240625 0.025 0.0421875
3 0.840625 0.25 0.021875 0.0421875
3 0.8375 0.15625 0.025 0.040625
3 0.6796875 0.175 0.03125 0.040625
3 0.4875 0.1703125 0.0125 0.0421875
3 0.453125 0.165625 0.0140625 0.04375
3 0.353125 0.165625 0.0265625 0.0421875
3 0.18125 0.171875 0.0265625 0.0421875
3 0.0109375 0.171875 0.021875 0.0375
3 0.009375 0.075 0.0171875 0.04375
3 0.2 0.0734375 0.025 0.0421875
3 0.3609375 0.08125 0.028125 0.0421875
3 0.434375 0.065625 0.0125 0.0390625
3 0.453125 0.071875 0.0203125 0.0453125
3 0.678125 0.0640625 0.028125 0.0484375
3 0.859375 0.084375 0.0203125 0.0421875
11 0.8140625 0.08125 0.0234375 0.040625
11 0.78125 0.065625 0.025 0.0453125
11 0.71875 0.078125 0.0265625 0.0484375
11 0.634375 0.071875 0.0125 0.04375
11 0.515625 0.06875 0.0203125 0.046875
11 0.484375 0.08125 0.0203125 0.05
11 0.396875 0.0828125 0.021875 0.0484375
11 0.321875 0.071875 0.025 0.0453125
11 0.15625 0.0703125 0.0140625 0.040625
11 0.1140625 0.06875 0.0171875 0.0453125
11 0.0515625 0.078125 0.01875 0.0390625
11 0.04375 0.146875 0.015625 0.04375
11 0.096875 0.165625 0.0125 0.0375
11 0.1328125 0.153125 0.021875 0.040625
11 0.3125 0.16875 0.0171875 0.0390625
11 0.38125 0.15625 0.0140625 0.040625
11 0.4203125 0.171875 0.015625 0.040625
11 0.634375 0.1578125 0.015625 0.0328125
11 0.7125 0.1515625 0.0203125 0.0375
11 0.76875 0.165625 0.0171875 0.0375
11 0.8015625 0.1546875 0.0125 0.0390625
11 0.8 0.246875 0.0140625 0.0390625
11 0.76875 0.240625 0.01875 0.0375
11 0.709375 0.246875 0.0203125 0.0375
11 0.628125 0.240625 0.01875 0.046875
11 0.44375 0.2390625 0.0171875 0.0453125
11 0.4140625 0.240625 0.0234375 0.04375
11 0.375 0.240625 0.028125 0.0421875
11 0.30625 0.240625 0.0171875 0.040625
11 0.153125 0.240625 0.01875 0.0421875
11 0.1109375 0.2390625 0.015625 0.0359375
11 0.04375 0.246875 0.0203125 0.0421875
11 0.16875 0.3421875 0.025 0.046875
11 0.471875 0.3375 0.01875 0.0375
11 0.584375 0.35 0.0171875 0.0390625
11 0.6328125 0.353125 0.015625 0.03125
11 0.6796875 0.353125 0.0140625 0.0375
11 0.646875 0.421875 0.01875 0.0453125
11 0.609375 0.43125 0.0265625 0.0453125
11 0.559375 0.43125 0.0265625 0.040625
11 0.465625 0.440625 0.0203125 0.0359375
11 0.225 0.434375 0.0203125 0.0359375
11 0.465625 0.509375 0.0171875 0.0484375
11 0.55625 0.5296875 0.0296875 0.05
11 0.6 0.5125 0.0265625 0.046875
8 0.8359375 0.50625 0.0296875 0.040625
8 0.825 0.4359375 0.0296875 0.0421875
8 0.5671875 0.078125 0.034375 0.040625
13 0.759375 0.990625 0.028125 0.0171875
13 0.48984375 0.98984375 0.0171875 0.0203125
13 0.471875 0.9875 0.0203125 0.025
13 0.109375 0.728125 0.025 0.04375
8 0.00625 0.7015625 0.0125 0.040625
13 0.5015625 0.728125 0.03125 0.04375
13 0.584375 0.721875 0.028125 0.0453125
13 0.209375 0.50625 0.0203125 0.0421875
13 0.6609375 0.528125 0.01875 0.04375
13 0.71875 0.51875 0.0296875 0.0375
3 0.196875 0.2484375 0.0296875 0.040625
13 0.4734375 0.175 0.0140625 0.040625
13 0.515625 0.159375 0.015625 0.040625
8 0.58125 0.153125 0.0234375 0.0375
2 0.084375 0.8046875 0.0171875 0.0234375
2 0.3375 0.8046875 0.0265625 0.0265625
2 0.553125 0.803125 0.015625 0.021875
2 0.740625 0.803125 0.028125 0.0234375
2 0.13125 0.71875 0.0125 0.0171875
2 0.228125 0.6421875 0.021875 0.0203125
2 0.375 0.6421875 0.01875 0.0203125
2 0.9171875 0.621875 0.0203125 0.021875
2 0.55 0.1359375 0.028125 0.0328125
2 0.7828125 0.1375 0.0203125 0.01875
2 0.115625 0.1390625 0.0203125 0.021875
2 0.20625 0.140625 0.0171875 0.0296875
2 0.41875 0.078125 0.0171875 0.021875
2 0.6546875 0.3421875 0.0203125 0.021875
2 0.56875 0.925 0.01875 0.025
2 0.475 0.246875 0.025 0.028125
2 0.13125 0.253125 0.0125 0.0234375
2 0.0859375 0.246875 0.0234375 0.028125
3 0.2765625 0.5171875 0.0328125 0.059375
12 0.415625 0.5125 0.0390625 0.053125
12 0.4125 0.434375 0.046875 0.053125
12 0.41875 0.35 0.0484375 0.0640625