11 0.134375 0.0765625 0.021875 0.034375
3 0.175 0.075 0.021875 0.0375
11 0.30625 0.0734375 0.0171875 0.0375
3 0.35 0.071875 0.021875 0.0359375
11 0.396875 0.0734375 0.015625 0.0375
3 0.44375 0.075 0.0203125 0.0390625
3 0.53125 0.0640625 0.01875 0.028125
3 0.675 0.05625 0.0203125 0.040625
3 0.728125 0.071875 0.0125 0.0390625
3 0.8125 0.0703125 0.01875 0.0375
3 0.93125 0.053125 0.0265625 0.0359375
13 0.9296875 0.13125 0.025 0.03125
3 0.8921875 0.1375 0.0203125 0.0390625
3 0.8484375 0.1328125 0.0171875 0.0359375
3 0.775 0.128125 0.015625 0.0375
3 0.73125 0.125 0.0140625 0.028125
3 0.684375 0.140625 0.01875 0.03125
3 0.6578125 0.134375 0.0234375 0.0296875
3 0.63125 0.125 0.0171875 0.0359375
3 0.60625 0.134375 0.0203125 0.03125
3 0.546875 0.140625 0.0125 0.0296875
13 0.3421875 0.128125 0.0234375 0.0328125
3 0.3 0.1265625 0.021875 0.03125
3 0.1765625 0.128125 0.0171875 0.03125
3 0.1734375 0.20625 0.028125 0.0359375
3 0.2953125 0.2078125 0.0234375 0.040625
3 0.5875 0.2125 0.01875 0.0375
3 0.69375 0.19375 0.0203125 0.034375
3 0.809375 0.20625 0.021875 0.0359375
3 0.759375 0.3125 0.025 0.0375
3 0.6484375 0.290625 0.0171875 0.0375
3 0.6140625 0.29375 0.0125 0.0375
3 0.5734375 0.296875 0.0171875 0.0375
3 0.5546875 0.290625 0.01875 0.0453125
3 0.5140625 0.309375 0.028125 0.0375
3 0.4671875 0.3140625 0.0234375 0.034375
3 0.4125 0.30625 0.0265625 0.040625
3 0.371875 0.30625 0.028125 0.04375
3 0.30625 0.3125 0.0296875 0.0390625
3 0.1765625 0.30625 0.025 0.040625
3 0.209375 0.375 0.01875 0.0359375
3 0.271875 0.365625 0.015625 0.0359375
3 0.3078125 0.3734375 0.0234375 0.04375
3 0.496875 0.3765625 0.0234375 0.040625
3 0.55 0.3875 0.0125 0.0375
3 0.61875 0.38125 0.0203125 0.0359375
3 0.8734375 0.384375 0.025 0.0375
3 0.9203125 0.384375 0.0265625 0.034375
3 0.928125 0.453125 0.0265625 0.0390625
3 0.8859375 0.453125 0.021875 0.040625
3 0.503125 0.459375 0.021875 0.0375
3 0.4484375 0.4640625 0.0234375 0.0421875
3 0.4078125 0.453125 0.03125 0.034375
3 0.3640625 0.4578125 0.0234375 0.0359375
3 0.2984375 0.45625 0.0171875 0.0375
3 0.2765625 0.453125 0.015625 0.0390625
3 0.184375 0.45625 0.025 0.034375
11 0.103125 0.4515625 0.0203125 0.034375
11 0.2375 0.459375 0.0265625 0.04375
11 0.5671875 0.45625 0.01875 0.040625
11 0.6171875 0.46875 0.0203125 0.040625
11 0.715625 0.446875 0.015625 0.03125
11 0.7640625 0.4546875 0.021875 0.034375
11 0.8203125 0.459375 0.021875 0.0359375
11 0.825 0.3765625 0.0234375 0.0390625
11 0.771875 0.3828125 0.021875 0.0375
11 0.728125 0.390625 0.021875 0.0375
11 0.3734375 0.375 0.028125 0.0375
11 0.2359375 0.3140625 0.0203125 0.0359375
3 0.0875 0.3078125 0.0171875 0.0421875
3 0.1375 0.309375 0.01875 0.0421875
11 0.70625 0.309375 0.0171875 0.0359375
11 0.83125 0.315625 0.015625 0.0375
11 0.921875 0.19375 0.0171875 0.0328125
11 0.865625 0.209375 0.015625 0.0375
11 0.7359375 0.20625 0.0171875 0.0421875
11 0.54375 0.1921875 0.01875 0.0328125
11 0.490625 0.196875 0.025 0.0359375
11 0.4203125 0.2 0.0234375 0.0375
11 0.378125 0.2 0.0140625 0.0328125
11 0.121875 0.2078125 0.0203125 0.0375
11 0.128125 0.1296875 0.0171875 0.0296875
11 0.39375 0.128125 0.0171875 0.0328125
11 0.434375 0.134375 0.0203125 0.034375
11 0.496875 0.1453125 0.0125 0.0359375
11 0.609375 0.0578125 0.01875 0.034375
11 0.49375 0.071875 0.01875 0.0359375
8 0.221875 0.0734375 0.0296875 0.0390625
3 0.896875 0.06875 0.021875 0.0359375
3 0.76875 0.071875 0.0203125 0.034375
8 0.2171875 0.13125 0.0265625 0.0296875
8 0.2140625 0.20625 0.0328125 0.0390625
8 0.3546875 0.796875 0.0203125 0.0390625
8 0.35 0.8796875 0.0234375 0.0328125
8 0.3609375 0.959375 0.0234375 0.040625
8 0.934375 0.965625 0.01875 0.0359375
8 0.921875 0.865625 0.021875 0.0359375
8 0.64375 0.8 0.0234375 0.0359375
8 0.921875 0.8 0.01875 0.0375
8 0.8734375 0.696875 0.0234375 0.0328125
12 0.640625 0.0703125 0.0234375 0.0203125
4 0.4359375 0.390625 0.028125 0.021875
13 0.5515625 0.0578125 0.015625 0.0359375
13 0.5703125 0.053125 0.015625 0.0453125
13 0.871875 0.13125 0.021875 0.0328125
13 0.753125 0.121875 0.01875 0.028125
13 0.334375 0.209375 0.028125 0.04375
3 0.61875 0.2046875 0.0203125 0.0359375
3 0.6671875 0.2125 0.01875 0.0375
3 0.746875 0.55 0.0140625 0.0421875
3 0.709375 0.553125 0.0109375 0.0359375
3 0.59375 0.5671875 0.01875 0.0421875
3 0.3484375 0.559375 0.0171875 0.0359375
3 0.3 0.5734375 0.015625 0.0390625
3 0.25 0.553125 0.0234375 0.0421875
3 0.1921875 0.55625 0.0203125 0.0390625
3 0.14375 0.559375 0.0234375 0.040625
3 0.103125 0.559375 0.0265625 0.04375
3 0.209375 0.628125 0.034375 0.03125
3 0.3015625 0.625 0.021875 0.034375
3 0.3984375 0.63125 0.0234375 0.034375
3 0.5984375 0.640625 0.0265625 0.0359375
3 0.765625 0.640625 0.028125 0.0421875
3 0.7890625 0.703125 0.0234375 0.034375
3 0.6171875 0.709375 0.0296875 0.040625
3 0.371875 0.7125 0.034375 0.0421875
3 0.21875 0.6921875 0.0375 0.0390625
3 0.1453125 0.8 0.021875 0.0359375
3 0.44375 0.8015625 0.025 0.0375
3 0.5875 0.80625 0.021875 0.0359375
3 0.7375 0.803125 0.0234375 0.0375
3 0.8875 0.79375 0.0203125 0.0375
3 0.884375 0.8765625 0.021875 0.0375
3 0.74375 0.8609375 0.0265625 0.0359375
3 0.5734375 0.865625 0.0109375 0.0375
3 0.54375 0.86875 0.0125 0.0390625
3 0.4546875 0.86875 0.0234375 0.0375
3 0.3 0.8640625 0.0234375 0.0375
3 0.146875 0.8640625 0.021875 0.034375
3 0.1453125 0.95 0.0234375 0.0390625
3 0.3171875 0.95 0.0234375 0.0375
3 0.4609375 0.94375 0.025 0.0375
3 0.525 0.9578125 0.0125 0.034375
3 0.54375 0.9515625 0.01875 0.040625
3 0.7421875 0.959375 0.0265625 0.04375
3 0.9046875 0.940625 0.01875 0.0375
11 0.8625 0.94375 0.0203125 0.0359375
11 0.834375 0.9578125 0.021875 0.040625
11 0.7796875 0.946875 0.0234375 0.04375
11 0.703125 0.9515625 0.0125 0.0390625
11 0.596875 0.9546875 0.01875 0.0421875
11 0.571875 0.9453125 0.0171875 0.04375
11 0.4921875 0.9421875 0.0203125 0.04375
11 0.4265625 0.953125 0.0234375 0.040625
11 0.278125 0.953125 0.0140625 0.0359375
11 0.240625 0.95625 0.015625 0.040625
11 0.1859375 0.946875 0.0171875 0.034375
11 0.103125 0.95 0.015625 0.0359375
11 0.1015625 0.865625 0.015625 0.0296875
11 0.178125 0.884375 0.0140625 0.0390625
11 0.225 0.86875 0.0109375 0.034375
11 0.2578125 0.8796875 0.0203125 0.0359375
11 0.4171875 0.865625 0.015625 0.0359375
11 0.4796875 0.8765625 0.0125 0.0359375
11 0.5140625 0.8625 0.0125 0.0359375
11 0.703125 0.875 0.0140625 0.0296875
11 0.7734375 0.88125 0.01875 0.034375
11 0.825 0.86875 0.015625 0.034375
11 0.853125 0.878125 0.0125 0.034375
11 0.85 0.796875 0.0125 0.034375
11 0.821875 0.803125 0.0171875 0.0328125
11 0.7703125 0.796875 0.0171875 0.0328125
11 0.696875 0.803125 0.0171875 0.0421875
11 0.534375 0.803125 0.015625 0.040625
11 0.5078125 0.803125 0.021875 0.0390625
11 0.475 0.803125 0.025 0.0375
11 0.4125 0.803125 0.015625 0.0359375
11 0.275 0.803125 0.015625 0.0375
11 0.2390625 0.803125 0.0140625 0.03125
11 0.178125 0.796875 0.0171875 0.0375
11 0.10625 0.8 0.015625 0.040625
11 0.121875 0.696875 0.0171875 0.03125
11 0.2890625 0.7125 0.0234375 0.0421875
11 0.559375 0.715625 0.015625 0.034375
11 0.659375 0.70625 0.015625 0.034375
11 0.703125 0.703125 0.0125 0.0296875
11 0.74375 0.703125 0.0125 0.0328125
11 0.715625 0.6421875 0.0171875 0.0390625
11 0.68125 0.6328125 0.0234375 0.040625
11 0.6359375 0.634375 0.0234375 0.0359375
11 0.553125 0.625 0.01875 0.03125
11 0.340625 0.6296875 0.0171875 0.03125
11 0.103125 0.628125 0.021875 0.034375
11 0.553125 0.5625 0.015625 0.0421875
11 0.634375 0.5453125 0.0265625 0.04375
11 0.675 0.559375 0.0234375 0.0421875
8 0.8828125 0.5671875 0.0265625 0.0359375
8 0.871875 0.628125 0.0265625 0.0375
8 0.64375 0.946875 0.0296875 0.0359375
13 0.746875 0.06875 0.0171875 0.04375
13 0.85625 0.078125 0.0140625 0.0421875
13 0.8734375 0.075 0.0078125 0.0390625
13 0.815625 0.125 0.025 0.0375
13 0.578125 0.1296875 0.015625 0.03125
13 0.559375 0.134375 0.015625 0.03125
13 0.2375 0.36875 0.0234375 0.0390625
8 0.1375 0.39375 0.028125 0.0375
13 0.5859375 0.36875 0.028125 0.0390625
13 0.659375 0.375 0.025 0.040625
13 0.325 0.5671875 0.0171875 0.0359375
13 0.728125 0.546875 0.015625 0.0390625
13 0.778125 0.5546875 0.0265625 0.034375
3 0.315625 0.7953125 0.0265625 0.0359375
13 0.5609375 0.8625 0.0125 0.0375
13 0.5984375 0.875 0.0140625 0.0375
8 0.65625 0.88125 0.021875 0.0328125
13 0.1125 0.3 0.0140625 0.0390625
2 0.2140625 0.3 0.015625 0.0203125
2 0.440625 0.3015625 0.0234375 0.0234375
2 0.63125 0.303125 0.0125 0.01875
2 0.796875 0.303125 0.025 0.021875
2 0.25625 0.378125 0.0109375 0.015625
2 0.3421875 0.4453125 0.0203125 0.01875
2 0.475 0.446875 0.0171875 0.01875
2 0.9546875 0.4640625 0.01875 0.0203125
2 0.628125 0.8953125 0.025 0.0296875
2 0.8359375 0.89375 0.01875 0.0171875
2 0.240625 0.89375 0.01875 0.0203125
2 0.321875 0.890625 0.015625 0.028125
2 0.5125 0.946875 0.015625 0.01875
2 0.0921875 0.709375 0.0234375 0.028125
2 0.721875 0.7125 0.01875 0.0203125
2 0.6453125 0.1953125 0.0171875 0.0234375
2 0.5609375 0.796875 0.021875 0.025
2 0.25625 0.790625 0.0109375 0.0203125
2 0.215625 0.796875 0.021875 0.025
3 0.3859375 0.55625 0.0296875 0.0515625
12 0.509375 0.5625 0.0359375 0.046875
12 0.50625 0.63125 0.0421875 0.046875
12 0.5125 0.70625 0.04375 0.0578125
14 0.046875 0.071875 0.0484375 0.071875
14 0.04375 0.1421875 0.0390625 0.0671875
14 0.040625 0.3 0.04375 0.078125
14 0.0421875 0.38125 0.0546875 0.0734375
14 0.0484375 0.55 0.0640625 0.0828125
14 0.0484375 0.63125 0.053125 0.0734375
14 0.053125 0.790625 0.046875 0.0765625
14 0.053125 0.86875 0.0375 0.06875