8 0.0765625 0.040625 0.025 0.0515625
8 0.471875 0.040625 0.025 0.0578125
8 0.6875 0.03125 0.025 0.0484375
8 0.840625 0.15625 0.0296875 0.0515625
8 0.75625 0.15625 0.03125 0.0484375
8 0.66875 0.1921875 0.028125 0.0484375
8 0.5625 0.165625 0.034375 0.0453125
8 0.090625 0.275 0.025 0.0609375
8 0.2703125 0.296875 0.0203125 0.059375
8 0.759375 0.28125 0.0234375 0.0515625
8 0.875 0.41875 0.03125 0.0546875
8 0.825 0.421875 0.0296875 0.0515625
8 0.678125 0.4046875 0.0359375 0.0546875
8 0.359375 0.4171875 0.0296875 0.0625
8 0.078125 0.428125 0.0203125 0.053125
8 0.153125 0.53125 0.0296875 0.0515625
8 0.596875 0.525 0.025 0.0546875
8 0.784375 0.5140625 0.025 0.059375
8 0.90625 0.6859375 0.0265625 0.065625
8 0.7125 0.6765625 0.034375 0.0671875
8 0.3734375 0.6875 0.0421875 0.0515625
8 0.109375 0.8265625 0.028125 0.0515625
5 0.296875 0.95625 0.025 0.0203125
5 0.109375 0.9796875 0.021875 0.03125
5 0.296875 0.8046875 0.028125 0.03125
5 0.5125 0.725 0.0265625 0.034375
5 0.121875 0.6875 0.0421875 0.03125
5 0.509375 0.521875 0.0296875 0.034375
5 0.584375 0.40625 0.028125 0.028125
5 0.6 0.2609375 0.034375 0.0359375
5 0.95 0.3125 0.028125 0.0265625
5 0.934375 0.196875 0.0296875 0.0375
5 0.31875 0.175 0.03125 0.03125
5 0.10625 0.18125 0.0328125 0.028125
5 0.9265625 0.046875 0.0296875 0.0265625
3 0.15 0.0421875 0.0171875 0.0578125
3 0.253125 0.046875 0.021875 0.0625
3 0.35625 0.034375 0.0171875 0.05625
3 0.5140625 0.04375 0.0171875 0.0484375
3 0.55625 0.046875 0.021875 0.0484375
3 0.6125 0.05625 0.0203125 0.053125
3 0.65 0.040625 0.01875 0.04375
3 0.765625 0.0328125 0.028125 0.0578125
3 0.871875 0.0375 0.0265625 0.05625
3 0.165625 0.2921875 0.021875 0.05625
3 0.215625 0.3 0.0265625 0.0578125
3 0.3046875 0.296875 0.0203125 0.0484375
3 0.3625 0.3078125 0.01875 0.0578125
3 0.4328125 0.296875 0.0203125 0.053125
3 0.521875 0.290625 0.0234375 0.0546875
3 0.653125 0.3015625 0.021875 0.046875
3 0.715625 0.296875 0.021875 0.0546875
3 0.9015625 0.2953125 0.0203125 0.0546875
3 0.775 0.4 0.0203125 0.053125
3 0.303125 0.41875 0.03125 0.059375
3 0.1953125 0.4171875 0.0140625 0.05625
3 0.1578125 0.425 0.0234375 0.05625
3 0.28125 0.553125 0.0203125 0.0609375
3 0.3234375 0.5546875 0.015625 0.0640625
3 0.378125 0.5625 0.0140625 0.059375
3 0.4359375 0.55625 0.015625 0.065625
3 0.6609375 0.546875 0.028125 0.065625
3 0.728125 0.55 0.025 0.059375
3 0.81875 0.51875 0.025 0.053125
3 0.878125 0.5390625 0.0234375 0.053125
3 0.9265625 0.53125 0.01875 0.0609375
3 0.971875 0.54375 0.0203125 0.0640625
3 0.8375 0.69375 0.0234375 0.0625
3 0.809375 0.690625 0.01875 0.0625
3 0.621875 0.6734375 0.0203125 0.0578125
3 0.29375 0.6734375 0.025 0.0515625
1 0.209375 0.825 0.0234375 0.0546875
1 0.0453125 0.9625 0.015625 0.025
1 0.0578125 0.9328125 0.0109375 0.025
1 0.046875 0.9046875 0.0171875 0.025
1 0.05 0.8421875 0.0125 0.0234375
1 0.053125 0.8171875 0.0078125 0.0171875
1 0.0515625 0.778125 0.015625 0.0265625
1 0.05625 0.70625 0.0109375 0.0234375
1 0.0671875 0.678125 0.0125 0.0234375
1 0.05625 0.65 0.0140625 0.015625
1 0.04375 0.575 0.0140625 0.0265625
1 0.04375 0.5375 0.0109375 0.034375
1 0.053125 0.5109375 0.0140625 0.025
1 0.053125 0.4109375 0.015625 0.034375
1 0.0390625 0.440625 0.015625 0.0234375
1 0.034375 0.3171875 0.009375 0.0234375
1 0.0328125 0.278125 0.0140625 0.0390625
1 0.046875 0.2625 0.0125 0.0390625
1 0.03125 0.190625 0.0109375 0.028125
1 0.04375 0.15625 0.0125 0.0359375
1 0.040625 0.0671875 0.0125 0.0265625
1 0.0359375 0.0296875 0.0140625 0.0375
1 0.734375 0.284375 0.015625 0.0515625
1 0.24375 0.3875 0.015625 0.0375
11 0.140625 0.83125 0.015625 0.0484375
11 0.23125 0.703125 0.0140625 0.0515625
11 0.5828125 0.6625 0.015625 0.0515625
11 0.234375 0.54375 0.0203125 0.0578125
11 0.8078125 0.05 0.01875 0.046875
3 0.1984375 0.03125 0.0265625 0.0578125
3 0.3109375 0.059375 0.028125 0.0671875
3 0.403125 0.034375 0.0234375 0.053125
11 0.265625 0.40625 0.0125 0.0578125
11 0.684375 0.3015625 0.0234375 0.0453125
11 0.815625 0.2875 0.0203125 0.0453125
11 0.8578125 0.290625 0.01875 0.046875
11 0.7421875 0.4125 0.0140625 0.0484375
11 0.0921875 0.54375 0.0203125 0.0546875
0 0.025 0.934375 0.028125 0.059375
0 0.0234375 0.69375 0.0390625 0.08125
0 0.01875 0.4125 0.0296875 0.053125
0 0.015625 0.1640625 0.028125 0.0578125
2 0.584375 0.040625 0.0203125 0.0375
2 0.8359375 0.05625 0.01875 0.0359375
2 0.353125 0.5484375 0.021875 0.0421875
2 0.075 0.8140625 0.021875 0.04375
1 0.671875 0.6578125 0.01875 0.028125