14 0.01875 0.3 0.028125 0.08125
14 0.01875 0.41875 0.028125 0.0765625
14 0.01875 0.6359375 0.025 0.0765625
14 0.01875 0.753125 0.0265625 0.078125
14 0.015625 0.975 0.0265625 0.05
0 0.01875 0.5 0.028125 0.0421875
0 0.01875 0.85625 0.0296875 0.0421875
11 0.125 0.3125 0.0140625 0.0421875
11 0.153125 0.315625 0.0140625 0.040625
11 0.18125 0.2984375 0.0171875 0.040625
11 0.234375 0.309375 0.0171875 0.0421875
11 0.3265625 0.3125 0.015625 0.04375
11 0.3671875 0.315625 0.015625 0.0390625
11 0.396875 0.2984375 0.0171875 0.040625
11 0.440625 0.309375 0.0171875 0.0421875
11 0.509375 0.31875 0.015625 0.04375
11 0.540625 0.3078125 0.015625 0.0421875
11 0.56875 0.3 0.0140625 0.0390625
11 0.6125 0.2984375 0.015625 0.040625
11 0.7015625 0.3125 0.0171875 0.0453125
11 0.740625 0.315625 0.0140625 0.0390625
11 0.7703125 0.3 0.015625 0.040625
11 0.815625 0.309375 0.015625 0.0421875
11 0.8140625 0.5125 0.015625 0.0453125
11 0.4375 0.5125 0.015625 0.0421875
11 0.059375 0.6515625 0.015625 0.0390625
11 0.253125 0.646875 0.0140625 0.0421875
11 0.31875 0.6453125 0.0171875 0.0453125
11 0.35625 0.65 0.0140625 0.040625
11 0.3875 0.6328125 0.015625 0.04375
11 0.4328125 0.6421875 0.015625 0.0421875
11 0.515625 0.64375 0.01875 0.0421875
11 0.55625 0.65 0.0125 0.04375
11 0.584375 0.6328125 0.0171875 0.040625
11 0.628125 0.64375 0.015625 0.0421875
11 0.690625 0.6515625 0.015625 0.0421875
11 0.7265625 0.64375 0.015625 0.040625
11 0.753125 0.634375 0.01875 0.040625
11 0.7953125 0.6328125 0.0171875 0.0421875
11 0.884375 0.6453125 0.0171875 0.04375
11 0.9234375 0.65 0.015625 0.0421875
11 0.9515625 0.6328125 0.0171875 0.040625
11 0.8265625 0.865625 0.015625 0.0421875
11 0.625 0.86875 0.015625 0.04375
11 0.79375 0.8640625 0.015625 0.04375
11 0.20625 0.98125 0.015625 0.0375
11 0.615625 0.98359375 0.015625 0.0328125
11 0.778125 0.9921875 0.0140625 0.015625
11 0.88984375 0.98359375 0.0140625 0.0328125
3 0.290625 0.31875 0.0234375 0.0421875
3 0.66875 0.31875 0.01875 0.04375
3 0.925 0.315625 0.0296875 0.0375
3 0.95 0.3171875 0.0234375 0.0421875
3 0.096875 0.64375 0.0296875 0.0421875
3 0.121875 0.6453125 0.0171875 0.04375
3 0.846875 0.6515625 0.021875 0.0421875
3 0.478125 0.6515625 0.0203125 0.04375
3 0.184375 0.78125 0.0203125 0.0578125
3 0.203125 0.775 0.0171875 0.0515625
3 0.221875 0.76875 0.015625 0.046875
3 0.371875 0.7671875 0.025 0.0359375
3 0.39375 0.7703125 0.0171875 0.0421875
3 0.14375 0.9875 0.0234375 0.0234375
3 0.1671875 0.9875 0.021875 0.0234375
3 0.6609375 0.9859375 0.0234375 0.028125
3 0.684375 0.9875 0.021875 0.0234375
3 0.74453125 0.98359375 0.0234375 0.0328125
3 0.9546875 0.99375 0.021875 0.0125
11 0.0578125 0.9875 0.0171875 0.0234375
9 0.065625 0.3 0.01875 0.0109375
9 0.5078125 0.41875 0.0171875 0.0109375
9 0.3265625 0.5015625 0.01875 0.0140625
9 0.509375 0.5 0.0171875 0.009375
9 0.7015625 0.5015625 0.0171875 0.0109375
9 0.884375 0.5 0.0171875 0.0109375
9 0.884375 0.41875 0.0171875 0.009375
9 0.690625 0.753125 0.0171875 0.009375
9 0.884375 0.753125 0.0171875 0.0125
9 0.884375 0.85625 0.0171875 0.0109375
9 0.690625 0.8578125 0.015625 0.0109375
9 0.31875 0.8578125 0.0140625 0.009375
6 0.128125 0.4125 0.01875 0.0109375
6 0.1265625 0.496875 0.0171875 0.0125
6 0.315625 0.4125 0.015625 0.0109375
6 0.690625 0.4125 0.01875 0.0109375
12 0.471875 0.303125 0.0140625 0.0359375
12 0.846875 0.3015625 0.0125 0.034375
12 0.8828125 0.303125 0.0140625 0.0359375
12 0.8484375 0.41875 0.0125 0.0359375
12 0.8484375 0.503125 0.0109375 0.0359375
12 0.646875 0.503125 0.0125 0.034375
12 0.471875 0.503125 0.0140625 0.0328125
12 0.471875 0.4203125 0.0125 0.034375
12 0.26875 0.503125 0.0125 0.03125
12 0.65625 0.6375 0.0109375 0.0359375
12 0.56875 0.7546875 0.0125 0.034375
12 0.65625 0.753125 0.015625 0.0359375
12 0.65625 0.8609375 0.0125 0.0296875
12 0.5671875 0.859375 0.0140625 0.03125
12 0.084375 0.9875 0.0125 0.025
12 0.1109375 0.9875 0.0140625 0.025
12 0.5125 0.9875 0.0125 0.025
4 0.29375 0.6375 0.0140625 0.0234375
4 0.5953125 0.990625 0.0109375 0.0171875
4 0.7 0.990625 0.0125 0.0171875
4 0.7203125 0.990625 0.0140625 0.01875
11 0.234375 0.49375 0.0171875 0.071875
11 0.440625 0.4265625 0.0171875 0.0671875
11 0.6125 0.49375 0.01875 0.071875
11 0.815625 0.428125 0.0171875 0.065625
11 0.628125 0.7625 0.015625 0.065625
11 0.796875 0.76875 0.015625 0.059375
11 0.828125 0.76875 0.0140625 0.0625
8 0.15 0.646875 0.015625 0.0421875
8 0.253125 0.8578125 0.0140625 0.0421875
8 0.25 0.909375 0.0140625 0.034375
8 0.253125 0.765625 0.015625 0.0421875
8 0.4328125 0.853125 0.0140625 0.0421875
8 0.253125 0.99296875 0.0125 0.0140625
8 0.35546875 0.99296875 0.0140625 0.0140625
1 0.240625 0.8625 0.0109375 0.028125
1 0.2421875 0.98671875 0.009375 0.0265625
1 0.0421875 0.896875 0.0109375 0.025
1 0.55 0.98671875 0.0125 0.0265625
1 0.559375 0.971875 0.0109375 0.0296875
8 0.4328125 0.7703125 0.015625 0.0609375
8 0.059375 0.775 0.0171875 0.06875
13 0.85 0.9796875 0.0171875 0.040625
13 0.865625 0.9796875 0.01875 0.0375
13 0.875 0.9796875 0.0140625 0.040625
5 0.059375 0.903125 0.0171875 0.0171875