14 0.0859375 0.2859375 0.025 0.0734375
14 0.0859375 0.39375 0.025 0.06875
14 0.084375 0.5875 0.021875 0.06875
14 0.084375 0.69375 0.0234375 0.0703125
14 0.084375 0.90625 0.0234375 0.0703125
0 0.0859375 0.465625 0.025 0.0375
0 0.0859375 0.7875 0.0265625 0.0359375
11 0.18125 0.296875 0.0140625 0.0375
11 0.20625 0.3 0.0140625 0.0359375
11 0.2328125 0.284375 0.015625 0.0375
11 0.28125 0.29375 0.015625 0.0375
11 0.3625 0.2984375 0.0140625 0.0390625
11 0.4 0.3015625 0.0140625 0.0359375
11 0.425 0.284375 0.015625 0.0375
11 0.465625 0.29375 0.015625 0.0375
11 0.525 0.303125 0.0140625 0.0390625
11 0.55625 0.29375 0.0125 0.0375
11 0.58125 0.2859375 0.0125 0.0359375
11 0.6203125 0.284375 0.0125 0.0375
11 0.7 0.296875 0.015625 0.0390625
11 0.7359375 0.3 0.0125 0.034375
11 0.7625 0.284375 0.015625 0.0375
11 0.803125 0.29375 0.0125 0.0375
11 0.8015625 0.478125 0.0140625 0.040625
11 0.4625 0.478125 0.0140625 0.0375
11 0.121875 0.603125 0.0140625 0.0359375
11 0.296875 0.596875 0.0125 0.0375
11 0.35625 0.596875 0.015625 0.040625
11 0.390625 0.6015625 0.0125 0.0375
11 0.41875 0.584375 0.0140625 0.0390625
11 0.459375 0.59375 0.0140625 0.0375
11 0.5328125 0.596875 0.015625 0.0375
11 0.56875 0.6015625 0.0109375 0.0390625
11 0.59375 0.5859375 0.015625 0.0375
11 0.6328125 0.59375 0.0140625 0.0359375
11 0.690625 0.603125 0.0125 0.0359375
11 0.721875 0.59375 0.0140625 0.0359375
11 0.746875 0.5875 0.015625 0.0359375
11 0.784375 0.584375 0.015625 0.0359375
11 0.865625 0.596875 0.015625 0.0390625
11 0.9 0.6 0.0140625 0.0359375
11 0.925 0.5859375 0.015625 0.0375
11 0.8125 0.79375 0.0140625 0.0375
11 0.63125 0.796875 0.0125 0.0390625
11 0.7828125 0.79375 0.0125 0.0390625
11 0.25625 0.903125 0.0140625 0.0421875
11 0.6234375 0.90625 0.015625 0.0390625
11 0.7703125 0.921875 0.0125 0.0390625
11 0.8703125 0.90625 0.0125 0.040625
3 0.33125 0.303125 0.021875 0.0375
3 0.671875 0.303125 0.0171875 0.0390625
3 0.9015625 0.3 0.0265625 0.0328125
3 0.9234375 0.3015625 0.0203125 0.0375
3 0.15625 0.5953125 0.0265625 0.0359375
3 0.178125 0.596875 0.015625 0.0390625
3 0.83125 0.603125 0.0203125 0.0375
3 0.5 0.603125 0.01875 0.0390625
3 0.234375 0.71875 0.01875 0.0515625
3 0.253125 0.7140625 0.015625 0.046875
3 0.26875 0.709375 0.0140625 0.0421875
3 0.403125 0.70625 0.0234375 0.0328125
3 0.421875 0.709375 0.015625 0.0359375
3 0.1984375 0.9140625 0.021875 0.0375
3 0.2203125 0.9125 0.01875 0.0328125
3 0.6625 0.9109375 0.0203125 0.0390625
3 0.684375 0.915625 0.0203125 0.0390625
3 0.740625 0.90625 0.0203125 0.0390625
3 0.928125 0.9234375 0.0203125 0.0375
11 0.121875 0.9140625 0.015625 0.0375
9 0.128125 0.2875 0.0171875 0.0078125
9 0.525 0.3921875 0.015625 0.009375
9 0.3625 0.4671875 0.0171875 0.0125
9 0.528125 0.4671875 0.015625 0.009375
9 0.7 0.4671875 0.015625 0.009375
9 0.8640625 0.4671875 0.015625 0.009375
9 0.8640625 0.3921875 0.015625 0.0078125
9 0.690625 0.69375 0.015625 0.009375
9 0.865625 0.69375 0.015625 0.0109375
9 0.865625 0.7875 0.015625 0.0109375
9 0.690625 0.7875 0.0125 0.0078125
9 0.35625 0.7875 0.0140625 0.009375
6 0.184375 0.3875 0.0171875 0.0109375
6 0.1828125 0.4625 0.0171875 0.0109375
6 0.353125 0.3875 0.015625 0.009375
6 0.690625 0.3875 0.015625 0.0109375
12 0.49375 0.2875 0.0125 0.03125
12 0.83125 0.2875 0.0109375 0.03125
12 0.8625 0.2890625 0.0125 0.03125
12 0.83125 0.39375 0.0109375 0.0328125
12 0.83125 0.46875 0.0109375 0.03125
12 0.65 0.46875 0.0125 0.03125
12 0.49375 0.46875 0.0125 0.0296875
12 0.49375 0.39375 0.0109375 0.03125
12 0.309375 0.46875 0.0125 0.0296875
12 0.659375 0.5890625 0.0109375 0.03125
12 0.58125 0.6953125 0.0125 0.03125
12 0.659375 0.69375 0.0125 0.0328125
12 0.659375 0.790625 0.0109375 0.0265625
12 0.578125 0.7890625 0.0125 0.028125
12 0.14375 0.909375 0.0125 0.03125
12 0.16875 0.909375 0.0125 0.0296875
12 0.53125 0.909375 0.0109375 0.0296875
4 0.3328125 0.590625 0.0125 0.0203125
4 0.6046875 0.9109375 0.0109375 0.021875
4 0.7 0.909375 0.0125 0.01875
4 0.7171875 0.9109375 0.0125 0.021875
11 0.2796875 0.459375 0.015625 0.0640625
11 0.465625 0.4 0.015625 0.0609375
11 0.61875 0.4609375 0.0171875 0.0640625
11 0.803125 0.4 0.015625 0.059375
11 0.634375 0.703125 0.0140625 0.0578125
11 0.784375 0.7078125 0.015625 0.0546875
11 0.8140625 0.7078125 0.0140625 0.05625
8 0.203125 0.596875 0.0140625 0.0390625
8 0.296875 0.7875 0.0125 0.0390625
8 0.29375 0.834375 0.0125 0.03125
8 0.296875 0.703125 0.0140625 0.0390625
8 0.459375 0.7828125 0.0125 0.0390625
8 0.296875 0.921875 0.0109375 0.0375
8 0.3890625 0.921875 0.0125 0.0359375
1 0.2859375 0.79375 0.0109375 0.025
1 0.2875 0.90625 0.0078125 0.025
1 0.10625 0.821875 0.0109375 0.0234375
1 0.5640625 0.903125 0.0109375 0.0234375
1 0.5734375 0.890625 0.0109375 0.0265625
8 0.4578125 0.709375 0.0140625 0.05625
8 0.121875 0.7125 0.015625 0.0625
13 0.834375 0.9 0.015625 0.040625
13 0.846875 0.896875 0.015625 0.034375
13 0.8578125 0.9 0.0125 0.040625
5 0.121875 0.828125 0.015625 0.015625