14 0.99609375 0.32421875 0.0078125 0.0859375
14 0.99609375 0.453125 0.0078125 0.08125
0 0.99609375 0.5375 0.0078125 0.04375
0 0.99609375 0.915625 0.0078125 0.04375
11 0.89375 0.340625 0.015625 0.04375
11 0.865625 0.34375 0.015625 0.0421875
11 0.834375 0.325 0.01875 0.04375
11 0.778125 0.334375 0.01875 0.04375
11 0.68125 0.340625 0.015625 0.0453125
11 0.6375 0.34375 0.015625 0.0421875
11 0.60625 0.325 0.01875 0.04375
11 0.559375 0.334375 0.0171875 0.0453125
11 0.4875 0.34375 0.0171875 0.0453125
11 0.453125 0.334375 0.015625 0.0453125
11 0.421875 0.325 0.015625 0.0421875
11 0.3765625 0.325 0.015625 0.04375
11 0.2828125 0.3375 0.0171875 0.046875
11 0.240625 0.3421875 0.015625 0.040625
11 0.209375 0.325 0.0171875 0.04375
11 0.1625 0.334375 0.015625 0.0453125
11 0.1625 0.553125 0.015625 0.046875
11 0.5625 0.553125 0.015625 0.04375
11 0.965625 0.7 0.015625 0.0421875
11 0.759375 0.69375 0.015625 0.04375
11 0.6890625 0.69375 0.01875 0.0484375
11 0.6484375 0.6984375 0.015625 0.04375
11 0.615625 0.6796875 0.015625 0.0453125
11 0.56875 0.6890625 0.0171875 0.04375
11 0.48125 0.6921875 0.01875 0.04375
11 0.4375 0.6984375 0.0125 0.046875
11 0.409375 0.6796875 0.0171875 0.04375
11 0.3625 0.690625 0.015625 0.04375
11 0.29375 0.7 0.015625 0.04375
11 0.25625 0.690625 0.015625 0.04375
11 0.228125 0.68125 0.0203125 0.04375
11 0.184375 0.6796875 0.01875 0.04375
11 0.0890625 0.6921875 0.0171875 0.0453125
11 0.046875 0.696875 0.015625 0.04375
11 0.0171875 0.6796875 0.0171875 0.04375
11 0.15 0.925 0.015625 0.04375
11 0.365625 0.928125 0.015625 0.0453125
11 0.1859375 0.925 0.015625 0.0453125
3 0.71875 0.346875 0.0265625 0.0453125
3 0.3171875 0.34375 0.0203125 0.0453125
3 0.0453125 0.340625 0.03125 0.0390625
3 0.01875 0.34375 0.025 0.0453125
3 0.925 0.690625 0.03125 0.04375
3 0.8984375 0.6921875 0.01875 0.046875
3 0.128125 0.7 0.0234375 0.0453125
3 0.51875 0.7 0.021875 0.046875
3 0.83125 0.8359375 0.021875 0.0609375
3 0.8109375 0.83125 0.01875 0.0546875
3 0.790625 0.825 0.0171875 0.05
3 0.63125 0.821875 0.0265625 0.0390625
3 0.6109375 0.825 0.01875 0.04375
9 0.95625 0.3265625 0.0203125 0.009375
9 0.4890625 0.4515625 0.01875 0.0125
9 0.68125 0.540625 0.0203125 0.0140625
9 0.4875 0.540625 0.01875 0.0109375
9 0.2828125 0.540625 0.0171875 0.0109375
9 0.0890625 0.540625 0.01875 0.0109375
9 0.090625 0.4515625 0.0171875 0.0109375
9 0.29375 0.80625 0.0171875 0.0109375
9 0.0875 0.80625 0.01875 0.0125
9 0.0875 0.91875 0.01875 0.0125
9 0.29375 0.91875 0.015625 0.0109375
9 0.6890625 0.91875 0.015625 0.009375
6 0.8921875 0.4453125 0.0203125 0.0125
6 0.89375 0.534375 0.01875 0.0125
6 0.69375 0.446875 0.0171875 0.0109375
6 0.29375 0.4453125 0.0203125 0.0125
12 0.5265625 0.328125 0.015625 0.0375
12 0.128125 0.328125 0.0125 0.0359375
12 0.090625 0.328125 0.015625 0.0375
12 0.128125 0.453125 0.0125 0.0390625
12 0.128125 0.540625 0.0125 0.0375
12 0.340625 0.540625 0.0140625 0.0359375
12 0.525 0.5421875 0.015625 0.034375
12 0.5265625 0.453125 0.0125 0.0359375
12 0.7421875 0.540625 0.0140625 0.034375
12 0.33125 0.684375 0.0125 0.0375
12 0.4234375 0.809375 0.0140625 0.0375
12 0.33125 0.80625 0.015625 0.0390625
12 0.33125 0.921875 0.0140625 0.03125
12 0.425 0.9203125 0.015625 0.0328125
4 0.715625 0.684375 0.015625 0.0234375
11 0.778125 0.53125 0.01875 0.0765625
11 0.559375 0.4609375 0.01875 0.071875
11 0.378125 0.5328125 0.0203125 0.0765625
11 0.1609375 0.4625 0.0171875 0.0703125
11 0.3625 0.8171875 0.015625 0.06875
11 0.1828125 0.8234375 0.0171875 0.0625
11 0.1484375 0.825 0.015625 0.0671875
8 0.86875 0.69375 0.0171875 0.0453125
8 0.759375 0.91875 0.015625 0.0453125
8 0.7609375 0.9734375 0.0140625 0.0359375
8 0.759375 0.81875 0.015625 0.0453125
8 0.56875 0.9125 0.015625 0.0453125
1 0.771875 0.925 0.0125 0.0296875
1 0.9828125 0.959375 0.0125 0.0265625
8 0.56875 0.825 0.0171875 0.065625
8 0.965625 0.83125 0.01875 0.0734375
5 0.965625 0.965625 0.01875 0.01875
14 0.99921875 0.32421875 0.0015625 0.0859375
14 0.99921875 0.453125 0.0015625 0.08125
0 0.99921875 0.5375 0.0015625 0.04375
0 0.99921875 0.915625 0.0015625 0.04375