1 0.7484375 0.3921875 0.0109375 0.0453125
1 0.7375 0.371875 0.0109375 0.0421875
1 0.7484375 0.5625 0.009375 0.0390625
1 0.7375 0.54375 0.009375 0.0359375
1 0.7859375 0.76875 0.0078125 0.034375
1 0.7953125 0.784375 0.009375 0.034375
1 0.78125 0.93125 0.009375 0.0375
1 0.79375 0.95 0.009375 0.040625
11 0.60625 0.925 0.01875 0.0625
11 0.0859375 0.928125 0.01875 0.0625
11 0.18125 0.7828125 0.0125 0.04375
11 0.60625 0.753125 0.0140625 0.059375
11 0.7109375 0.778125 0.0125 0.0484375
13 0.740625 0.74375 0.015625 0.0515625
13 0.6875 0.346875 0.0140625 0.071875
13 0.671875 0.35625 0.0140625 0.08125
13 0.65625 0.3625 0.0140625 0.09375
3 0.41875 0.753125 0.0140625 0.0796875
3 0.540625 0.8875 0.015625 0.06875
3 0.575 0.825 0.01875 0.0671875
3 0.6078125 0.81875 0.015625 0.0640625
3 0.671875 0.846875 0.01875 0.0546875
3 0.471875 0.90625 0.0140625 0.071875
3 0.44375 0.896875 0.0140625 0.0625
3 0.3984375 0.8875 0.0203125 0.0640625
3 0.346875 0.8921875 0.0125 0.0578125
3 0.303125 0.853125 0.01875 0.0609375
3 0.2703125 0.84375 0.0140625 0.065625
3 0.203125 0.809375 0.01875 0.0515625
3 0.146875 0.85 0.0140625 0.0515625
3 0.1015625 0.75625 0.0171875 0.046875
3 0.146875 0.7484375 0.021875 0.0578125
3 0.084375 0.821875 0.0140625 0.0625
3 0.059375 0.83125 0.015625 0.071875
3 0.025 0.7671875 0.021875 0.0546875
3 0.025 0.8921875 0.0203125 0.06875
3 0.028125 0.4484375 0.015625 0.0640625
3 0.059375 0.459375 0.0171875 0.0546875
3 0.1203125 0.50625 0.0140625 0.05
3 0.16875 0.496875 0.01875 0.0546875
3 0.221875 0.5078125 0.015625 0.0578125
3 0.2609375 0.51875 0.0140625 0.065625
3 0.315625 0.496875 0.0140625 0.0671875
3 0.3515625 0.4359375 0.015625 0.0765625
3 0.390625 0.425 0.015625 0.065625
3 0.45625 0.45625 0.0140625 0.05625
3 0.5265625 0.4140625 0.0203125 0.05
3 0.55 0.3421875 0.01875 0.05
3 0.6015625 0.3375 0.0171875 0.059375
3 0.603125 0.446875 0.0171875 0.065625
3 0.634375 0.334375 0.021875 0.0671875
3 0.6375 0.45625 0.01875 0.0625
3 0.26875 0.7296875 0.021875 0.059375
3 0.296875 0.7234375 0.0203125 0.0671875
13 0.31875 0.759375 0.0140625 0.090625
13 0.334375 0.75 0.0140625 0.0796875
13 0.3515625 0.74375 0.0140625 0.065625