1 0.121875 0.103125 0.0125 0.0171875
1 0.1109375 0.11875 0.009375 0.0203125
1 0.128125 0.121875 0.0140625 0.0203125
1 0.121875 0.1953125 0.0109375 0.01875
1 0.1109375 0.209375 0.009375 0.0171875
1 0.128125 0.215625 0.0125 0.0203125
1 0.121875 0.296875 0.0109375 0.0171875
1 0.1125 0.3125 0.009375 0.01875
1 0.128125 0.315625 0.009375 0.015625
1 0.125 0.38125 0.0109375 0.01875
1 0.1125 0.39375 0.0109375 0.0171875
1 0.134375 0.4 0.009375 0.0171875
1 0.125 0.4734375 0.0125 0.0171875
1 0.115625 0.4875 0.0109375 0.0203125
1 0.13125 0.49375 0.009375 0.0203125
1 0.128125 0.575 0.0125 0.01875
1 0.11875 0.5875 0.0109375 0.0171875
1 0.1375 0.59375 0.0140625 0.01875
1 0.1265625 0.6578125 0.009375 0.01875
1 0.140625 0.675 0.009375 0.0234375
1 0.1171875 0.671875 0.009375 0.0203125
1 0.1265625 0.75 0.0125 0.0171875
1 0.134375 0.76875 0.009375 0.015625
1 0.1171875 0.7625 0.0109375 0.025
1 0.128125 0.85 0.009375 0.0203125
1 0.1375 0.86875 0.0109375 0.0203125
1 0.11875 0.8640625 0.0125 0.0234375
1 0.1296875 0.9328125 0.0125 0.021875
1 0.140625 0.9515625 0.009375 0.021875
1 0.115625 0.9484375 0.0125 0.021875
11 0.165625 0.95 0.009375 0.028125
11 0.26875 0.95 0.009375 0.0296875
11 0.359375 0.9484375 0.009375 0.03125
11 0.5265625 0.9578125 0.0109375 0.0234375
11 0.6171875 0.9578125 0.0125 0.0234375
11 0.7125 0.946875 0.0078125 0.028125
11 0.803125 0.875 0.0171875 0.0359375
11 0.715625 0.8734375 0.015625 0.040625
11 0.625 0.878125 0.0125 0.040625
11 0.525 0.875 0.015625 0.0390625
11 0.446875 0.8734375 0.0140625 0.0375
11 0.3609375 0.875 0.015625 0.0375
11 0.271875 0.875 0.015625 0.0359375
11 0.1703125 0.875 0.0140625 0.0359375
11 0.8015625 0.675 0.0140625 0.028125
11 0.440625 0.6734375 0.0140625 0.028125
11 0.365625 0.68125 0.0078125 0.0234375
11 0.26875 0.6734375 0.0125 0.028125
11 0.18125 0.56875 0.009375 0.0359375
11 0.2625 0.578125 0.0109375 0.028125
11 0.353125 0.5765625 0.0109375 0.028125
11 0.4375 0.590625 0.0140625 0.028125
11 0.61875 0.578125 0.0125 0.0296875
11 0.70625 0.578125 0.0140625 0.028125
11 0.80625 0.590625 0.0140625 0.03125
3 0.16875 0.678125 0.0125 0.03125
3 0.24375 0.671875 0.0171875 0.03125
3 0.415625 0.671875 0.0171875 0.03125
3 0.49375 0.671875 0.0125 0.028125
3 0.525 0.678125 0.0125 0.025
3 0.55625 0.675 0.0140625 0.0265625
3 0.590625 0.671875 0.0140625 0.0296875
3 0.61875 0.671875 0.015625 0.03125
3 0.65 0.675 0.0171875 0.0296875
3 0.684375 0.671875 0.0125 0.03125
3 0.709375 0.665625 0.015625 0.028125
3 0.734375 0.66875 0.015625 0.0328125
3 0.76875 0.671875 0.01875 0.0328125
3 0.240625 0.865625 0.01875 0.0328125
3 0.3265625 0.865625 0.0171875 0.0328125
3 0.421875 0.8671875 0.015625 0.0359375
3 0.4890625 0.865625 0.0140625 0.0328125
3 0.590625 0.865625 0.0171875 0.0328125
3 0.6890625 0.865625 0.01875 0.034375
3 0.76875 0.865625 0.015625 0.03125
3 0.86875 0.865625 0.0171875 0.0328125
3 0.871875 0.9453125 0.0171875 0.0296875
3 0.8 0.94375 0.015625 0.0359375
3 0.68125 0.959375 0.0125 0.0296875
3 0.4921875 0.9484375 0.01875 0.03125
3 0.465625 0.946875 0.0171875 0.0328125
3 0.4375 0.946875 0.01875 0.0359375
3 0.33125 0.9484375 0.015625 0.034375
13 0.846875 0.9421875 0.0171875 0.034375
13 0.896875 0.671875 0.015625 0.034375
13 0.8671875 0.671875 0.0203125 0.0359375
13 0.3234375 0.6765625 0.01875 0.0328125
3 0.21875 0.6796875 0.0125 0.03125
3 0.8875 0.3953125 0.0171875 0.03125
3 0.8484375 0.396875 0.0203125 0.0328125
3 0.68125 0.403125 0.01875 0.0375
3 0.49375 0.396875 0.015625 0.034375
3 0.3578125 0.4078125 0.0171875 0.0375
3 0.3296875 0.396875 0.015625 0.0328125
4 0.171875 0.765625 0.0171875 0.0234375
4 0.2703125 0.7671875 0.015625 0.025
4 0.365625 0.76875 0.0171875 0.025
4 0.44375 0.76875 0.0171875 0.0234375
4 0.5234375 0.76875 0.01875 0.0234375
4 0.621875 0.76875 0.01875 0.0234375
4 0.709375 0.76875 0.01875 0.025
4 0.803125 0.76875 0.01875 0.021875
3 0.8671875 0.775 0.01875 0.053125
3 0.83125 0.771875 0.0171875 0.0453125
3 0.7671875 0.775 0.015625 0.059375
3 0.6859375 0.775 0.015625 0.053125
3 0.6515625 0.771875 0.0125 0.046875
3 0.590625 0.775 0.015625 0.0515625
3 0.5546875 0.771875 0.0140625 0.046875
3 0.490625 0.7734375 0.01875 0.0515625
3 0.4671875 0.771875 0.0140625 0.04375
3 0.41875 0.771875 0.0203125 0.0546875
3 0.3875 0.76875 0.0140625 0.0515625
3 0.3234375 0.771875 0.01875 0.0546875
3 0.3 0.76875 0.0171875 0.046875
3 0.2375 0.971875 0.0171875 0.0546875
3 0.2015625 0.771875 0.0140625 0.046875
3 0.203125 0.496875 0.015625 0.046875
3 0.23125 0.4953125 0.0125 0.046875
3 0.2890625 0.5 0.01875 0.05625
3 0.321875 0.4984375 0.01875 0.0546875
3 0.384375 0.4953125 0.0140625 0.04375
3 0.4109375 0.496875 0.0140625 0.0453125
3 0.4609375 0.496875 0.0140625 0.05625
3 0.4875 0.496875 0.0140625 0.05625
3 0.5625 0.4953125 0.0125 0.0421875
3 0.5875 0.496875 0.0125 0.04375
3 0.64375 0.5 0.0171875 0.0546875
3 0.675 0.4984375 0.015625 0.0578125
4 0.61875 0.490625 0.01875 0.0234375
4 0.53125 0.49375 0.015625 0.028125
4 0.4375 0.490625 0.01875 0.0265625
4 0.3546875 0.490625 0.015625 0.028125
4 0.2625 0.4921875 0.0125 0.021875
4 0.1765625 0.49375 0.0140625 0.0234375
11 0.175 0.4046875 0.009375 0.021875
11 0.26875 0.40625 0.0078125 0.0265625
11 0.3875 0.4125 0.0125 0.034375
11 0.43125 0.4125 0.0140625 0.0359375
11 0.53125 0.40625 0.0078125 0.0265625
11 0.61875 0.40625 0.009375 0.025
11 0.703125 0.4 0.0109375 0.03125
3 0.734375 0.496875 0.015625 0.0484375
3 0.765625 0.496875 0.015625 0.046875
3 0.84375 0.5 0.01875 0.05625
3 0.88125 0.5 0.0171875 0.05625
4 0.8125 0.4921875 0.0171875 0.0296875
4 0.709375 0.4921875 0.0171875 0.0296875
14 0.09375 0.1234375 0.021875 0.0453125
14 0.096875 0.215625 0.01875 0.046875
14 0.096875 0.4 0.0171875 0.04375
14 0.0984375 0.49375 0.01875 0.0515625
14 0.1 0.6765625 0.0171875 0.05
14 0.1015625 0.76875 0.01875 0.0515625
14 0.1 0.9546875 0.01875 0.053125
0 0.1 0.8546875 0.0140625 0.0265625
0 0.1 0.5796875 0.015625 0.03125
0 0.0953125 0.303125 0.015625 0.0296875
6 0.328125 0.115625 0.0171875 0.0171875
9 0.540625 0.11875 0.0234375 0.021875
12 0.7125 0.121875 0.025 0.025
12 0.815625 0.121875 0.025 0.0234375
4 0.7765625 0.1234375 0.015625 0.028125
4 0.8109375 0.2171875 0.0203125 0.028125
4 0.703125 0.2171875 0.015625 0.0296875
4 0.621875 0.215625 0.0171875 0.0296875
4 0.5359375 0.21875 0.0203125 0.03125
4 0.428125 0.215625 0.0171875 0.028125
4 0.353125 0.215625 0.0171875 0.028125
4 0.28125 0.2140625 0.015625 0.0265625
4 0.1875 0.2140625 0.0140625 0.0234375
3 0.21875 0.21875 0.0125 0.04375
3 0.2453125 0.21875 0.0140625 0.0453125
3 0.303125 0.21875 0.0140625 0.059375
3 0.328125 0.21875 0.015625 0.0609375
3 0.3734375 0.2171875 0.0109375 0.0515625
3 0.4 0.21875 0.0078125 0.0515625
3 0.45625 0.21875 0.0171875 0.0625
3 0.4828125 0.221875 0.0140625 0.0578125
3 0.5625 0.21875 0.015625 0.04375
3 0.590625 0.21875 0.015625 0.04375
3 0.6453125 0.221875 0.0125 0.05625
3 0.6703125 0.2203125 0.0171875 0.05625
3 0.7328125 0.221875 0.015625 0.046875
3 0.771875 0.2203125 0.0203125 0.04375
3 0.84375 0.221875 0.015625 0.05625
3 0.878125 0.221875 0.01875 0.059375
11 0.1859375 0.290625 0.0125 0.0296875
11 0.275 0.3015625 0.009375 0.0265625
11 0.353125 0.303125 0.0109375 0.0296875
11 0.4265625 0.3125 0.009375 0.03125
11 0.5359375 0.271875 0.0125 0.0390625
11 0.615625 0.3 0.0109375 0.0296875
11 0.703125 0.3015625 0.0109375 0.0296875
11 0.80625 0.315625 0.0125 0.0359375
4 0.815625 0.4 0.0171875 0.0234375
5 0.534375 0.3375 0.0171875 0.01875
3 0.8796875 0.11875 0.01875 0.034375
5 0.534375 0.615625 0.025 0.021875
13 0.346875 0.671875 0.0140625 0.0359375
1 0.35625 0.671875 0.00625 0.025