3 0.2328125 0.059375 0.0171875 0.01875
3 0.2515625 0.06875 0.0203125 0.034375
3 0.271875 0.06875 0.0171875 0.028125
3 0.3703125 0.078125 0.01875 0.028125
3 0.334375 0.075 0.015625 0.03125
3 0.40625 0.0765625 0.0234375 0.028125
3 0.475 0.0703125 0.0265625 0.034375
3 0.640625 0.0625 0.0203125 0.028125
3 0.665625 0.071875 0.01875 0.0390625
3 0.7046875 0.0734375 0.0203125 0.0359375
3 0.8296875 0.184375 0.021875 0.0328125
3 0.853125 0.18125 0.0171875 0.0328125
3 0.8828125 0.178125 0.0203125 0.0359375
3 0.759375 0.1890625 0.021875 0.0359375
3 0.784375 0.1875 0.0203125 0.034375
3 0.83125 0.184375 0.0171875 0.034375
3 0.6125 0.18125 0.0171875 0.0328125
3 0.596875 0.178125 0.0171875 0.040625
3 0.5 0.1875 0.021875 0.025
3 0.46875 0.184375 0.0265625 0.0359375
3 0.4328125 0.1953125 0.0296875 0.034375
3 0.403125 0.1890625 0.0203125 0.0359375
3 0.365625 0.1875 0.0203125 0.0265625
3 0.315625 0.18125 0.021875 0.0375
3 0.2875 0.18125 0.015625 0.0296875
3 0.234375 0.175 0.015625 0.040625
3 0.215625 0.175 0.0171875 0.034375
3 0.946875 0.346875 0.0296875 0.028125
3 0.81875 0.3375 0.03125 0.03125
3 0.6875 0.346875 0.0203125 0.028125
3 0.6484375 0.340625 0.0203125 0.03125
3 0.509375 0.3375 0.034375 0.028125
3 0.24375 0.321875 0.025 0.03125
3 0.1453125 0.321875 0.015625 0.0328125
3 0.165625 0.36875 0.01875 0.0234375
3 0.190625 0.365625 0.0203125 0.025
3 0.4734375 0.371875 0.0171875 0.0265625
3 0.49375 0.371875 0.015625 0.028125
3 0.70625 0.375 0.01875 0.0234375
3 0.775 0.3734375 0.028125 0.028125
3 0.2375 0.74375 0.0109375 0.0234375
3 0.215625 0.74375 0.0203125 0.0265625
3 0.278125 0.746875 0.01875 0.0296875
3 0.303125 0.746875 0.0203125 0.028125
3 0.353125 0.753125 0.01875 0.03125
3 0.134375 0.7953125 0.0171875 0.028125
3 0.159375 0.79375 0.0171875 0.0265625
3 0.15625 0.9 0.0203125 0.028125
3 0.221875 0.896875 0.0203125 0.03125
3 0.446875 0.9140625 0.025 0.03125
3 0.4125 0.9140625 0.0234375 0.028125
3 0.3765625 0.915625 0.0265625 0.0234375
3 0.4984375 0.915625 0.0234375 0.0390625
3 0.7359375 0.9140625 0.0234375 0.040625
3 0.765625 0.928125 0.0234375 0.0328125
3 0.8546875 0.925 0.021875 0.034375
3 0.8875 0.928125 0.021875 0.025
13 0.821875 0.9234375 0.021875 0.0296875
13 0.796875 0.9265625 0.0234375 0.028125
13 0.51875 0.903125 0.015625 0.025
13 0.3125 0.7875 0.015625 0.0234375
13 0.5375 0.8359375 0.0171875 0.0265625
13 0.946875 0.7046875 0.0140625 0.028125
13 0.9 0.70625 0.015625 0.03125
13 0.86875 0.6984375 0.015625 0.0296875
13 0.84375 0.7 0.015625 0.025
13 0.78125 0.696875 0.0203125 0.03125
13 0.74375 0.690625 0.0171875 0.028125
13 0.590625 0.68125 0.01875 0.03125
13 0.290625 0.6421875 0.0171875 0.0265625
13 0.1125 0.60625 0.015625 0.03125
13 0.271875 0.5078125 0.015625 0.021875
13 0.7171875 0.525 0.0203125 0.028125
3 0.7625 0.525 0.0234375 0.028125
13 0.496875 0.484375 0.015625 0.0265625
13 0.3234375 0.4859375 0.015625 0.03125
13 0.271875 0.371875 0.0171875 0.0328125
13 0.96875 0.246875 0.0203125 0.0265625
0 0.115625 0.090625 0.0421875 0.0375
0 0.125 0.13125 0.0515625 0.03125
0 0.11875 0.178125 0.0484375 0.034375
1 0.05625 0.784375 0.0203125 0.0203125
1 0.0578125 0.8140625 0.015625 0.0203125
1 0.05625 0.865625 0.0140625 0.0171875
1 0.0625 0.73125 0.0140625 0.0125
1 0.0671875 0.75625 0.0140625 0.0109375
1 0.059375 0.6671875 0.015625 0.015625
8 0.728125 0.3 0.0421875 0.0265625
8 0.6484375 0.2953125 0.0640625 0.028125
8 0.553125 0.2921875 0.0375 0.028125
8 0.403125 0.2921875 0.065625 0.03125
8 0.3 0.2890625 0.0546875 0.03125
8 0.09375 0.284375 0.0421875 0.0359375
8 0.4953125 0.5765625 0.0375 0.028125
8 0.584375 0.578125 0.0453125 0.028125
8 0.690625 0.871875 0.04375 0.0234375
8 0.771875 0.878125 0.05 0.0328125
8 0.590625 0.86875 0.04375 0.0265625
8 0.5109375 0.8640625 0.0359375 0.028125
8 0.3875 0.859375 0.0484375 0.028125
8 0.28125 0.8640625 0.0390625 0.03125
11 0.1875 0.5703125 0.0328125 0.0234375
11 0.4375 0.58125 0.01875 0.0359375