3 0.89375 0.471875 0.028125 0.0421875
3 0.79375 0.4625 0.028125 0.0546875
3 0.671875 0.471875 0.025 0.0421875
3 0.571875 0.4625 0.0265625 0.0671875
3 0.25 0.4375 0.0234375 0.06875
13 0.85625 0.459375 0.0234375 0.0578125
13 0.8203125 0.4625 0.0203125 0.0421875
13 0.7609375 0.471875 0.028125 0.0453125
13 0.7171875 0.478125 0.025 0.040625
13 0.6375 0.45625 0.0265625 0.0609375
13 0.46875 0.4625 0.021875 0.0453125
13 0.39375 0.45 0.0234375 0.0578125
13 0.41875 0.453125 0.021875 0.04375
13 0.4421875 0.45625 0.0203125 0.0453125
13 0.36875 0.4453125 0.021875 0.0515625
13 0.34375 0.44375 0.0203125 0.05625
13 0.321875 0.440625 0.021875 0.0625
13 0.2953125 0.4375 0.0265625 0.0671875
13 0.08125 0.4875 0.025 0.034375
13 0.053125 0.478125 0.025 0.04375
3 0.8484375 0.534375 0.0421875 0.0546875
11 0.7921875 0.5375 0.0359375 0.0609375
3 0.6296875 0.534375 0.04375 0.0546875
11 0.56875 0.534375 0.03125 0.0515625
3 0.371875 0.5296875 0.0390625 0.0515625
3 0.321875 0.5265625 0.0359375 0.0578125
3 0.253125 0.559375 0.0296875 0.0484375
3 0.2125 0.5546875 0.028125 0.059375
3 0.175 0.559375 0.03125 0.0515625
4 0.178125 0.46875 0.0171875 0.025
4 0.215625 0.46875 0.0203125 0.025
4 0.8953125 0.546875 0.0203125 0.021875
8 0.890625 0.58125 0.0296875 0.040625
2 0.940625 0.55625 0.028125 0.0296875
2 0.940625 0.45 0.01875 0.028125
2 0.8359375 0.4453125 0.0125 0.0265625
2 0.734375 0.4640625 0.0109375 0.028125
2 0.6140625 0.4390625 0.015625 0.028125
8 0.671875 0.578125 0.03125 0.0390625
4 0.671875 0.546875 0.01875 0.0234375
3 0.884375 0.678125 0.028125 0.0421875
3 0.809375 0.678125 0.0265625 0.0375
3 0.6671875 0.7078125 0.025 0.0375
3 0.575 0.709375 0.0265625 0.0625
3 0.5 0.7078125 0.025 0.0578125
3 0.353125 0.7015625 0.0265625 0.040625
3 0.2578125 0.70625 0.0265625 0.046875
3 0.734375 0.946875 0.0265625 0.0375
3 0.7 0.940625 0.025 0.0453125
3 0.6671875 0.946875 0.0234375 0.0375
3 0.628125 0.940625 0.03125 0.0421875
3 0.465625 0.9265625 0.0234375 0.04375
4 0.053125 0.9328125 0.021875 0.0265625
4 0.4375 0.9375 0.01875 0.025
4 0.8375 0.9375 0.0203125 0.025
4 0.859375 0.803125 0.021875 0.0203125
4 0.7875 0.8046875 0.0265625 0.025
4 0.7265625 0.803125 0.01875 0.021875
4 0.640625 0.803125 0.0203125 0.0234375
4 0.546875 0.803125 0.0203125 0.0234375
4 0.471875 0.8015625 0.0203125 0.0203125
4 0.4140625 0.803125 0.01875 0.0234375
4 0.3265625 0.8015625 0.021875 0.021875
4 0.23125 0.8015625 0.0171875 0.021875
4 0.1328125 0.8015625 0.0140625 0.025
4 0.06875 0.8 0.01875 0.025
4 0.0125 0.7 0.015625 0.025
2 0.94375 0.678125 0.0265625 0.03125
2 0.95 0.790625 0.021875 0.0296875
2 0.9515625 0.9171875 0.0203125 0.0328125
11 0.115625 0.934375 0.0265625 0.0515625
11 0.896875 0.9390625 0.025 0.0484375
13 0.834375 0.6859375 0.0203125 0.046875
13 0.784375 0.6875 0.0203125 0.0578125
13 0.6375 0.721875 0.0234375 0.034375
13 0.525 0.7125 0.021875 0.0515625
13 0.471875 0.7203125 0.021875 0.034375
13 0.3 0.6875 0.0203125 0.0375
13 0.228125 0.709375 0.021875 0.0359375
13 0.184375 0.69375 0.025 0.0546875
13 0.1484375 0.6984375 0.0203125 0.0578125
13 0.128125 0.703125 0.0171875 0.0484375
13 0.1046875 0.709375 0.025 0.0390625
13 0.80625 0.9390625 0.025 0.0484375
13 0.778125 0.946875 0.028125 0.0390625
13 0.575 0.94375 0.0234375 0.0390625
13 0.55 0.940625 0.01875 0.040625
13 0.525 0.934375 0.0265625 0.0421875
13 0.490625 0.9296875 0.0203125 0.04375
13 0.015625 0.9359375 0.0234375 0.0453125
8 0.3578125 0.934375 0.0203125 0.0453125
11 0.721875 0.703125 0.025 0.0390625
11 0.409375 0.696875 0.025 0.0390625
11 0.0640625 0.70625 0.0265625 0.040625
3 0.8890625 0.7875 0.0234375 0.0671875
3 0.81875 0.7875 0.028125 0.065625
3 0.696875 0.7828125 0.0234375 0.0484375
3 0.6671875 0.78125 0.028125 0.05
3 0.575 0.784375 0.028125 0.053125
3 0.503125 0.78125 0.028125 0.0484375
3 0.3515625 0.7859375 0.028125 0.06875
3 0.38125 0.7875 0.0234375 0.071875
3 0.25625 0.7875 0.021875 0.0703125
3 0.184375 0.7875 0.0265625 0.071875
3 0.0375 0.7796875 0.025 0.05
3 0.0109375 0.7796875 0.021875 0.05
14 0.984375 0.9375 0.0296875 0.0765625
0 0.9875 0.7984375 0.025 0.04375
14 0.984375 0.7 0.03125 0.078125
0 0.9859375 0.5625 0.028125 0.0421875
14 0.98046875 0.46796875 0.0390625 0.0765625
0 0.9828125 0.31875 0.03125 0.0375
14 0.978125 0.215625 0.0421875 0.0796875
0 0.9328125 0.078125 0.0359375 0.0390625
2 0.884375 0.0703125 0.025 0.03125
2 0.9359375 0.1984375 0.0234375 0.034375
2 0.9375 0.3125 0.021875 0.03125
14 0.99921875 0.46796875 0.0015625 0.0765625