11 0.59375 0.0515625 0.0234375 0.0546875
11 0.559375 0.046875 0.0234375 0.05
11 0.528125 0.06875 0.0203125 0.0546875
11 0.23125 0.065625 0.021875 0.0625
11 0.190625 0.071875 0.0234375 0.0625
11 0.840625 0.209375 0.0203125 0.0609375
11 0.803125 0.20625 0.0203125 0.05625
11 0.76875 0.23125 0.0203125 0.0578125
11 0.45 0.228125 0.0234375 0.0578125
11 0.4125 0.2296875 0.0234375 0.0578125
11 0.1625 0.19375 0.0203125 0.0625
11 0.0390625 0.1921875 0.01875 0.0640625
11 0.009375 0.178125 0.0171875 0.0765625
11 0.24375 0.359375 0.0234375 0.0625
11 0.2703125 0.353125 0.0234375 0.065625
11 0.3 0.35625 0.025 0.06875
11 0.384375 0.35 0.021875 0.0703125
11 0.409375 0.35 0.0203125 0.0703125
11 0.4375 0.346875 0.021875 0.0734375
11 0.0375 0.546875 0.015625 0.059375
11 0.009375 0.54375 0.0171875 0.0578125
11 0.28125 0.703125 0.0234375 0.053125
11 0.31875 0.7125 0.021875 0.0578125
11 0.3625 0.7015625 0.0203125 0.0546875
11 0.4171875 0.734375 0.021875 0.053125
11 0.453125 0.7234375 0.0203125 0.059375
11 0.4875 0.71875 0.0203125 0.059375
11 0.53125 0.71875 0.01875 0.059375
11 0.6046875 0.709375 0.01875 0.05625
11 0.6421875 0.7015625 0.0203125 0.0546875
11 0.675 0.7046875 0.0234375 0.059375
11 0.71875 0.696875 0.0203125 0.0546875
11 0.78125 0.728125 0.01875 0.0546875
11 0.8125 0.721875 0.0203125 0.0546875
11 0.84375 0.715625 0.0203125 0.059375
11 0.8859375 0.7140625 0.01875 0.05625
11 0.434375 0.8703125 0.021875 0.065625
11 0.34375 0.88125 0.021875 0.05625
11 0.29375 0.88125 0.0234375 0.0578125
11 0.203125 0.878125 0.0234375 0.053125
11 0.021875 0.878125 0.021875 0.0609375
3 0.0859375 0.8875 0.0234375 0.065625
3 0.48125 0.884375 0.021875 0.0765625
3 0.515625 0.8875 0.01875 0.06875
3 0.540625 0.878125 0.0203125 0.090625
3 0.565625 0.8875 0.0171875 0.0625
3 0.59375 0.8703125 0.0203125 0.0875
3 0.61875 0.878125 0.0203125 0.06875
3 0.64375 0.86875 0.0234375 0.0828125
3 0.671875 0.8609375 0.0234375 0.0984375
3 0.71875 0.8640625 0.0265625 0.0859375
3 0.746875 0.8546875 0.021875 0.096875
3 0.775 0.878125 0.0171875 0.0640625
3 0.8 0.86875 0.021875 0.078125
3 0.825 0.88125 0.0203125 0.0734375
3 0.85 0.86875 0.021875 0.0828125
3 0.8734375 0.884375 0.01875 0.06875
3 0.896875 0.875 0.0171875 0.0875
3 0.00625 0.709375 0.0125 0.078125
3 0.028125 0.703125 0.0234375 0.0859375
3 0.0515625 0.71875 0.01875 0.05625
3 0.075 0.7109375 0.0203125 0.084375
3 0.1 0.715625 0.01875 0.0671875
3 0.125 0.70625 0.01875 0.08125
3 0.15 0.71875 0.0171875 0.059375
3 0.1734375 0.7125 0.021875 0.0765625
3 0.215625 0.7140625 0.0234375 0.0609375
3 0.2390625 0.703125 0.0171875 0.075
3 0.059375 0.546875 0.0140625 0.0703125
3 0.0765625 0.5375 0.0140625 0.075
3 0.09375 0.5328125 0.01875 0.0765625
3 0.11875 0.528125 0.0234375 0.0828125
3 0.14375 0.534375 0.0203125 0.0734375
3 0.1640625 0.540625 0.01875 0.071875
3 0.890625 0.3515625 0.01875 0.0796875
3 0.86875 0.35625 0.015625 0.06875
3 0.834375 0.359375 0.015625 0.0703125
3 0.8140625 0.35625 0.015625 0.0875
3 0.7875 0.353125 0.0171875 0.0875
3 0.7671875 0.359375 0.01875 0.078125
3 0.7453125 0.3625 0.01875 0.0703125
3 0.721875 0.35625 0.0203125 0.078125
3 0.678125 0.35625 0.0171875 0.084375
3 0.65625 0.359375 0.015625 0.0703125
3 0.625 0.3625 0.0203125 0.078125
3 0.6015625 0.359375 0.01875 0.0796875
3 0.50625 0.359375 0.021875 0.0828125
3 0.5328125 0.3640625 0.0203125 0.0703125
3 0.55625 0.35625 0.0171875 0.0796875
3 0.578125 0.35625 0.01875 0.09375
2 0.85 0.3375 0.0125 0.046875
2 0.93125 0.36875 0.0140625 0.0515625
2 0.94375 0.3453125 0.0140625 0.05
2 0.1890625 0.34375 0.015625 0.0453125
2 0.1828125 0.51875 0.0140625 0.04375
2 0.675 0.51875 0.015625 0.0421875
2 0.9296875 0.5375 0.0171875 0.0453125
2 0.946875 0.51875 0.0140625 0.0484375
2 0.9046875 0.69375 0.0140625 0.0453125
2 0.9375 0.7015625 0.015625 0.04375
2 0.95 0.678125 0.0109375 0.04375
2 0.696875 0.721875 0.0125 0.04375
2 0.55 0.7 0.0125 0.05
2 0.3390625 0.728125 0.015625 0.040625
2 0.059375 0.859375 0.0171875 0.04375
2 0.5 0.853125 0.015625 0.0421875
2 0.9125 0.84375 0.015625 0.04375
2 0.940625 0.875 0.015625 0.040625
2 0.9546875 0.853125 0.0125 0.046875
3 0.2578125 0.0546875 0.015625 0.08125
3 0.2765625 0.046875 0.015625 0.075
3 0.3125 0.034375 0.0203125 0.0625
3 0.3375 0.025 0.01875 0.05
11 0.8890625 0.071875 0.0203125 0.05625
3 0.478125 0.2125 0.0171875 0.0796875
3 0.5015625 0.20625 0.01875 0.06875
3 0.534375 0.196875 0.0171875 0.0671875
3 0.5578125 0.18125 0.01875 0.0671875
3 0.3234375 0.4 0.01875 0.0609375
3 0.465625 0.4 0.0203125 0.059375
13 0.3125 0.565625 0.01875 0.065625
13 0.334375 0.559375 0.015625 0.0765625
13 0.353125 0.5625 0.015625 0.065625
13 0.3734375 0.565625 0.0203125 0.0703125
13 0.55 0.571875 0.01875 0.0671875
13 0.571875 0.5625 0.01875 0.078125
13 0.590625 0.5671875 0.015625 0.06875
13 0.6109375 0.575 0.0171875 0.06875
13 0.8015625 0.559375 0.0203125 0.0671875
13 0.8203125 0.553125 0.01875 0.075
13 0.8375 0.559375 0.0171875 0.075
13 0.85625 0.5625 0.0203125 0.0703125
13 0.1375 0.4 0.0140625 0.0625
13 0.103125 0.39375 0.015625 0.075
13 0.11875 0.39375 0.015625 0.078125
13 0.0578125 0.196875 0.0171875 0.0859375
13 0.0765625 0.203125 0.0125 0.075
13 0.09375 0.20625 0.0125 0.0765625
13 0.11875 0.203125 0.015625 0.0765625
8 0.1203125 0.0671875 0.03125 0.0625
8 0.3953125 0.8796875 0.028125 0.05625
8 0.25625 0.88125 0.0203125 0.0546875
11 0.2453125 0.54375 0.01875 0.1046875
11 0.0265625 0.375 0.0265625 0.0984375
11 0.4125 0.540625 0.03125 0.1
11 0.478125 0.546875 0.03125 0.1078125
11 0.653125 0.553125 0.025 0.0984375
11 0.7375 0.54375 0.0265625 0.103125
11 0.89375 0.5421875 0.025 0.10625
11 0.1703125 0.38125 0.0203125 0.090625
9 0.053125 0.046875 0.025 0.0296875
9 0.81875 0.05 0.0265625 0.0328125
12 0.85625 0.053125 0.0203125 0.053125
12 0.634375 0.05625 0.0203125 0.0453125
6 0.709375 0.05 0.028125 0.025
5 0.465625 0.0484375 0.0296875 0.0328125