11 0.9 0.8625 0.0234375 0.06875
11 0.85625 0.86875 0.0234375 0.0640625
11 0.8171875 0.840625 0.025 0.065625
11 0.453125 0.8421875 0.0265625 0.0671875
11 0.4125 0.8421875 0.025 0.065625
11 0.1234375 0.884375 0.0234375 0.071875
11 0.215625 0.69375 0.0265625 0.071875
11 0.2484375 0.7 0.0265625 0.075
11 0.28125 0.6953125 0.0296875 0.078125
11 0.378125 0.7046875 0.025 0.0796875
11 0.4078125 0.7046875 0.0234375 0.08125
11 0.4390625 0.70625 0.025 0.084375
11 0.259375 0.2984375 0.0265625 0.0609375
11 0.303125 0.2890625 0.025 0.0671875
11 0.353125 0.3 0.021875 0.0625
11 0.415625 0.2640625 0.025 0.0609375
11 0.45625 0.2765625 0.021875 0.06875
11 0.496875 0.28125 0.021875 0.0671875
11 0.546875 0.28125 0.021875 0.0703125
11 0.63125 0.2921875 0.021875 0.0640625
11 0.671875 0.3015625 0.0234375 0.0625
11 0.7125 0.296875 0.0265625 0.0671875
11 0.7625 0.30625 0.0234375 0.0625
11 0.8328125 0.271875 0.021875 0.0625
11 0.86875 0.278125 0.0234375 0.0625
11 0.903125 0.284375 0.021875 0.06875
11 0.953125 0.2875 0.0203125 0.0640625
11 0.4359375 0.109375 0.025 0.0734375
11 0.33125 0.0953125 0.025 0.0640625
11 0.275 0.096875 0.0265625 0.065625
11 0.1703125 0.1 0.0265625 0.0609375
3 0.0375 0.0875 0.0265625 0.075
3 0.4875 0.09375 0.025 0.0890625
3 0.528125 0.0875 0.021875 0.078125
3 0.55625 0.1 0.0234375 0.103125
3 0.5859375 0.0875 0.0203125 0.0703125
3 0.61875 0.109375 0.025 0.1
3 0.646875 0.1 0.025 0.078125
3 0.675 0.1109375 0.0265625 0.09375
3 0.7078125 0.11875 0.028125 0.1125
3 0.759375 0.115625 0.0296875 0.0984375
3 0.79375 0.1265625 0.025 0.1109375
3 0.825 0.0984375 0.0203125 0.0734375
3 0.853125 0.109375 0.025 0.0890625
3 0.8828125 0.096875 0.021875 0.0828125
3 0.9109375 0.109375 0.0265625 0.09375
3 0.9375 0.09375 0.021875 0.0796875
3 0.9640625 0.103125 0.0203125 0.1
3 0.0046875 0.28125 0.009375 0.0640625
3 0.0234375 0.290625 0.0234375 0.0953125
3 0.053125 0.2859375 0.0203125 0.0765625
3 0.08125 0.296875 0.0203125 0.0921875
3 0.109375 0.2828125 0.0203125 0.06875
3 0.1375 0.2890625 0.025 0.0875
3 0.184375 0.2875 0.0265625 0.0703125
3 0.2125 0.2984375 0.0203125 0.0859375
3 0.0078125 0.4796875 0.015625 0.08125
3 0.0265625 0.4890625 0.0171875 0.0859375
3 0.046875 0.49375 0.0203125 0.0875
3 0.075 0.4984375 0.0265625 0.09375
3 0.103125 0.49375 0.0234375 0.0828125
3 0.1265625 0.4875 0.021875 0.0828125
3 0.95625 0.703125 0.0203125 0.090625
3 0.93125 0.696875 0.01875 0.078125
3 0.8921875 0.69375 0.0171875 0.08125
3 0.86875 0.696875 0.0171875 0.0984375
3 0.840625 0.7 0.0203125 0.1015625
3 0.815625 0.69375 0.021875 0.0890625
3 0.790625 0.690625 0.021875 0.08125
3 0.7625 0.696875 0.021875 0.090625
3 0.7140625 0.696875 0.0203125 0.0953125
3 0.6890625 0.69375 0.01875 0.0796875
3 0.653125 0.6890625 0.025 0.0890625
3 0.628125 0.69375 0.0203125 0.090625
3 0.51875 0.6921875 0.025 0.09375
3 0.5484375 0.6875 0.0234375 0.08125
3 0.575 0.6953125 0.0203125 0.0921875
3 0.6 0.696875 0.021875 0.1078125
2 0.9109375 0.715625 0.0140625 0.053125
2 0.996875 0.684375 0.0046875 0.059375
2 0.15625 0.7109375 0.0171875 0.0515625
2 0.146875 0.509375 0.0171875 0.05
2 0.7125 0.5125 0.01875 0.0484375
2 0.996875 0.490625 0.00625 0.053125
2 0.9734375 0.309375 0.0171875 0.053125
2 0.734375 0.278125 0.015625 0.0515625
2 0.56875 0.3046875 0.015625 0.0578125
2 0.3265625 0.271875 0.0171875 0.046875
2 0.009375 0.121875 0.0171875 0.05
2 0.509375 0.128125 0.0171875 0.0484375
2 0.9828125 0.1375 0.0171875 0.05
3 0.4859375 0.8609375 0.0203125 0.090625
3 0.5125 0.8671875 0.0203125 0.078125
3 0.5515625 0.878125 0.01875 0.078125
3 0.5765625 0.896875 0.0203125 0.0765625
3 0.309375 0.646875 0.021875 0.06875
3 0.471875 0.646875 0.021875 0.0671875
13 0.296875 0.45625 0.021875 0.0765625
13 0.321875 0.4640625 0.01875 0.0875
13 0.3421875 0.459375 0.01875 0.075
13 0.365625 0.45625 0.0234375 0.0796875
13 0.5671875 0.45 0.021875 0.078125
13 0.59375 0.4609375 0.0203125 0.0890625
13 0.6140625 0.45625 0.01875 0.0796875
13 0.6375 0.446875 0.0203125 0.0796875
13 0.85625 0.465625 0.021875 0.078125
13 0.878125 0.471875 0.0203125 0.0875
13 0.896875 0.4640625 0.0203125 0.0859375
13 0.91875 0.4625 0.0234375 0.0796875
13 0.096875 0.646875 0.0171875 0.071875
13 0.05625 0.653125 0.01875 0.0859375
13 0.075 0.653125 0.0171875 0.0890625
13 0.0078125 0.878125 0.015625 0.1
13 0.025 0.871875 0.0140625 0.0859375
13 0.0453125 0.86875 0.0140625 0.0890625
13 0.075 0.8703125 0.0171875 0.0875
8 0.390625 0.096875 0.0328125 0.0640625
8 0.23125 0.096875 0.0234375 0.0625
11 0.21875 0.48125 0.021875 0.11875
11 0.409375 0.484375 0.0359375 0.115625
11 0.4859375 0.4796875 0.034375 0.121875
11 0.6875 0.471875 0.028125 0.1125
11 0.78125 0.48125 0.0296875 0.1171875
11 0.959375 0.484375 0.028125 0.1203125
11 0.134375 0.66875 0.021875 0.1046875