14 0.1 0.2125 0.025 0.046875
14 0.034375 0.415625 0.0265625 0.046875
14 0.0359375 0.503125 0.028125 0.05
14 0.034375 0.696875 0.025 0.05
14 0.034375 0.859375 0.025 0.0515625
0 0.1 0.278125 0.0265625 0.0234375
0 0.0375 0.559375 0.0265625 0.0234375
14 0.0359375 0.7734375 0.025 0.0484375
0 0.0359375 0.91875 0.0296875 0.025
3 0.15625 0.2234375 0.025 0.0375
3 0.178125 0.228125 0.0171875 0.0265625
3 0.20625 0.221875 0.0234375 0.0390625
3 0.2234375 0.228125 0.0265625 0.028125
3 0.25625 0.2203125 0.0203125 0.0453125
3 0.2796875 0.228125 0.0171875 0.028125
3 0.30625 0.221875 0.021875 0.0421875
3 0.325 0.228125 0.025 0.0265625
3 0.371875 0.2234375 0.021875 0.0375
3 0.3953125 0.228125 0.0203125 0.028125
3 0.421875 0.221875 0.021875 0.040625
3 0.4390625 0.228125 0.025 0.028125
3 0.471875 0.21875 0.025 0.046875
3 0.49375 0.228125 0.01875 0.03125
3 0.5203125 0.2203125 0.0203125 0.0453125
3 0.5375 0.228125 0.028125 0.028125
3 0.584375 0.2234375 0.0203125 0.0390625
3 0.609375 0.228125 0.01875 0.0296875
3 0.6359375 0.221875 0.0234375 0.040625
3 0.6515625 0.228125 0.0296875 0.028125
3 0.6859375 0.2203125 0.0203125 0.04375
3 0.709375 0.228125 0.0171875 0.028125
3 0.734375 0.221875 0.0234375 0.040625
3 0.753125 0.228125 0.0234375 0.028125
3 0.8046875 0.2 0.0265625 0.025
3 0.828125 0.203125 0.025 0.0359375
3 0.853125 0.2 0.025 0.028125
3 0.871875 0.203125 0.021875 0.0375
3 0.90625 0.2 0.0296875 0.0265625
3 0.9296875 0.2046875 0.025 0.0359375
3 0.953125 0.2 0.025 0.028125
3 0.9703125 0.203125 0.0234375 0.0359375
5 0.8 0.296875 0.0203125 0.009375
5 0.5859375 0.284375 0.0203125 0.009375
5 0.15625 0.284375 0.021875 0.0078125
11 0.0703125 0.4234375 0.015625 0.028125
11 0.125 0.41875 0.0140625 0.0265625
11 0.18125 0.4171875 0.0171875 0.0265625
11 0.2375 0.4203125 0.015625 0.028125
11 0.309375 0.4234375 0.0140625 0.0265625
11 0.3640625 0.41875 0.015625 0.028125
11 0.41875 0.4140625 0.0171875 0.028125
11 0.475 0.415625 0.0140625 0.0265625
11 0.546875 0.421875 0.015625 0.028125
11 0.6015625 0.4203125 0.015625 0.0265625
11 0.6578125 0.4171875 0.0125 0.0265625
3 0.7171875 0.41875 0.0234375 0.028125
3 0.7375 0.421875 0.021875 0.028125
6 0.8796875 0.409375 0.0171875 0.00625
3 0.071875 0.5125 0.021875 0.0375
3 0.096875 0.51875 0.0171875 0.028125
3 0.128125 0.5125 0.0234375 0.040625
3 0.1453125 0.51875 0.0296875 0.028125
3 0.1828125 0.509375 0.01875 0.04375
3 0.209375 0.51875 0.0171875 0.028125
3 0.2359375 0.5125 0.015625 0.0390625
3 0.2578125 0.5171875 0.0265625 0.0265625
3 0.3109375 0.5125 0.025 0.0375
3 0.3375 0.5171875 0.021875 0.028125
3 0.365625 0.5125 0.0234375 0.040625
3 0.421875 0.509375 0.025 0.046875
3 0.3828125 0.51875 0.0296875 0.0265625
3 0.446875 0.5171875 0.01875 0.028125
3 0.475 0.509375 0.01875 0.04375
3 0.49375 0.51875 0.028125 0.028125
3 0.546875 0.5125 0.021875 0.0375
3 0.571875 0.51875 0.015625 0.0265625
3 0.603125 0.5125 0.0234375 0.040625
3 0.6234375 0.51875 0.025 0.028125
3 0.659375 0.509375 0.0265625 0.04375
3 0.6875 0.51875 0.0203125 0.028125
3 0.715625 0.5125 0.0234375 0.0390625
3 0.734375 0.51875 0.025 0.0265625
3 0.815625 0.49375 0.025 0.0359375
3 0.859375 0.49375 0.0265625 0.0359375
3 0.925 0.49375 0.025 0.0359375
3 0.971875 0.4953125 0.0203125 0.0375
3 0.94375 0.49375 0.0234375 0.034375
3 0.8984375 0.49375 0.0265625 0.0328125
3 0.834375 0.49375 0.0203125 0.034375
3 0.7875 0.49375 0.025 0.0328125
5 0.784375 0.578125 0.0171875 0.009375
5 0.546875 0.565625 0.0171875 0.009375
5 0.309375 0.578125 0.01875 0.0078125
5 0.071875 0.565625 0.0171875 0.009375
11 0.0703125 0.70625 0.0140625 0.0265625
11 0.071875 0.7765625 0.0140625 0.0265625
11 0.1453125 0.703125 0.0171875 0.0265625
11 0.146875 0.7734375 0.015625 0.0265625
11 0.221875 0.7 0.0171875 0.0234375
11 0.221875 0.7703125 0.015625 0.025
11 0.39375 0.70625 0.0140625 0.0265625
11 0.39375 0.7765625 0.015625 0.0265625
11 0.46875 0.7015625 0.015625 0.028125
11 0.46875 0.7734375 0.0171875 0.028125
11 0.54375 0.696875 0.015625 0.028125
11 0.54375 0.76875 0.0171875 0.0265625
11 0.6171875 0.7 0.0171875 0.0265625
11 0.615625 0.7703125 0.015625 0.0265625
11 0.7078125 0.70625 0.015625 0.0265625
11 0.78125 0.703125 0.0171875 0.0265625
11 0.7078125 0.7765625 0.01875 0.0234375
11 0.78125 0.7734375 0.0171875 0.0265625
11 0.85625 0.7703125 0.015625 0.025
11 0.85625 0.7015625 0.015625 0.0265625
3 0.9625 0.7046875 0.0234375 0.028125
3 0.934375 0.703125 0.025 0.0265625
3 0.9625 0.775 0.0234375 0.0296875
3 0.934375 0.7734375 0.0265625 0.028125
3 0.95625 0.875 0.034375 0.028125
3 0.934375 0.8703125 0.0265625 0.040625
3 0.896875 0.8765625 0.0234375 0.0265625
3 0.8625 0.86875 0.034375 0.04375
3 0.809375 0.8765625 0.03125 0.0265625
3 0.7875 0.8703125 0.028125 0.040625
3 0.75 0.878125 0.03125 0.028125
3 0.7125 0.871875 0.03125 0.0375
3 0.646875 0.8765625 0.0328125 0.028125
3 0.6203125 0.86875 0.028125 0.0453125
3 0.584375 0.8765625 0.028125 0.028125
3 0.55 0.8671875 0.0328125 0.046875
3 0.496875 0.8765625 0.0328125 0.028125
3 0.4734375 0.8703125 0.028125 0.0421875
3 0.4359375 0.8765625 0.0296875 0.028125
3 0.4015625 0.871875 0.034375 0.0375
3 0.296875 0.771875 0.01875 0.028125
3 0.321875 0.875 0.0359375 0.028125
3 0.296875 0.8703125 0.0234375 0.0390625
3 0.259375 0.8765625 0.025 0.0296875
3 0.225 0.86875 0.0296875 0.0453125
3 0.175 0.8765625 0.0296875 0.028125
3 0.146875 0.8703125 0.028125 0.040625
3 0.1125 0.8765625 0.028125 0.028125
3 0.078125 0.871875 0.0328125 0.0375
13 0.35 0.775 0.0203125 0.0296875
5 0.071875 0.925 0.0171875 0.0109375
5 0.3953125 0.9375 0.01875 0.0109375
5 0.709375 0.925 0.0265625 0.0078125