5 0.7375 0.503125 0.0234375 0.0203125
14 0.06875 0.91875 0.0359375 0.078125
11 0.3828125 0.2828125 0.028125 0.0546875
11 0.5375 0.284375 0.03125 0.05625
2 0.43125 0.08125 0.0203125 0.0359375
11 0.509375 0.484375 0.0265625 0.0453125
0 0.0703125 0.796875 0.0359375 0.04375
11 0.496875 0.059375 0.0265625 0.0484375
14 0.06875 0.2625 0.0359375 0.0765625
14 0.06875 0.484375 0.0390625 0.0765625
11 0.278125 0.2703125 0.025 0.0453125
2 0.1625 0.734375 0.0171875 0.0328125
11 0.7125 0.728125 0.028125 0.0515625
0 0.071875 0.359375 0.0359375 0.046875
8 0.153125 0.278125 0.025 0.046875
8 0.3984375 0.490625 0.0265625 0.0484375
11 0.825 0.259375 0.025 0.0453125
0 0.071875 0.58125 0.0359375 0.0453125
8 0.59375 0.35625 0.025 0.04375
5 0.4328125 0.928125 0.025 0.01875
8 0.65625 0.5 0.028125 0.046875
11 0.215625 0.921875 0.0265625 0.05
11 0.875 0.715625 0.025 0.0484375
5 0.5703125 0.78125 0.021875 0.0203125
11 0.221875 0.2703125 0.0265625 0.0453125
11 0.115625 0.28125 0.0296875 0.053125
14 0.06875 0.70625 0.0359375 0.0765625
8 0.7265625 0.265625 0.025 0.046875
11 0.8125 0.925 0.0265625 0.046875
5 0.5734375 0.928125 0.028125 0.021875
11 0.321875 0.7171875 0.0234375 0.05
8 0.378125 0.0625 0.0265625 0.05
5 0.875 0.353125 0.0265625 0.0203125
11 0.6125 0.490625 0.025 0.05
5 0.88125 0.50625 0.025 0.021875
8 0.9125 0.721875 0.028125 0.046875
8 0.9375 0.909375 0.0265625 0.0453125
11 0.465625 0.4953125 0.025 0.046875
11 0.225 0.7125 0.025 0.046875
8 0.346875 0.9125 0.0265625 0.04375
11 0.815625 0.7140625 0.025 0.046875
7 0.378125 0.1484375 0.0390625 0.0515625
0 0.071875 0.1390625 0.0375 0.0453125
11 0.18125 0.721875 0.025 0.05
11 0.7859375 0.2734375 0.0234375 0.0484375
11 0.6 0.0625 0.025 0.0484375
8 0.35625 0.728125 0.025 0.05
11 0.915625 0.26875 0.0234375 0.046875
11 0.9734375 0.7140625 0.025 0.046875
14 0.06875 0.053125 0.0359375 0.0765625
8 0.6515625 0.365625 0.0265625 0.046875
7 0.11875 0.925 0.034375 0.0515625
7 0.115625 0.809375 0.0328125 0.046875
11 0.5578125 0.0578125 0.0234375 0.046875
11 0.8765625 0.2625 0.025 0.046875
5 0.55625 0.1328125 0.0234375 0.021875
8 0.6359375 0.725 0.028125 0.05
8 0.2796875 0.9171875 0.025 0.046875
11 0.49375 0.14375 0.0265625 0.04375
8 0.64375 0.075 0.028125 0.0484375
8 0.4359375 0.71875 0.025 0.05
8 0.9390625 0.071875 0.03125 0.0453125
5 0.2421875 0.0765625 0.028125 0.0203125
11 0.2828125 0.7125 0.0234375 0.046875
5 0.571875 0.984375 0.028125 0.0234375
7 0.7328125 0.353125 0.028125 0.046875
11 0.56875 0.4859375 0.025 0.046875
8 0.753125 0.7265625 0.028125 0.046875
5 0.434375 0.9828125 0.025 0.021875
11 0.45 0.06875 0.0265625 0.046875
5 0.8828125 0.5703125 0.0234375 0.021875
7 0.4 0.5765625 0.03125 0.0453125
5 0.1125 0.121875 0.0265625 0.0203125
5 0.1140625 0.071875 0.0265625 0.021875
5 0.434375 0.778125 0.025 0.0203125
8 0.590625 0.278125 0.0265625 0.046875
8 0.875 0.075 0.028125 0.04375
8 0.440625 0.2875 0.028125 0.0546875
8 0.321875 0.2796875 0.0265625 0.0453125
12 0.4984375 0.2609375 0.0234375 0.0359375
5 0.7125 0.7875 0.025 0.0203125
5 0.275 0.3515625 0.025 0.021875
5 0.440625 0.3671875 0.025 0.0203125
8 0.653125 0.271875 0.025 0.0453125
8 0.571875 0.7296875 0.028125 0.046875
8 0.49375 0.721875 0.028125 0.0484375
8 0.7890625 0.06875 0.028125 0.0484375
5 0.28125 0.790625 0.0265625 0.0203125
8 0.95 0.275 0.0296875 0.046875
8 0.7234375 0.0625 0.0265625 0.0484375
8 0.8734375 0.91875 0.0296875 0.05
5 0.7375 0.565625 0.025 0.0203125
11 0.81875 0.3640625 0.025 0.046875
5 0.8734375 0.1234375 0.0234375 0.01875
5 0.871875 0.784375 0.0265625 0.0203125
8 0.115625 0.715625 0.025 0.0484375
11 0.5078125 0.590625 0.025 0.046875
5 0.5671875 0.5734375 0.0234375 0.0203125
5 0.259375 0.525 0.0296875 0.025
5 0.115625 0.590625 0.0265625 0.0203125
11 0.225 0.80625 0.025 0.046875
9 0.721875 0.9171875 0.0359375 0.0234375
5 0.24375 0.1234375 0.025 0.01875
5 0.259375 0.590625 0.025 0.021875
5 0.11875 0.525 0.040625 0.028125
5 0.1140625 0.3515625 0.025 0.028125
5 0.721875 0.1234375 0.0390625 0.0234375