5 0.790625 0.4078125 0.0234375 0.0203125
11 0.2984375 0.3375 0.0296875 0.053125
11 0.890625 0.765625 0.0265625 0.046875
5 0.1625 0.13125 0.028125 0.021875
11 0.03125 0.3359375 0.03125 0.053125
11 0.83125 0.31875 0.0234375 0.046875
8 0.571875 0.553125 0.0296875 0.0484375
8 0.56875 0.328125 0.0234375 0.046875
11 0.415625 0.115625 0.025 0.0484375
11 0.7390625 0.315625 0.0234375 0.0453125
11 0.734375 0.7703125 0.0265625 0.04375
11 0.4875 0.540625 0.025 0.04375
8 0.2625 0.96875 0.025 0.0453125
5 0.175 0.5796875 0.03125 0.021875
2 0.0796875 0.790625 0.01875 0.034375
11 0.428125 0.540625 0.0234375 0.04375
11 0.7046875 0.325 0.025 0.046875
11 0.140625 0.76875 0.025 0.046875
5 0.65625 0.5578125 0.0234375 0.021875
11 0.203125 0.765625 0.025 0.046875
11 0.36875 0.121875 0.025 0.046875
8 0.31875 0.54375 0.025 0.046875
11 0.628125 0.784375 0.028125 0.0546875
11 0.4765625 0.1125 0.025 0.046875
11 0.53125 0.546875 0.0234375 0.046875
8 0.64375 0.1171875 0.025 0.046875
8 0.7890625 0.975 0.0265625 0.046875
8 0.1953125 0.975 0.0265625 0.0484375
11 0.453125 0.3390625 0.0296875 0.05625
5 0.0296875 0.1265625 0.0265625 0.021875
11 0.128125 0.9765625 0.0265625 0.046875
11 0.2375 0.771875 0.0234375 0.0484375
8 0.790625 0.125 0.0265625 0.0453125
8 0.0734375 0.3375 0.028125 0.046875
5 0.4875 0.628125 0.0265625 0.0203125
11 0.7890625 0.771875 0.025 0.046875
7 0.03125 0.9765625 0.03125 0.046875
8 0.8609375 0.121875 0.028125 0.0484375
8 0.296875 0.11875 0.0265625 0.046875
11 0.7265625 0.978125 0.0296875 0.04375
11 0.140625 0.325 0.025 0.0453125
8 0.5671875 0.41875 0.0265625 0.046875
8 0.35625 0.3390625 0.0296875 0.053125
8 0.03125 0.771875 0.028125 0.046875
11 0.38125 0.55 0.025 0.0484375
11 0.7921875 0.31875 0.0234375 0.046875
11 0.1 0.7765625 0.025 0.05
7 0.034375 0.8609375 0.034375 0.05
8 0.859375 0.96875 0.0265625 0.0453125
7 0.29375 0.2015625 0.03125 0.0484375
5 0.7875 0.840625 0.0265625 0.021875
11 0.515625 0.11875 0.0234375 0.0484375
12 0.415625 0.315625 0.021875 0.0375
8 0.703125 0.121875 0.028125 0.0484375
5 0.03125 0.175 0.0265625 0.0171875
8 0.646875 0.321875 0.0234375 0.046875
11 0.19375 0.328125 0.0234375 0.0453125
5 0.7984375 0.5625 0.025 0.0203125
8 0.5578125 0.1296875 0.028125 0.0484375
8 0.509375 0.4109375 0.025 0.04375
8 0.55 0.775 0.028125 0.0484375
5 0.35 0.834375 0.025 0.0203125
9 0.640625 0.971875 0.034375 0.021875
11 0.140625 0.859375 0.03125 0.046875
5 0.196875 0.8453125 0.025 0.021875
5 0.490625 0.984375 0.0296875 0.025
8 0.66875 0.78125 0.0265625 0.046875
7 0.315625 0.634375 0.03125 0.04375
11 0.740625 0.4234375 0.021875 0.0453125
5 0.7875 0.178125 0.025 0.01875
8 0.415625 0.778125 0.028125 0.0484375
5 0.1625 0.178125 0.025 0.021875
8 0.2765625 0.78125 0.0265625 0.046875
5 0.19375 0.40625 0.0265625 0.0234375
8 0.490625 0.78125 0.0265625 0.046875
5 0.35625 0.4234375 0.0234375 0.0234375
5 0.796875 0.625 0.0234375 0.021875
8 0.509375 0.33125 0.0265625 0.046875
7 0.65 0.4125 0.0296875 0.0453125
5 0.03125 0.40625 0.025 0.0234375
5 0.175 0.64375 0.0265625 0.021875
8 0.234375 0.3296875 0.028125 0.046875
2 0.346875 0.1359375 0.0171875 0.0328125
5 0.490625 0.8375 0.0234375 0.0203125
5 0.475 0.1875 0.025 0.021875
11 0.4265625 0.64375 0.0265625 0.046875
8 0.828125 0.778125 0.028125 0.046875
5 0.03125 0.578125 0.028125 0.01875
8 0.86875 0.3296875 0.0265625 0.0453125
5 0.640625 0.175 0.0234375 0.0171875
8 0.3515625 0.771875 0.025 0.046875
5 0.03125 0.6453125 0.025 0.0203125
11 0.415625 0.203125 0.025 0.046875
5 0.6578125 0.621875 0.025 0.021875
5 0.628125 0.840625 0.025 0.021875
5 0.35625 0.98671875 0.04375 0.0265625