11 0.346875 0.5109375 0.0296875 0.0546875
14 0.0359375 0.93125 0.0375 0.0765625
11 0.6765625 0.953125 0.028125 0.053125
0 0.08125 0.15625 0.03125 0.0453125
11 0.503125 0.5125 0.03125 0.0578125
0 0.034375 0.5875 0.0390625 0.046875
0 0.0359375 0.80625 0.0375 0.0453125
0 0.034375 0.3640625 0.0375 0.0453125
5 0.70625 0.728125 0.025 0.0203125
2 0.128125 0.9609375 0.01875 0.034375
14 0.0375 0.4875 0.0359375 0.075
11 0.478125 0.7125 0.0265625 0.0453125
14 0.0359375 0.709375 0.0375 0.075
11 0.4609375 0.284375 0.0265625 0.046875
11 0.78125 0.940625 0.025 0.0484375
12 0.4609375 0.484375 0.021875 0.0359375
11 0.7875 0.05625 0.0234375 0.0453125
11 0.3359375 0.0625 0.021875 0.0453125
14 0.034375 0.28125 0.0359375 0.078125
11 0.878125 0.49375 0.0234375 0.0484375
11 0.1859375 0.49375 0.025 0.04375
11 0.08125 0.5078125 0.028125 0.053125
11 0.24375 0.0578125 0.0234375 0.0453125
11 0.209375 0.065625 0.0234375 0.05
11 0.1890625 0.9375 0.025 0.0484375
5 0.846875 0.7328125 0.0265625 0.021875
8 0.078125 0.940625 0.0265625 0.0484375
8 0.3625 0.7140625 0.0265625 0.046875
11 0.878125 0.0625 0.0234375 0.046875
11 0.9375 0.9390625 0.025 0.0484375
11 0.5765625 0.715625 0.0234375 0.05
11 0.7484375 0.065625 0.025 0.0484375
11 0.5640625 0.2875 0.025 0.046875
7 0.6921875 0.15 0.028125 0.046875
11 0.296875 0.05625 0.0234375 0.0453125
11 0.41875 0.29375 0.025 0.046875
11 0.840625 0.0578125 0.0234375 0.046875
11 0.434375 0.7203125 0.025 0.05
11 0.7875 0.484375 0.0234375 0.0453125
11 0.525 0.2828125 0.025 0.046875
8 0.5578125 0.5796875 0.0234375 0.04375
11 0.8390625 0.940625 0.025 0.0484375
11 0.75 0.496875 0.025 0.046875
14 0.0859375 0.0609375 0.0328125 0.078125
8 0.69375 0.0609375 0.0265625 0.0484375
8 0.69375 0.490625 0.0234375 0.0453125
11 0.15 0.94375 0.025 0.0484375
11 0.246875 0.9375 0.0234375 0.0484375
11 0.5359375 0.7109375 0.0234375 0.0453125
8 0.9140625 0.0734375 0.0296875 0.0484375
11 0.2859375 0.94375 0.0234375 0.05
7 0.365625 0.803125 0.03125 0.046875
8 0.8421875 0.3 0.028125 0.0453125
8 0.375 0.06875 0.0296875 0.046875
11 0.24375 0.496875 0.025 0.0453125
8 0.121875 0.50625 0.028125 0.046875
8 0.459375 0.9453125 0.03125 0.0484375
8 0.6203125 0.7234375 0.028125 0.0453125
8 0.615625 0.5859375 0.025 0.046875
8 0.71875 0.9515625 0.0265625 0.0484375
8 0.9171875 0.5 0.0265625 0.0453125
8 0.34375 0.29375 0.025 0.046875
11 0.840625 0.4875 0.0234375 0.046875
8 0.6875 0.2921875 0.0265625 0.0484375
5 0.45 0.1 0.028125 0.0203125
8 0.325 0.953125 0.0265625 0.0484375
7 0.34375 0.3734375 0.03125 0.046875
5 0.209375 0.35 0.0234375 0.0234375
5 0.209375 0.3 0.0265625 0.021875
8 0.878125 0.94375 0.028125 0.0484375
5 0.846875 0.7953125 0.025 0.021875
7 0.69375 0.5796875 0.0265625 0.04375
8 0.403125 0.5125 0.0296875 0.0546875
8 0.15 0.0609375 0.0234375 0.046875
7 0.153125 0.153125 0.0296875 0.0453125
8 0.75625 0.296875 0.0296875 0.046875
8 0.5578125 0.496875 0.025 0.046875
5 0.521875 0.3578125 0.0265625 0.021875
2 0.396875 0.30625 0.01875 0.03125
8 0.2828125 0.5 0.028125 0.046875
8 0.6 0.946875 0.028125 0.0484375
8 0.90625 0.296875 0.0296875 0.046875
8 0.540625 0.953125 0.0265625 0.046875
8 0.603125 0.3 0.028125 0.0484375
11 0.7859375 0.590625 0.0234375 0.046875
5 0.8390625 0.5765625 0.025 0.0203125
8 0.4 0.940625 0.025 0.0484375
5 0.8375 0.15 0.0265625 0.021875
5 0.70625 0.790625 0.025 0.0203125
8 0.615625 0.5 0.025 0.046875
5 0.078125 0.34375 0.028125 0.01875
5 0.078125 0.296875 0.0265625 0.021875
11 0.471875 0.815625 0.025 0.046875
5 0.4046875 0.5921875 0.025 0.0203125
5 0.225 0.7453125 0.03125 0.028125
5 0.45 0.1625 0.025 0.0203125
5 0.534375 0.8015625 0.025 0.021875
5 0.5703125 0.1625 0.0265625 0.0203125
5 0.5703125 0.096875 0.0296875 0.025
5 0.296875 0.15 0.0265625 0.021875
11 0.784375 0.159375 0.0234375 0.0453125
11 0.2421875 0.1625 0.025 0.0453125
5 0.8375 0.3484375 0.0234375 0.0203125
5 0.08125 0.815625 0.025 0.01875
5 0.225 0.815625 0.028125 0.021875
5 0.240625 0.5765625 0.0265625 0.0234375
11 0.459375 0.36875 0.0265625 0.0453125
5 0.6875 0.3453125 0.025 0.021875
5 0.084375 0.75 0.0328125 0.0265625
5 0.078125 0.578125 0.028125 0.0203125