0 0.0546875 0.19375 0.0359375 0.046875
11 0.31875 0.546875 0.0296875 0.0515625
5 0.675 0.76875 0.0265625 0.0203125
11 0.215625 0.096875 0.0234375 0.04375
2 0.36875 0.346875 0.0203125 0.0359375
11 0.475 0.55 0.03125 0.0578125
11 0.3046875 0.103125 0.0234375 0.046875
11 0.846875 0.53125 0.0234375 0.046875
8 0.8859375 0.540625 0.028125 0.046875
8 0.334375 0.753125 0.025 0.05
11 0.053125 0.546875 0.0296875 0.053125
5 0.8109375 0.615625 0.0265625 0.0203125
14 0.05625 0.1 0.0328125 0.078125
8 0.11875 0.1015625 0.0234375 0.046875
11 0.759375 0.096875 0.0234375 0.0421875
11 0.846875 0.103125 0.0234375 0.046875
8 0.528125 0.61875 0.028125 0.0484375
11 0.1625 0.97734375 0.025 0.0453125
11 0.4328125 0.321875 0.0265625 0.046875
11 0.8125 0.096875 0.0234375 0.04375
11 0.90625 0.975 0.028125 0.0484375
11 0.5375 0.3296875 0.0234375 0.046875
11 0.403125 0.759375 0.025 0.046875
11 0.7203125 0.1078125 0.0234375 0.05
11 0.8125 0.5265625 0.0234375 0.0453125
8 0.5921875 0.7625 0.028125 0.046875
11 0.215625 0.5359375 0.0265625 0.046875
8 0.6625 0.1 0.0234375 0.046875
11 0.721875 0.534375 0.0234375 0.046875
7 0.665625 0.61875 0.028125 0.04375
11 0.1546875 0.5375 0.0265625 0.0453125
8 0.6609375 0.328125 0.025 0.046875
11 0.178125 0.1046875 0.025 0.05
11 0.5484375 0.753125 0.0234375 0.0484375
5 0.675 0.83125 0.0265625 0.0203125
11 0.490625 0.325 0.0234375 0.046875
8 0.3125 0.328125 0.0265625 0.046875
7 0.3140625 0.415625 0.0359375 0.05
7 0.3375 0.840625 0.03125 0.0453125
8 0.5875 0.628125 0.0265625 0.0484375
8 0.6640625 0.53125 0.0234375 0.046875
11 0.5046875 0.75 0.0234375 0.0484375
11 0.7609375 0.528125 0.0234375 0.04375
8 0.09375 0.546875 0.028125 0.046875
8 0.3734375 0.978125 0.025 0.0421875
11 0.21875 0.9765625 0.025 0.046875
8 0.8859375 0.109375 0.025 0.046875
8 0.575 0.3375 0.028125 0.0453125
11 0.446875 0.7484375 0.025 0.046875
7 0.1203125 0.190625 0.028125 0.04375
7 0.6640625 0.190625 0.0296875 0.04375
11 0.3875 0.3328125 0.025 0.046875
8 0.80625 0.3359375 0.025 0.0453125
5 0.809375 0.3875 0.0234375 0.0171875
5 0.2125 0.615625 0.0265625 0.0203125
11 0.2703125 0.096875 0.0234375 0.0453125
5 0.1796875 0.340625 0.0265625 0.0203125
8 0.725 0.334375 0.028125 0.046875
8 0.878125 0.3328125 0.028125 0.046875
8 0.25625 0.540625 0.028125 0.0484375
12 0.434375 0.525 0.0234375 0.0359375
5 0.8109375 0.184375 0.025 0.021875
5 0.54375 0.2015625 0.025 0.01875
8 0.3421875 0.109375 0.028125 0.046875
5 0.503125 0.8390625 0.0234375 0.021875
8 0.590625 0.534375 0.025 0.05
5 0.421875 0.134375 0.028125 0.0203125
5 0.81875 0.7734375 0.0265625 0.021875
5 0.659375 0.384375 0.0234375 0.0203125
8 0.3734375 0.5484375 0.03125 0.0546875
5 0.421875 0.2015625 0.0234375 0.0171875
5 0.54375 0.1328125 0.03125 0.028125
8 0.5296875 0.5390625 0.0265625 0.0484375
11 0.44375 0.853125 0.025 0.046875
5 0.49375 0.396875 0.0234375 0.021875
5 0.3765625 0.628125 0.0234375 0.0203125
11 0.759375 0.634375 0.0234375 0.046875
5 0.05 0.3375 0.025 0.021875
5 0.053125 0.8515625 0.0265625 0.0203125
5 0.81875 0.834375 0.025 0.0203125
5 0.19375 0.8515625 0.0265625 0.0203125
5 0.1921875 0.7875 0.0296875 0.0265625
11 0.43125 0.4125 0.0265625 0.0453125
5 0.26875 0.1859375 0.0234375 0.01875
5 0.1796875 0.3875 0.025 0.01875
11 0.2140625 0.203125 0.021875 0.0453125
11 0.7578125 0.2 0.0234375 0.0453125
5 0.053125 0.7875 0.0296875 0.021875
5 0.0484375 0.384375 0.028125 0.025
5 0.0484375 0.615625 0.03125 0.034375