0 0.090625 0.034375 0.034375 0.046875
11 0.3546875 0.3875 0.0296875 0.0515625
11 0.090625 0.3875 0.03125 0.053125
5 0.303125 0.025 0.025 0.021875
5 0.21875 0.18125 0.0265625 0.021875
0 0.04375 0.896875 0.0375 0.046875
5 0.54375 0.678125 0.025 0.0203125
14 0.04375 0.3671875 0.0359375 0.0765625
5 0.846875 0.45625 0.025 0.021875
0 0.04375 0.240625 0.0375 0.046875
14 0.04375 0.8125 0.0359375 0.0765625
5 0.7125 0.6078125 0.025 0.0203125
11 0.6875 0.83125 0.028125 0.0515625
11 0.509375 0.390625 0.0296875 0.05625
14 0.0453125 0.165625 0.0375 0.078125
0 0.04375 0.6875 0.0390625 0.0484375
11 0.484375 0.590625 0.025 0.04375
11 0.253125 0.3765625 0.025 0.0453125
14 0.04375 0.590625 0.0375 0.0765625
5 0.846875 0.025 0.0265625 0.0234375
11 0.29375 0.821875 0.0234375 0.0484375
11 0.8875 0.36875 0.021875 0.046875
11 0.94375 0.81875 0.0265625 0.046875
11 0.46875 0.1625 0.0265625 0.046875
8 0.090625 0.8265625 0.0265625 0.05
8 0.565625 0.459375 0.025 0.05
0 0.04375 0.4640625 0.0375 0.046875
2 0.403125 0.1859375 0.01875 0.0328125
11 0.790625 0.821875 0.025 0.04375
11 0.440625 0.5984375 0.025 0.046875
11 0.8484375 0.36875 0.0234375 0.046875
11 0.584375 0.59375 0.0234375 0.046875
11 0.7609375 0.375 0.0234375 0.046875
11 0.2 0.8171875 0.025 0.046875
11 0.54375 0.590625 0.0234375 0.0453125
11 0.2 0.375 0.025 0.046875
7 0.35 0.25625 0.03125 0.046875
8 0.621875 0.46875 0.0265625 0.046875
11 0.1578125 0.825 0.0234375 0.046875
11 0.796875 0.36875 0.0234375 0.046875
8 0.628125 0.6046875 0.028125 0.0484375
2 0.1390625 0.840625 0.0171875 0.0328125
11 0.571875 0.16875 0.0234375 0.0484375
11 0.846875 0.8234375 0.025 0.046875
5 0.40625 0.8828125 0.0234375 0.01875
11 0.253125 0.815625 0.025 0.046875
11 0.425 0.171875 0.0265625 0.046875
8 0.915625 0.171875 0.0296875 0.046875
5 0.853125 0.6125 0.0234375 0.0203125
8 0.371875 0.59375 0.028125 0.053125
11 0.5328125 0.1625 0.025 0.0453125
5 0.578125 0.0421875 0.025 0.0203125
8 0.1296875 0.3875 0.028125 0.046875
8 0.884375 0.828125 0.028125 0.046875
5 0.2578125 0.8953125 0.0265625 0.0234375
5 0.0890625 0.1765625 0.028125 0.021875
8 0.4078125 0.821875 0.0234375 0.046875
12 0.46875 0.365625 0.0234375 0.0390625
5 0.84375 0.228125 0.0234375 0.0203125
5 0.45625 0.0421875 0.025 0.0203125
8 0.703125 0.371875 0.0234375 0.0453125
7 0.159375 0.0296875 0.03125 0.046875
8 0.7 0.16875 0.025 0.0484375
7 0.375 0.684375 0.03125 0.0453125
7 0.090625 0.9125 0.0375 0.05
7 0.703125 0.4625 0.034375 0.05
8 0.625 0.375 0.0265625 0.046875
8 0.415625 0.3875 0.0296875 0.05625
8 0.6109375 0.18125 0.0296875 0.046875
5 0.8546875 0.675 0.025 0.0203125
11 0.79375 0.46875 0.025 0.046875
5 0.53125 0.2375 0.0234375 0.021875
8 0.290625 0.38125 0.0265625 0.046875
8 0.725 0.83125 0.0265625 0.046875
5 0.7140625 0.671875 0.025 0.021875
8 0.85 0.18125 0.0265625 0.0453125
8 0.465625 0.828125 0.028125 0.0484375
5 0.4125 0.4703125 0.0234375 0.021875
5 0.2515625 0.45625 0.028125 0.0234375
8 0.7640625 0.175 0.028125 0.0484375
5 0.684375 0.890625 0.0234375 0.0203125
11 0.484375 0.69375 0.025 0.0484375
8 0.3328125 0.834375 0.025 0.05
8 0.925 0.38125 0.028125 0.046875
5 0.696875 0.225 0.0234375 0.0171875
8 0.546875 0.83125 0.0265625 0.046875
11 0.1953125 0.9078125 0.028125 0.05
7 0.703125 0.03125 0.03125 0.046875
11 0.7921875 0.0375 0.0265625 0.046875
11 0.25 0.0390625 0.0265625 0.046875
8 0.5640625 0.38125 0.0265625 0.046875
5 0.84375 0.890625 0.0265625 0.021875
5 0.21875 0.2296875 0.025 0.021875
5 0.23125 0.628125 0.03125 0.0203125
8 0.35 0.16875 0.0265625 0.0484375
5 0.546875 0.8859375 0.0234375 0.0203125
8 0.60625 0.828125 0.028125 0.0484375
11 0.46875 0.25 0.0265625 0.046875
5 0.23125 0.6953125 0.0265625 0.0203125
5 0.0890625 0.225 0.025 0.01875
5 0.0875 0.6296875 0.028125 0.0234375
5 0.090625 0.6921875 0.03125 0.0203125
5 0.090625 0.4578125 0.0296875 0.021875