0 0.028125 0.8359375 0.0375 0.0453125
14 0.0296875 0.740625 0.0390625 0.078125
14 0.0296875 0.515625 0.0390625 0.0765625
0 0.075 0.18125 0.0359375 0.0453125
11 0.340625 0.5375 0.03125 0.0515625
0 0.028125 0.6125 0.0359375 0.0453125
5 0.6984375 0.7578125 0.025 0.021875
0 0.028125 0.390625 0.0375 0.0453125
8 0.071875 0.971875 0.0265625 0.0484375
14 0.028125 0.9625 0.0359375 0.075
5 0.83125 0.60625 0.025 0.0203125
8 0.334375 0.3171875 0.025 0.046875
11 0.071875 0.5375 0.0296875 0.0515625
11 0.93125 0.96875 0.0265625 0.0484375
5 0.203125 0.33125 0.0265625 0.0203125
11 0.2375 0.084375 0.025 0.04375
8 0.68125 0.090625 0.025 0.0484375
11 0.78125 0.515625 0.0234375 0.04375
11 0.4953125 0.5390625 0.03125 0.05625
14 0.028125 0.3125 0.0375 0.078125
11 0.7765625 0.96875 0.0265625 0.046875
11 0.234375 0.525 0.025 0.0453125
11 0.18125 0.9671875 0.025 0.046875
11 0.328125 0.0875 0.0234375 0.0484375
11 0.871875 0.0875 0.0234375 0.0484375
8 0.55 0.60625 0.0265625 0.04375
11 0.1421875 0.975 0.025 0.0484375
11 0.1984375 0.09375 0.025 0.05
11 0.83125 0.9734375 0.025 0.046875
14 0.075 0.084375 0.034375 0.0765625
8 0.365625 0.1 0.0265625 0.0453125
8 0.14375 0.090625 0.0234375 0.0484375
11 0.7796875 0.0875 0.0234375 0.0453125
8 0.6125 0.753125 0.028125 0.05
11 0.56875 0.74375 0.0234375 0.046875
11 0.55625 0.315625 0.025 0.05
11 0.871875 0.51875 0.021875 0.046875
8 0.86875 0.975 0.0265625 0.046875
11 0.834375 0.515625 0.0234375 0.046875
11 0.453125 0.3125 0.0265625 0.046875
11 0.278125 0.9703125 0.0234375 0.0484375
8 0.35625 0.740625 0.025 0.046875
11 0.746875 0.528125 0.0234375 0.046875
8 0.53125 0.978125 0.028125 0.04375
8 0.115625 0.53125 0.0265625 0.0453125
8 0.684375 0.521875 0.0234375 0.0453125
8 0.39375 0.971875 0.025 0.046875
11 0.240625 0.965625 0.025 0.046875
8 0.90625 0.1 0.0265625 0.0453125
7 0.684375 0.178125 0.03125 0.0484375
11 0.290625 0.0875 0.0234375 0.046875
11 0.1828125 0.525 0.025 0.046875
11 0.46875 0.74375 0.025 0.04375
8 0.609375 0.615625 0.025 0.046875
11 0.7453125 0.096875 0.0234375 0.046875
11 0.515625 0.3125 0.025 0.046875
2 0.3875 0.334375 0.01875 0.03125
11 0.4109375 0.321875 0.0265625 0.0484375
8 0.60625 0.525 0.025 0.0484375
8 0.90625 0.53125 0.0265625 0.046875
11 0.8328125 0.0875 0.0234375 0.0453125
5 0.4421875 0.1875 0.025 0.01875
11 0.428125 0.746875 0.0265625 0.0484375
11 0.528125 0.7359375 0.025 0.046875
12 0.453125 0.5125 0.021875 0.0375
5 0.8390625 0.7625 0.025 0.021875
7 0.3578125 0.83125 0.03125 0.0453125
8 0.31875 0.978125 0.025 0.0421875
7 0.3359375 0.40625 0.0328125 0.046875
7 0.6875 0.609375 0.028125 0.04375
7 0.140625 0.175 0.0265625 0.04375
8 0.896875 0.321875 0.03125 0.046875
8 0.7484375 0.321875 0.03125 0.05
5 0.528125 0.828125 0.0265625 0.0203125
5 0.0703125 0.371875 0.025 0.0171875
5 0.071875 0.3265625 0.0265625 0.021875
8 0.83125 0.325 0.028125 0.046875
8 0.6 0.325 0.03125 0.046875
5 0.5125 0.3859375 0.0234375 0.021875
8 0.2765625 0.53125 0.0265625 0.046875
5 0.396875 0.61875 0.0234375 0.0203125
8 0.7125 0.978125 0.0265625 0.04375
5 0.5625 0.1234375 0.028125 0.025
8 0.453125 0.975 0.0265625 0.0453125
8 0.3984375 0.5390625 0.0296875 0.0515625
5 0.2875 0.175 0.0234375 0.021875
11 0.465625 0.8453125 0.0234375 0.046875
11 0.778125 0.621875 0.0234375 0.046875
5 0.8296875 0.378125 0.025 0.021875
5 0.83125 0.175 0.025 0.021875
5 0.840625 0.825 0.0234375 0.0203125
8 0.68125 0.3171875 0.0265625 0.046875
5 0.2328125 0.60625 0.0265625 0.0234375
2 0.1203125 0.9859375 0.01875 0.028125
5 0.215625 0.778125 0.03125 0.021875
8 0.5921875 0.975 0.0265625 0.0484375
5 0.44375 0.125 0.028125 0.0203125
8 0.55 0.528125 0.028125 0.046875
5 0.5625 0.1875 0.0234375 0.0203125
5 0.2171875 0.840625 0.0265625 0.0203125
11 0.234375 0.1890625 0.0234375 0.0453125
5 0.203125 0.378125 0.025 0.0203125
8 0.4515625 0.403125 0.0265625 0.0453125
5 0.071875 0.603125 0.0265625 0.028125
5 0.678125 0.375 0.025 0.0203125
5 0.0734375 0.840625 0.028125 0.0203125
5 0.6984375 0.8203125 0.025 0.021875
8 0.778125 0.190625 0.0234375 0.0421875
5 0.075 0.778125 0.0296875 0.0203125