0 0.059375 0.934375 0.0375 0.0453125
11 0.10625 0.425 0.0296875 0.0515625
2 0.153125 0.8796875 0.01875 0.0359375
0 0.10625 0.06875 0.034375 0.0453125
14 0.05625 0.40625 0.0390625 0.078125
0 0.05625 0.496875 0.034375 0.046875
0 0.059375 0.7234375 0.0375 0.046875
14 0.0609375 0.85 0.0359375 0.0765625
11 0.528125 0.428125 0.03125 0.05625
14 0.05625 0.625 0.0390625 0.078125
11 0.3734375 0.425 0.0296875 0.053125
11 0.9625 0.853125 0.025 0.0453125
0 0.0609375 0.278125 0.0359375 0.0453125
5 0.8640625 0.4953125 0.0265625 0.0203125
11 0.703125 0.86875 0.028125 0.053125
14 0.05625 0.2 0.0375 0.0765625
11 0.8125 0.403125 0.0234375 0.04375
11 0.171875 0.8640625 0.025 0.0484375
11 0.8640625 0.859375 0.025 0.0453125
5 0.871875 0.65 0.025 0.021875
7 0.71875 0.065625 0.03125 0.04375
11 0.9 0.40625 0.021875 0.046875
11 0.2140625 0.853125 0.025 0.046875
11 0.4859375 0.2 0.0265625 0.046875
11 0.8046875 0.859375 0.0265625 0.0453125
11 0.2125 0.4125 0.0265625 0.0453125
8 0.1046875 0.859375 0.0265625 0.046875
5 0.728125 0.6453125 0.0234375 0.0203125
8 0.628125 0.2109375 0.028125 0.046875
11 0.3125 0.85625 0.0234375 0.0484375
8 0.3890625 0.6328125 0.025 0.0484375
8 0.5796875 0.49375 0.025 0.04375
11 0.590625 0.20625 0.025 0.0484375
11 0.6015625 0.63125 0.0234375 0.0484375
11 0.8671875 0.4015625 0.025 0.046875
5 0.271875 0.93125 0.0234375 0.021875
8 0.365625 0.20625 0.025 0.0484375
8 0.6421875 0.5 0.025 0.046875
8 0.7140625 0.20625 0.0265625 0.046875
11 0.2734375 0.85 0.0234375 0.046875
5 0.2328125 0.21875 0.0265625 0.0203125
11 0.45625 0.634375 0.025 0.0484375
8 0.7125 0.409375 0.0234375 0.046875
11 0.559375 0.625 0.0234375 0.046875
11 0.440625 0.2109375 0.025 0.0484375
8 0.8609375 0.2125 0.0296875 0.0453125
11 0.5 0.628125 0.025 0.04375
12 0.4875 0.4 0.021875 0.034375
7 0.3921875 0.71875 0.03125 0.04375
11 0.26875 0.4125 0.0234375 0.046875
5 0.8640625 0.0625 0.0265625 0.021875
11 0.546875 0.2 0.0234375 0.046875
11 0.775 0.4125 0.0234375 0.05
8 0.740625 0.865625 0.028125 0.05
7 0.71875 0.496875 0.03125 0.05
7 0.10625 0.946875 0.03125 0.046875
7 0.36875 0.2921875 0.0328125 0.0546875
8 0.621875 0.8609375 0.028125 0.0484375
5 0.265625 0.49375 0.0265625 0.0234375
5 0.55625 0.715625 0.025 0.0203125
8 0.928125 0.209375 0.028125 0.046875
8 0.9 0.859375 0.028125 0.0484375
8 0.64375 0.4125 0.025 0.046875
7 0.175 0.0640625 0.03125 0.04375
11 0.146875 0.4203125 0.028125 0.046875
8 0.646875 0.640625 0.028125 0.0484375
5 0.321875 0.0625 0.0265625 0.021875
8 0.578125 0.41875 0.025 0.046875
8 0.5625 0.8671875 0.0265625 0.046875
8 0.9390625 0.4171875 0.0296875 0.0484375
11 0.8078125 0.509375 0.0234375 0.0546875
8 0.43125 0.425 0.028125 0.0515625
8 0.346875 0.8671875 0.028125 0.0484375
5 0.4296875 0.50625 0.0265625 0.021875
8 0.778125 0.209375 0.028125 0.05
8 0.3046875 0.41875 0.0265625 0.046875
5 0.25 0.728125 0.0265625 0.0203125
8 0.484375 0.8625 0.028125 0.0484375
5 0.871875 0.7125 0.025 0.0203125
2 0.421875 0.221875 0.0203125 0.0359375
5 0.859375 0.265625 0.025 0.021875
5 0.425 0.91875 0.025 0.01875
5 0.471875 0.0109375 0.0296875 0.021875
5 0.728125 0.709375 0.0265625 0.021875
5 0.8625 0.928125 0.0265625 0.0234375
5 0.546875 0.275 0.0234375 0.021875
5 0.103125 0.2609375 0.0203125 0.021875
5 0.103125 0.215625 0.025 0.021875
11 0.496875 0.728125 0.025 0.0484375
5 0.7125 0.2640625 0.025 0.0171875
8 0.4265625 0.85625 0.0265625 0.0484375
11 0.2140625 0.9453125 0.028125 0.05
5 0.559375 0.925 0.025 0.0203125
5 0.2328125 0.265625 0.025 0.0203125
5 0.471875 0.075 0.025 0.01875
11 0.26875 0.0765625 0.025 0.0453125
5 0.596875 0.0125 0.028125 0.0234375
5 0.10625 0.728125 0.0265625 0.0203125
5 0.7015625 0.928125 0.025 0.0203125
5 0.596875 0.075 0.025 0.0203125
11 0.8109375 0.075 0.025 0.046875
5 0.246875 0.665625 0.03125 0.0234375
11 0.484375 0.2859375 0.025 0.04375
5 0.1046875 0.49375 0.021875 0.0265625
5 0.10625 0.665625 0.0328125 0.025