0 0.0875 0.7265625 0.0375 0.046875
14 0.0875 0.853125 0.0359375 0.0765625
0 0.0875 0.928125 0.0390625 0.0453125
11 0.1359375 0.215625 0.03125 0.053125
14 0.0875 0.640625 0.0390625 0.078125
0 0.0875 0.515625 0.0390625 0.046875
0 0.090625 0.296875 0.0375 0.046875
11 0.728125 0.6609375 0.028125 0.05
14 0.090625 0.1984375 0.0375 0.0765625
14 0.0875 0.421875 0.0390625 0.0765625
2 0.1796875 0.6703125 0.01875 0.034375
11 0.9875 0.6453125 0.025 0.0484375
11 0.4 0.2171875 0.0296875 0.053125
11 0.840625 0.1953125 0.0234375 0.04375
0 0.0875 0.06875 0.0375 0.046875
9 0.7375 0.846875 0.0328125 0.021875
11 0.4859375 0.428125 0.025 0.0484375
8 0.3640625 0.8421875 0.025 0.04375
11 0.3 0.6453125 0.025 0.046875
8 0.95625 0.8421875 0.0265625 0.0453125
11 0.23125 0.8546875 0.028125 0.0484375
11 0.5875 0.41875 0.0234375 0.0453125
11 0.93125 0.1984375 0.0234375 0.0453125
8 0.2953125 0.853125 0.025 0.046875
11 0.240625 0.6453125 0.025 0.04375
11 0.2390625 0.203125 0.0265625 0.0453125
11 0.8015625 0.2046875 0.025 0.0484375
7 0.746875 0.290625 0.028125 0.04375
11 0.528125 0.41875 0.0234375 0.0453125
8 0.66875 0.29375 0.0265625 0.046875
8 0.41875 0.421875 0.025 0.05
8 0.45625 0.215625 0.0296875 0.05625
5 0.8984375 0.440625 0.025 0.0203125
11 0.3375 0.65 0.0234375 0.05
5 0.45 0.859375 0.025 0.0203125
8 0.671875 0.4328125 0.0296875 0.0453125
11 0.628125 0.425 0.0234375 0.0484375
5 0.7578125 0.4375 0.0234375 0.01875
11 0.29375 0.203125 0.025 0.0453125
7 0.4171875 0.5140625 0.03125 0.0453125
11 0.8390625 0.65 0.025 0.0453125
11 0.890625 0.65 0.025 0.046875
7 0.3953125 0.084375 0.03125 0.046875
8 0.890625 0.85625 0.025 0.046875
11 0.828125 0.85625 0.0265625 0.0484375
11 0.553125 0.2171875 0.03125 0.05625
8 0.6703125 0.20625 0.0234375 0.046875
5 0.896875 0.503125 0.0265625 0.021875
8 0.175 0.2109375 0.028125 0.046875
8 0.609375 0.2875 0.0234375 0.04375
8 0.746875 0.2015625 0.0234375 0.046875
8 0.13125 0.65 0.025 0.046875
12 0.5125 0.19375 0.0234375 0.0375
5 0.8875 0.71875 0.0265625 0.021875
5 0.59375 0.859375 0.0265625 0.021875
11 0.89375 0.1984375 0.021875 0.0453125
11 0.2015625 0.6546875 0.025 0.0484375
7 0.13125 0.74375 0.0328125 0.046875
8 0.515625 0.65625 0.028125 0.046875
5 0.571875 0.065625 0.028125 0.0203125
8 0.7703125 0.6609375 0.028125 0.0484375
8 0.96875 0.209375 0.028125 0.0453125
5 0.8875 0.9328125 0.0265625 0.0203125
8 0.653125 0.65625 0.028125 0.0484375
5 0.2765625 0.4578125 0.0296875 0.021875
5 0.7328125 0.934375 0.025 0.021875
7 0.134375 0.859375 0.034375 0.0484375
5 0.2625 0.0578125 0.025 0.0203125
8 0.453125 0.65 0.025 0.0484375
5 0.453125 0.7125 0.025 0.0203125
5 0.2765625 0.521875 0.028125 0.0234375
5 0.5890625 0.715625 0.0234375 0.0203125
5 0.59375 0.915625 0.025 0.021875
8 0.3765625 0.659375 0.0265625 0.0484375
5 0.45625 0.2984375 0.0234375 0.01875
8 0.60625 0.209375 0.0265625 0.046875
5 0.759375 0.5 0.025 0.0171875
11 0.8375 0.3 0.025 0.046875
5 0.890625 0.2859375 0.025 0.0203125
8 0.5875 0.659375 0.0265625 0.046875
5 0.5828125 0.509375 0.028125 0.0234375
5 0.296875 0.725 0.0265625 0.0203125
8 0.928125 0.6546875 0.028125 0.046875
11 0.525 0.525 0.0234375 0.0453125
8 0.3375 0.209375 0.0265625 0.046875
5 0.26171875 0.009375 0.0265625 0.01875
5 0.8890625 0.0578125 0.0234375 0.0203125
2 0.45 0.015625 0.021875 0.0296875
5 0.13125 0.0078125 0.0265625 0.015625
5 0.4484375 0.915625 0.0265625 0.021875
5 0.29375 0.2859375 0.0265625 0.021875
5 0.29375 0.934375 0.028125 0.025
5 0.7375 0.053125 0.025 0.0203125
11 0.2390625 0.7375 0.0265625 0.046875
5 0.13125 0.053125 0.0265625 0.0203125
5 0.728125 0.7203125 0.025 0.0234375
11 0.5125 0.078125 0.028125 0.0453125
5 0.134375 0.284375 0.021875 0.0203125
5 0.1375 0.4578125 0.0328125 0.028125
5 0.1328125 0.525 0.028125 0.0203125
5 0.13125 0.93125 0.0296875 0.0234375