2 0.1015625 0.925 0.01875 0.034375
0 0.05625 0.115625 0.0359375 0.0453125
8 0.11875 0.021875 0.0234375 0.04375
11 0.053125 0.4703125 0.03125 0.0515625
5 0.8125 0.109375 0.028125 0.0234375
11 0.65 0.915625 0.028125 0.053125
5 0.821875 0.7578125 0.0234375 0.021875
11 0.9125 0.896875 0.0265625 0.0453125
11 0.446875 0.6703125 0.025 0.04375
11 0.215625 0.45625 0.025 0.046875
11 0.30625 0.021875 0.0234375 0.04375
8 0.53125 0.540625 0.0234375 0.04375
11 0.4765625 0.471875 0.0296875 0.05625
5 0.2703125 0.109375 0.025 0.021875
11 0.846875 0.021875 0.0234375 0.04375
8 0.6640625 0.021875 0.025 0.0421875
5 0.675 0.690625 0.0234375 0.0203125
11 0.81484375 0.01875 0.0234375 0.0375
11 0.434375 0.246875 0.0265625 0.0453125
11 0.7625 0.446875 0.0234375 0.0453125
11 0.85 0.453125 0.0234375 0.0484375
8 0.8875 0.03125 0.0265625 0.046875
11 0.11875 0.9078125 0.0265625 0.05
11 0.403125 0.6828125 0.025 0.0484375
11 0.321875 0.46875 0.0296875 0.0546875
11 0.8125 0.903125 0.025 0.046875
11 0.7234375 0.4578125 0.0234375 0.0484375
11 0.178125 0.028125 0.025 0.046875
11 0.721875 0.028125 0.0234375 0.0484375
11 0.215625 0.01875 0.0234375 0.0375
11 0.259375 0.903125 0.0234375 0.05
11 0.75625 0.903125 0.025 0.046875
11 0.159375 0.896875 0.025 0.0453125
11 0.5375 0.2515625 0.025 0.0484375
11 0.15625 0.45625 0.025 0.0453125
8 0.3359375 0.678125 0.025 0.0484375
8 0.6921875 0.9109375 0.028125 0.046875
5 0.8125 0.540625 0.0265625 0.0203125
12 0.4359375 0.4453125 0.0234375 0.0375
8 0.315625 0.246875 0.0265625 0.05
8 0.0953125 0.465625 0.028125 0.0484375
11 0.50625 0.6703125 0.0234375 0.046875
11 0.496875 0.24375 0.0234375 0.046875
11 0.815625 0.446875 0.025 0.046875
5 0.21875 0.978125 0.025 0.0234375
8 0.053125 0.90625 0.028125 0.0484375
8 0.8125 0.259375 0.028125 0.0453125
7 0.3171875 0.3375 0.03125 0.0484375
8 0.590625 0.55 0.0265625 0.0484375
5 0.8203125 0.6953125 0.025 0.021875
8 0.6625 0.246875 0.025 0.0484375
8 0.665625 0.4515625 0.0234375 0.0484375
7 0.3390625 0.7640625 0.03125 0.04375
5 0.659375 0.3046875 0.0234375 0.0203125
11 0.55 0.675 0.0234375 0.0484375
11 0.221875 0.896875 0.0234375 0.0484375
11 0.76015625 0.01875 0.0234375 0.0375
11 0.3875 0.25625 0.0265625 0.05
5 0.509375 0.9703125 0.0234375 0.0203125
5 0.0515625 0.3046875 0.0296875 0.01875
5 0.053125 0.2609375 0.025 0.0203125
2 0.36875 0.2703125 0.0203125 0.034375
7 0.66875 0.54375 0.028125 0.04375
8 0.375 0.46875 0.0296875 0.05625
8 0.5921875 0.684375 0.028125 0.046875
8 0.34375 0.03125 0.0265625 0.046875
7 0.121875 0.1125 0.028125 0.04375
11 0.26875 0.021875 0.0234375 0.0421875
8 0.846875 0.90625 0.0265625 0.046875
5 0.4953125 0.321875 0.021875 0.0203125
7 0.665625 0.1125 0.028125 0.04375
5 0.4234375 0.059375 0.0265625 0.0203125
5 0.18125 0.265625 0.025 0.021875
8 0.2953125 0.9125 0.025 0.0484375
8 0.5765625 0.259375 0.028125 0.046875
8 0.375 0.9015625 0.0265625 0.0484375
8 0.8875 0.459375 0.028125 0.0453125
5 0.378125 0.553125 0.025 0.0203125
8 0.509375 0.9109375 0.0265625 0.0453125
5 0.675 0.753125 0.025 0.01875
8 0.53125 0.4625 0.028125 0.046875
8 0.878125 0.253125 0.028125 0.0484375
8 0.725 0.25625 0.028125 0.0484375
11 0.446875 0.775 0.025 0.046875
5 0.3734375 0.965625 0.025 0.01875
8 0.4328125 0.90625 0.0296875 0.0484375
5 0.8109375 0.309375 0.0234375 0.0203125
8 0.5875 0.45625 0.025 0.0484375
5 0.4234375 0.121875 0.025 0.0203125
5 0.6515625 0.975 0.0265625 0.0203125
8 0.25625 0.4625 0.028125 0.0453125
5 0.2140625 0.5390625 0.025 0.0203125
5 0.8109375 0.975 0.0265625 0.021875
8 0.571875 0.90625 0.0296875 0.05
11 0.215625 0.121875 0.021875 0.0453125
5 0.50625 0.7625 0.025 0.0203125
11 0.759375 0.553125 0.025 0.046875
5 0.053125 0.775 0.028125 0.0203125
5 0.18125 0.309375 0.025 0.0203125
5 0.19375 0.709375 0.03125 0.028125
11 0.759375 0.121875 0.0234375 0.0453125
5 0.54375 0.05625 0.028125 0.021875
5 0.19375 0.775 0.0265625 0.0203125
5 0.54375 0.121875 0.028125 0.021875
11 0.4328125 0.33125 0.025 0.0453125
5 0.0546875 0.7125 0.0296875 0.021875
5 0.053125 0.5375 0.03125 0.025