0 0.096875 0.2796875 0.034375 0.046875
5 0.715625 0.8515625 0.0234375 0.0203125
11 0.5125 0.6359375 0.03125 0.0578125
14 0.046875 0.6109375 0.0359375 0.075
11 0.8 0.18125 0.025 0.0453125
8 0.1609375 0.184375 0.0234375 0.046875
11 0.471875 0.409375 0.0265625 0.0453125
11 0.2578125 0.1796875 0.025 0.0453125
11 0.4875 0.8359375 0.025 0.0453125
11 0.359375 0.634375 0.0296875 0.053125
14 0.046875 0.8421875 0.0375 0.075
0 0.0484375 0.709375 0.0359375 0.046875
11 0.2 0.61875 0.025 0.04375
11 0.803125 0.6125 0.025 0.046875
11 0.21875 0.19375 0.025 0.0484375
14 0.096875 0.1828125 0.03125 0.0765625
11 0.346875 0.1875 0.0234375 0.046875
8 0.3765625 0.840625 0.025 0.05
11 0.8875 0.184375 0.025 0.0484375
11 0.575 0.415625 0.0265625 0.046875
11 0.25625 0.61875 0.025 0.04375
8 0.703125 0.184375 0.0265625 0.046875
14 0.05 0.40625 0.0359375 0.078125
8 0.7046875 0.615625 0.025 0.046875
11 0.7625 0.19375 0.0234375 0.0484375
5 0.85 0.703125 0.025 0.0203125
0 0.05 0.4875 0.0359375 0.0453125
11 0.44375 0.8453125 0.025 0.0484375
8 0.56875 0.703125 0.025 0.04375
11 0.09375 0.63125 0.0296875 0.0515625
2 0.40625 0.434375 0.0203125 0.034375
11 0.7640625 0.6203125 0.025 0.046875
11 0.590625 0.8390625 0.0234375 0.05
5 0.2203125 0.428125 0.0265625 0.0203125
11 0.8890625 0.615625 0.0234375 0.0484375
5 0.41875 0.715625 0.025 0.0203125
11 0.85 0.1796875 0.025 0.0484375
11 0.5375 0.409375 0.0234375 0.046875
11 0.3078125 0.18125 0.021875 0.0453125
8 0.384375 0.196875 0.028125 0.0484375
12 0.475 0.609375 0.0234375 0.0375
5 0.85625 0.85625 0.025 0.0234375
8 0.6296875 0.846875 0.0265625 0.046875
8 0.3515625 0.415625 0.0265625 0.0484375
7 0.375 0.928125 0.0328125 0.05
8 0.6265625 0.7125 0.025 0.046875
8 0.56875 0.628125 0.0265625 0.046875
7 0.353125 0.496875 0.0328125 0.0484375
11 0.8515625 0.6109375 0.0234375 0.046875
5 0.534375 0.484375 0.0234375 0.021875
5 0.85625 0.921875 0.0234375 0.021875
7 0.7015625 0.271875 0.03125 0.046875
11 0.428125 0.421875 0.0265625 0.046875
5 0.4609375 0.2234375 0.028125 0.021875
0 0.0484375 0.93125 0.0375 0.0453125
8 0.928125 0.196875 0.028125 0.046875
11 0.546875 0.8375 0.025 0.0453125
8 0.615625 0.425 0.028125 0.046875
8 0.628125 0.61875 0.025 0.046875
8 0.4203125 0.6375 0.0296875 0.0546875
7 0.1625 0.275 0.028125 0.0453125
8 0.85 0.421875 0.0296875 0.0453125
8 0.91875 0.4203125 0.0296875 0.046875
7 0.70625 0.7078125 0.0296875 0.0453125
5 0.846875 0.275 0.0265625 0.021875
5 0.30625 0.2734375 0.0234375 0.021875
8 0.1328125 0.6296875 0.0265625 0.0515625
8 0.3 0.628125 0.028125 0.0453125
5 0.58125 0.284375 0.025 0.0203125
11 0.4703125 0.5 0.0265625 0.0453125
5 0.546875 0.9265625 0.025 0.0203125
8 0.703125 0.4125 0.0265625 0.0484375
5 0.459375 0.2875 0.025 0.0203125
8 0.928125 0.625 0.028125 0.046875
5 0.090625 0.471875 0.0265625 0.025
5 0.090625 0.425 0.0265625 0.021875
8 0.765625 0.4171875 0.028125 0.0484375
5 0.253125 0.703125 0.0265625 0.0234375
11 0.25625 0.2875 0.0234375 0.04375
5 0.234375 0.9390625 0.0265625 0.021875
5 0.221875 0.4765625 0.025 0.01875
5 0.096875 0.703125 0.028125 0.0296875
5 0.234375 0.875 0.0328125 0.028125
11 0.4859375 0.940625 0.025 0.046875
5 0.715625 0.91875 0.025 0.0203125
11 0.796875 0.715625 0.025 0.0484375
5 0.846875 0.4765625 0.0234375 0.0203125
5 0.58125 0.221875 0.0328125 0.0265625
11 0.7953125 0.2875 0.025 0.0453125
5 0.09375 0.875 0.028125 0.0234375
5 0.09375 0.9390625 0.028125 0.0203125
5 0.6984375 0.471875 0.028125 0.0234375