0 0.1078125 0.671875 0.0375 0.046875
0 0.1078125 0.871875 0.0375 0.046875
5 0.465625 0.80625 0.025 0.0203125
11 0.41875 0.159375 0.0296875 0.0515625
0 0.1078125 0.459375 0.0390625 0.046875
11 0.56875 0.1625 0.03125 0.05625
11 0.7484375 0.6046875 0.0296875 0.053125
5 0.775 0.38125 0.025 0.0203125
11 0.21875 0.5984375 0.025 0.046875
8 0.625 0.23125 0.025 0.0453125
14 0.10625 0.14375 0.0375 0.0765625
0 0.10625 0.2359375 0.0390625 0.046875
14 0.10625 0.5875 0.0359375 0.075
11 0.3140625 0.1484375 0.025 0.0453125
14 0.10625 0.3609375 0.0375 0.075
8 0.434375 0.365625 0.025 0.0484375
8 0.190625 0.159375 0.0265625 0.046875
8 0.9859375 0.153125 0.028125 0.0484375
5 0.609375 0.80625 0.028125 0.021875
11 0.153125 0.1609375 0.0296875 0.0515625
11 0.821875 0.146875 0.025 0.046875
11 0.353125 0.5953125 0.0234375 0.0484375
11 0.85625 0.140625 0.0234375 0.0453125
11 0.946875 0.14375 0.021875 0.046875
11 0.253125 0.14375 0.025 0.0453125
14 0.10625 0.796875 0.0359375 0.075
12 0.53125 0.1375 0.0203125 0.0359375
11 0.31875 0.590625 0.0234375 0.046875
11 0.2609375 0.5890625 0.025 0.046875
8 0.3796875 0.7875 0.0265625 0.046875
8 0.7625 0.140625 0.0234375 0.046875
11 0.84375 0.8 0.0265625 0.0484375
5 0.753125 0.8765625 0.0234375 0.0171875
5 0.31875 0.66875 0.025 0.021875
11 0.503125 0.371875 0.025 0.046875
11 0.909375 0.140625 0.0234375 0.0453125
11 0.546875 0.3609375 0.0234375 0.046875
8 0.315625 0.79375 0.0265625 0.0453125
5 0.9078125 0.2296875 0.025 0.0203125
11 0.85 0.59375 0.025 0.0453125
8 0.690625 0.375 0.028125 0.0453125
11 0.603125 0.3625 0.025 0.046875
7 0.7640625 0.23125 0.028125 0.04375
11 0.25 0.803125 0.028125 0.05
8 0.684375 0.2390625 0.0265625 0.0484375
8 0.9765625 0.790625 0.025 0.04375
8 0.6859375 0.1453125 0.025 0.0484375
11 0.6484375 0.36875 0.0234375 0.05
8 0.9453125 0.6 0.028125 0.046875
7 0.153125 0.6875 0.0328125 0.046875
11 0.90625 0.5953125 0.0234375 0.0453125
5 0.775 0.44375 0.025 0.0203125
5 0.603125 0.4515625 0.0234375 0.021875
5 0.4671875 0.6546875 0.025 0.01875
7 0.4125 0.025 0.03125 0.046875
7 0.153125 0.796875 0.0375 0.05
7 0.434375 0.4546875 0.0296875 0.0453125
8 0.39375 0.603125 0.0265625 0.046875
8 0.625 0.153125 0.0265625 0.0484375
8 0.53125 0.596875 0.028125 0.046875
8 0.9046875 0.79375 0.0234375 0.0453125
8 0.46875 0.5921875 0.025 0.046875
11 0.54375 0.465625 0.025 0.046875
5 0.9171875 0.3859375 0.025 0.021875
2 0.196875 0.6125 0.0171875 0.0328125
5 0.903125 0.878125 0.025 0.0203125
8 0.478125 0.1625 0.03125 0.053125
5 0.471875 0.240625 0.025 0.0203125
8 0.6671875 0.596875 0.028125 0.046875
8 0.15 0.59375 0.025 0.046875
8 0.7875 0.6015625 0.0265625 0.046875
8 0.3515625 0.153125 0.028125 0.0484375
5 0.90625 0.6625 0.0234375 0.0203125
8 0.603125 0.6 0.0265625 0.046875
5 0.9171875 0.4484375 0.025 0.0203125
5 0.3125 0.2296875 0.028125 0.021875
5 0.3140625 0.878125 0.025 0.021875
11 0.8578125 0.240625 0.025 0.046875
9 0.753125 0.790625 0.034375 0.021875
5 0.153125 0.4015625 0.0296875 0.01875
5 0.60625 0.659375 0.0234375 0.0203125
5 0.465625 0.85625 0.025 0.021875
5 0.609375 0.85625 0.025 0.021875
5 0.2921875 0.4640625 0.0265625 0.0203125
5 0.153125 0.4640625 0.0265625 0.0203125
11 0.528125 0.021875 0.028125 0.04375
5 0.74375 0.6625 0.025 0.0203125
11 0.259375 0.6828125 0.025 0.0453125
5 0.590625 0.0109375 0.028125 0.021875
5 0.290625 0.4 0.0296875 0.0265625
5 0.146875 0.2296875 0.0296875 0.025
5 0.146875 0.878125 0.03125 0.021875