14 0.040625 0.565625 0.040625 0.078125
0 0.0375 0.875 0.0359375 0.0453125
0 0.0375 0.6625 0.0375 0.04375
14 0.0390625 0.7890625 0.0375 0.0765625
14 0.0390625 0.34375 0.0390625 0.078125
11 0.0875 0.3625 0.03125 0.053125
11 0.35 0.365625 0.0296875 0.053125
14 0.0390625 0.134375 0.0375 0.078125
0 0.0375 0.440625 0.0375 0.0453125
11 0.940625 0.79375 0.0265625 0.046875
5 0.5375 0.65625 0.0265625 0.0203125
11 0.88125 0.346875 0.0234375 0.046875
5 0.2125 0.15625 0.028125 0.021875
0 0.0390625 0.21875 0.0375 0.046875
11 0.790625 0.340625 0.0234375 0.04375
11 0.48125 0.5625 0.0234375 0.04375
11 0.784375 0.796875 0.0265625 0.04375
8 0.125 0.359375 0.028125 0.046875
5 0.84375 0.434375 0.025 0.0203125
11 0.5796875 0.5703125 0.0234375 0.0484375
11 0.1890625 0.35 0.0265625 0.0453125
11 0.465625 0.1375 0.025 0.046875
8 0.61875 0.44375 0.025 0.046875
11 0.25 0.3484375 0.025 0.0453125
11 0.75625 0.353125 0.0234375 0.046875
8 0.84375 0.15 0.025 0.0453125
11 0.2890625 0.7984375 0.0234375 0.0484375
11 0.5671875 0.14375 0.025 0.0484375
11 0.25 0.79375 0.025 0.0484375
11 0.196875 0.79375 0.025 0.046875
11 0.840625 0.7953125 0.025 0.046875
8 0.365625 0.5671875 0.025 0.046875
5 0.709375 0.58125 0.0234375 0.0203125
2 0.13125 0.81875 0.01875 0.034375
11 0.4375 0.575 0.025 0.0484375
8 0.559375 0.434375 0.025 0.04375
11 0.540625 0.565625 0.0234375 0.0453125
11 0.6796875 0.809375 0.028125 0.0515625
11 0.421875 0.15 0.0265625 0.046875
11 0.153125 0.803125 0.025 0.05
11 0.84375 0.340625 0.0234375 0.046875
8 0.6234375 0.58125 0.0296875 0.046875
8 0.609375 0.153125 0.0296875 0.046875
8 0.9125 0.15 0.0296875 0.0453125
11 0.528125 0.140625 0.0265625 0.0484375
8 0.0859375 0.7953125 0.0265625 0.0484375
8 0.759375 0.14375 0.028125 0.0484375
5 0.85 0.5875 0.025 0.0203125
11 0.50625 0.3640625 0.03125 0.059375
7 0.346875 0.23125 0.034375 0.0484375
7 0.084375 0.8875 0.03125 0.046875
8 0.61875 0.35 0.0234375 0.046875
8 0.696875 0.34375 0.0234375 0.046875
8 0.346875 0.140625 0.0265625 0.0484375
8 0.4625 0.8 0.0296875 0.05
8 0.409375 0.365625 0.028125 0.0515625
5 0.8484375 0.6515625 0.0234375 0.0203125
8 0.690625 0.140625 0.025 0.046875
12 0.4640625 0.3375 0.021875 0.0375
7 0.7 0.434375 0.0296875 0.0453125
2 0.3984375 0.1625 0.01875 0.0296875
11 0.190625 0.88125 0.028125 0.0484375
5 0.25 0.871875 0.025 0.021875
5 0.453125 0.015625 0.0265625 0.0203125
11 0.7890625 0.446875 0.021875 0.046875
5 0.08125 0.2 0.021875 0.021875
5 0.08125 0.153125 0.0265625 0.021875
5 0.571875 0.015625 0.0265625 0.021875
8 0.559375 0.35625 0.0265625 0.046875
5 0.40625 0.446875 0.0234375 0.021875
8 0.54375 0.8046875 0.025 0.0453125
8 0.721875 0.8046875 0.0265625 0.046875
5 0.4015625 0.85625 0.0265625 0.021875
8 0.290625 0.3546875 0.028125 0.046875
8 0.603125 0.8 0.028125 0.046875
5 0.709375 0.6484375 0.025 0.021875
5 0.228125 0.60625 0.03125 0.0234375
8 0.328125 0.80625 0.0265625 0.046875
8 0.403125 0.79375 0.0265625 0.046875
8 0.91875 0.353125 0.0265625 0.0453125
11 0.478125 0.66875 0.025 0.046875
7 0.371875 0.659375 0.0296875 0.04375
5 0.2125 0.20625 0.0265625 0.021875
8 0.8796875 0.8 0.0265625 0.046875
11 0.4625 0.2265625 0.025 0.0453125
5 0.528125 0.2140625 0.0234375 0.021875
5 0.24375 0.434375 0.0265625 0.0234375
5 0.8390625 0.20625 0.025 0.0203125
5 0.2265625 0.66875 0.0265625 0.021875
5 0.8390625 0.865625 0.0265625 0.0234375
5 0.540625 0.8609375 0.0234375 0.0203125
5 0.6921875 0.2015625 0.0234375 0.0171875
5 0.084375 0.60625 0.0296875 0.0203125
5 0.6796875 0.8671875 0.0265625 0.0234375
5 0.0875 0.66875 0.034375 0.0203125
5 0.0828125 0.434375 0.025 0.021875