14 0.090625 0.615625 0.0390625 0.0765625
11 0.4015625 0.4140625 0.0296875 0.0515625
0 0.090625 0.921875 0.0359375 0.0453125
14 0.090625 0.39375 0.0390625 0.0765625
0 0.1375 0.05625 0.0359375 0.0453125
0 0.090625 0.7125 0.0390625 0.0453125
5 0.265625 0.20625 0.0265625 0.0203125
14 0.0953125 0.1875 0.0359375 0.078125
14 0.0953125 0.840625 0.034375 0.0765625
5 0.7609375 0.6296875 0.0234375 0.0203125
0 0.09375 0.4875 0.0375 0.046875
11 0.1375 0.4125 0.03125 0.0515625
11 0.934375 0.39375 0.021875 0.046875
5 0.89375 0.4828125 0.025 0.0203125
11 0.63125 0.61875 0.0234375 0.0484375
8 0.6125 0.4828125 0.025 0.04375
11 0.296875 0.396875 0.025 0.046875
2 0.45 0.2125 0.01875 0.0328125
11 0.55625 0.415625 0.0296875 0.05625
0 0.090625 0.265625 0.0359375 0.0453125
11 0.8421875 0.390625 0.0234375 0.04375
11 0.515625 0.1875 0.0265625 0.046875
11 0.9890625 0.840625 0.0203125 0.05
11 0.61875 0.190625 0.025 0.05
11 0.2421875 0.396875 0.025 0.05
11 0.53125 0.6125 0.0234375 0.04375
8 0.89375 0.2015625 0.0265625 0.046875
2 0.184375 0.8625 0.01875 0.0328125
11 0.73125 0.85625 0.028125 0.0515625
11 0.8375 0.84375 0.0265625 0.0453125
8 0.178125 0.409375 0.028125 0.046875
11 0.3015625 0.8390625 0.0234375 0.046875
11 0.340625 0.8453125 0.0234375 0.046875
11 0.24375 0.8390625 0.025 0.046875
8 0.675 0.628125 0.028125 0.0484375
11 0.2046875 0.846875 0.025 0.0484375
11 0.484375 0.61875 0.025 0.0484375
8 0.421875 0.61875 0.0265625 0.046875
8 0.671875 0.490625 0.025 0.046875
8 0.134375 0.846875 0.0265625 0.0484375
11 0.896875 0.3890625 0.0234375 0.046875
8 0.4609375 0.415625 0.0296875 0.0515625
7 0.75 0.05 0.0296875 0.04375
8 0.590625 0.85625 0.025 0.046875
11 0.803125 0.396875 0.0234375 0.05
11 0.590625 0.6125 0.025 0.046875
11 0.46875 0.196875 0.0265625 0.0484375
8 0.971875 0.403125 0.025 0.046875
11 0.89375 0.84375 0.025 0.0453125
12 0.515625 0.3875 0.021875 0.0375
5 0.134375 0.2484375 0.0234375 0.01875
5 0.1359375 0.203125 0.0265625 0.0234375
11 0.24375 0.934375 0.0234375 0.0484375
5 0.3 0.921875 0.0265625 0.01875
7 0.3984375 0.278125 0.0328125 0.046875
8 0.9640625 0.1984375 0.0296875 0.0484375
5 0.453125 0.903125 0.025 0.0203125
7 0.75 0.484375 0.028125 0.0453125
11 0.5765625 0.1859375 0.025 0.0484375
5 0.9 0.634375 0.025 0.021875
5 0.35 0.05 0.025 0.021875
7 0.1359375 0.9359375 0.0296875 0.046875
8 0.80625 0.196875 0.0296875 0.05
8 0.74375 0.1921875 0.0265625 0.0484375
5 0.5890625 0.70625 0.0265625 0.0203125
8 0.3796875 0.85625 0.0265625 0.046875
11 0.840625 0.4984375 0.0234375 0.046875
8 0.7734375 0.853125 0.0265625 0.0484375
8 0.93125 0.8484375 0.028125 0.046875
8 0.671875 0.4 0.0234375 0.0484375
8 0.396875 0.19375 0.025 0.0484375
5 0.89375 0.05 0.025 0.021875
7 0.20625 0.053125 0.03125 0.0453125
8 0.6609375 0.2015625 0.028125 0.046875
8 0.7453125 0.39375 0.0234375 0.0453125
5 0.503125 0.0625 0.025 0.01875
5 0.2953125 0.4828125 0.028125 0.0234375
8 0.6546875 0.85 0.028125 0.0484375
7 0.4234375 0.709375 0.03125 0.0453125
8 0.5140625 0.8484375 0.028125 0.046875
5 0.9015625 0.703125 0.0234375 0.0203125
5 0.8921875 0.915625 0.0265625 0.021875
8 0.3375 0.403125 0.028125 0.0484375
11 0.53125 0.7171875 0.0234375 0.046875
11 0.296875 0.065625 0.025 0.0453125
8 0.609375 0.4 0.0265625 0.046875
8 0.4546875 0.85 0.025 0.046875
5 0.7609375 0.696875 0.0234375 0.021875
11 0.515625 0.275 0.0234375 0.0453125
5 0.278125 0.653125 0.03125 0.0203125
5 0.8921875 0.25625 0.025 0.021875
5 0.459375 0.4953125 0.0234375 0.021875
5 0.5921875 0.909375 0.025 0.0203125
5 0.625 0.0640625 0.025 0.0203125
5 0.575 0.2625 0.0234375 0.021875
5 0.73125 0.915625 0.025 0.0203125
5 0.278125 0.7171875 0.025 0.0203125
11 0.840625 0.065625 0.025 0.0453125
5 0.1375 0.4828125 0.025 0.0234375
5 0.265625 0.25625 0.0265625 0.0203125
5 0.1390625 0.7171875 0.0265625 0.0203125
5 0.740625 0.2484375 0.03125 0.021875
5 0.1375 0.653125 0.03125 0.01875