5 0.803125 0.2921875 0.0265625 0.0203125
0 0.0421875 0.2984375 0.0328125 0.04375
11 0.7515625 0.6328125 0.025 0.0453125
14 0.046875 0.20625 0.03125 0.075
11 0.4375 0.85625 0.025 0.04375
8 0.653125 0.20625 0.025 0.046875
11 0.2078125 0.203125 0.0234375 0.04375
5 0.259375 0.290625 0.025 0.0203125
11 0.15 0.640625 0.025 0.046875
11 0.39375 0.865625 0.025 0.046875
8 0.109375 0.2078125 0.0234375 0.046875
11 0.425 0.43125 0.025 0.046875
11 0.3109375 0.653125 0.0296875 0.053125
11 0.4859375 0.428125 0.025 0.046875
11 0.8390625 0.6375 0.0234375 0.0484375
11 0.2625 0.203125 0.0234375 0.046875
12 0.425 0.63125 0.0234375 0.0359375
11 0.75 0.203125 0.0234375 0.0453125
11 0.8375 0.20625 0.0234375 0.0484375
11 0.20625 0.640625 0.025 0.0453125
8 0.303125 0.434375 0.028125 0.0484375
8 0.3265625 0.8609375 0.025 0.046875
11 0.7140625 0.6421875 0.0234375 0.0484375
8 0.521875 0.728125 0.025 0.0453125
11 0.540625 0.859375 0.0234375 0.0484375
11 0.04375 0.6546875 0.0296875 0.053125
11 0.7125 0.2125 0.0234375 0.0484375
8 0.521875 0.646875 0.028125 0.046875
7 0.3046875 0.525 0.0328125 0.0484375
11 0.296875 0.20625 0.021875 0.046875
11 0.8046875 0.6328125 0.025 0.046875
11 0.4625 0.65625 0.03125 0.0578125
11 0.16875 0.2125 0.025 0.0484375
8 0.575 0.73125 0.025 0.046875
11 0.803125 0.203125 0.0234375 0.0484375
11 0.528125 0.434375 0.0234375 0.0484375
5 0.171875 0.446875 0.025 0.021875
11 0.378125 0.440625 0.0265625 0.0515625
5 0.809375 0.878125 0.0265625 0.021875
7 0.65625 0.728125 0.0265625 0.046875
7 0.328125 0.95 0.03125 0.0453125
7 0.1125 0.29375 0.0296875 0.0453125
8 0.365625 0.6546875 0.03125 0.053125
5 0.184375 0.959375 0.0265625 0.021875
5 0.809375 0.940625 0.025 0.0203125
8 0.578125 0.640625 0.0265625 0.046875
8 0.8765625 0.215625 0.028125 0.0484375
5 0.4953125 0.946875 0.025 0.0203125
8 0.6546875 0.6375 0.025 0.046875
11 0.496875 0.853125 0.0234375 0.046875
5 0.665625 0.875 0.0234375 0.0203125
8 0.715625 0.440625 0.028125 0.0484375
2 0.35625 0.453125 0.0203125 0.034375
8 0.08125 0.65 0.028125 0.0484375
8 0.878125 0.646875 0.028125 0.046875
7 0.6546875 0.29375 0.028125 0.04375
8 0.58125 0.871875 0.028125 0.046875
8 0.24375 0.64375 0.028125 0.046875
8 0.86875 0.440625 0.0296875 0.046875
5 0.409375 0.240625 0.028125 0.01875
8 0.334375 0.2171875 0.0265625 0.0484375
5 0.040625 0.490625 0.0296875 0.0234375
5 0.0421875 0.44375 0.0265625 0.0203125
5 0.803125 0.721875 0.025 0.0203125
8 0.565625 0.44375 0.028125 0.0453125
5 0.1703125 0.4953125 0.025 0.0203125
5 0.796875 0.496875 0.025 0.021875
8 0.7984375 0.44375 0.028125 0.04375
11 0.4359375 0.959375 0.025 0.046875
11 0.20625 0.3046875 0.025 0.046875
5 0.534375 0.240625 0.03125 0.0203125
5 0.65 0.490625 0.025 0.0203125
5 0.484375 0.503125 0.0265625 0.021875
8 0.6515625 0.4359375 0.0265625 0.0484375
5 0.36875 0.734375 0.025 0.0203125
5 0.203125 0.7234375 0.025 0.0203125
11 0.4234375 0.51875 0.0265625 0.0453125
5 0.409375 0.303125 0.025 0.0203125
5 0.665625 0.9375 0.0234375 0.01875
5 0.184375 0.8953125 0.03125 0.025
5 0.534375 0.3046875 0.025 0.0203125
11 0.746875 0.740625 0.0234375 0.0453125
11 0.75 0.3078125 0.0265625 0.046875
5 0.0421875 0.721875 0.028125 0.0203125
5 0.04375 0.89375 0.028125 0.025
5 0.04375 0.959375 0.025 0.0234375