14 0.084375 0.228125 0.0375 0.078125
0 0.08125 0.75625 0.0359375 0.04375
11 0.39375 0.25 0.0296875 0.053125
5 0.7515625 0.465625 0.0265625 0.0203125
5 0.5875 0.890625 0.028125 0.0203125
0 0.08125 0.55 0.0375 0.046875
14 0.084375 0.4515625 0.0375 0.078125
11 0.1921875 0.6875 0.025 0.046875
8 0.4078125 0.453125 0.0265625 0.05
14 0.084375 0.6734375 0.0375 0.0765625
11 0.546875 0.253125 0.03125 0.05625
0 0.08125 0.9578125 0.0359375 0.04375
11 0.125 0.2484375 0.0296875 0.053125
8 0.9625 0.2421875 0.028125 0.0484375
11 0.925 0.23125 0.021875 0.046875
2 0.4421875 0.0484375 0.0203125 0.034375
5 0.7484375 0.53125 0.0265625 0.0203125
11 0.50625 0.021875 0.0265625 0.04375
11 0.33125 0.68125 0.0234375 0.05
8 0.603125 0.31875 0.025 0.0453125
11 0.225 0.8875 0.0265625 0.0484375
0 0.084375 0.325 0.034375 0.046875
8 0.3890625 0.0265625 0.0265625 0.046875
11 0.8875 0.225 0.0234375 0.0453125
8 0.16875 0.24375 0.0265625 0.046875
8 0.359375 0.875 0.0265625 0.0453125
11 0.2875 0.234375 0.0265625 0.046875
11 0.234375 0.678125 0.025 0.046875
11 0.7234375 0.69375 0.028125 0.0515625
11 0.6109375 0.0265625 0.025 0.0484375
11 0.56796875 0.021875 0.0265625 0.04375
11 0.23125 0.234375 0.0265625 0.0453125
5 0.25625 0.0421875 0.028125 0.0203125
8 0.665625 0.4609375 0.028125 0.046875
11 0.4796875 0.4578125 0.025 0.0484375
11 0.828125 0.68125 0.025 0.0453125
11 0.821875 0.8890625 0.0265625 0.0484375
0 0.08125 0.103125 0.0359375 0.0453125
7 0.740625 0.3203125 0.028125 0.04375
11 0.796875 0.234375 0.0234375 0.0484375
8 0.2890625 0.884375 0.0265625 0.046875
5 0.884375 0.31875 0.0265625 0.0203125
7 0.390625 0.115625 0.0328125 0.046875
11 0.578125 0.4484375 0.0234375 0.0484375
8 0.6625 0.3265625 0.028125 0.0484375
8 0.371875 0.6890625 0.0265625 0.0484375
8 0.7375 0.2296875 0.0234375 0.046875
8 0.734375 0.025 0.0265625 0.0484375
11 0.8375 0.2265625 0.0234375 0.0453125
11 0.29375 0.675 0.025 0.046875
8 0.95 0.8765625 0.0265625 0.0453125
8 0.7640625 0.690625 0.028125 0.0484375
11 0.525 0.45 0.0265625 0.046875
5 0.44375 0.890625 0.0265625 0.0203125
11 0.621875 0.453125 0.0234375 0.05
5 0.2875 0.31875 0.0265625 0.0203125
2 0.175 0.703125 0.0171875 0.03125
11 0.884375 0.68125 0.0234375 0.046875
5 0.29375 0.75625 0.025 0.0203125
11 0.984375 0.675 0.028125 0.05
8 0.646875 0.684375 0.028125 0.046875
7 0.128125 0.884375 0.0359375 0.05
14 0.084375 0.884375 0.0359375 0.0734375
7 0.409375 0.5453125 0.0328125 0.046875
8 0.884375 0.884375 0.025 0.046875
7 0.1265625 0.775 0.0328125 0.0484375
11 0.4625 0.03125 0.0265625 0.046875
12 0.5078125 0.225 0.0234375 0.0359375
8 0.50625 0.6859375 0.028125 0.0484375
5 0.7265625 0.965625 0.025 0.0203125
8 0.3296875 0.2390625 0.028125 0.0484375
5 0.121875 0.0828125 0.028125 0.021875
5 0.125 0.0359375 0.0265625 0.021875
5 0.8828125 0.090625 0.0234375 0.01875
5 0.584375 0.946875 0.028125 0.0234375
5 0.578125 0.540625 0.0234375 0.0203125
8 0.884375 0.0359375 0.0265625 0.0484375
5 0.890625 0.471875 0.0265625 0.021875
9 0.73125 0.8796875 0.0359375 0.021875
8 0.9546875 0.03125 0.0296875 0.046875
8 0.58125 0.690625 0.028125 0.046875
5 0.2875 0.9671875 0.0265625 0.0234375
8 0.125 0.684375 0.0265625 0.046875
8 0.6640625 0.2375 0.025 0.0484375
8 0.8 0.03125 0.028125 0.046875
11 0.2328125 0.76875 0.0265625 0.0484375
5 0.565625 0.1 0.025 0.021875
5 0.73125 0.0828125 0.0234375 0.0203125
11 0.521875 0.553125 0.025 0.046875
5 0.8828125 0.7515625 0.025 0.021875
8 0.603125 0.240625 0.028125 0.0484375
8 0.446875 0.68125 0.025 0.0484375
8 0.45 0.25 0.03125 0.053125
5 0.58125 0.7453125 0.0234375 0.0203125
8 0.653125 0.0375 0.028125 0.0453125
5 0.4453125 0.740625 0.025 0.0203125
8 0.921875 0.6875 0.028125 0.046875
11 0.8359375 0.33125 0.0234375 0.046875
5 0.45 0.33125 0.0234375 0.0203125
5 0.1265625 0.553125 0.0265625 0.0203125
5 0.88125 0.965625 0.0265625 0.021875
5 0.2703125 0.553125 0.0265625 0.0203125
5 0.2703125 0.4875 0.03125 0.0265625
5 0.721875 0.753125 0.0265625 0.0203125
5 0.89375 0.5375 0.025 0.0203125
11 0.50625 0.1125 0.0265625 0.0453125
5 0.25625 0.090625 0.025 0.0203125
5 0.44375 0.946875 0.0265625 0.021875
5 0.1265625 0.490625 0.0296875 0.0234375
5 0.125 0.9625 0.028125 0.021875
5 0.125 0.3171875 0.025 0.0234375