0 0.0765625 0.1390625 0.034375 0.0421875
0 0.03125 0.790625 0.0390625 0.046875
14 0.078125 0.04375 0.0359375 0.078125
0 0.03125 0.34375 0.0359375 0.04375
11 0.3421875 0.490625 0.0296875 0.053125
0 0.03125 0.56875 0.0375 0.046875
11 0.075 0.490625 0.0296875 0.0515625
11 0.78125 0.040625 0.0234375 0.04375
11 0.671875 0.9359375 0.028125 0.0515625
14 0.0296875 0.46875 0.0359375 0.075
11 0.496875 0.4921875 0.03125 0.0578125
11 0.14375 0.93125 0.025 0.046875
11 0.834375 0.0390625 0.0234375 0.046875
5 0.840625 0.715625 0.025 0.0203125
11 0.93125 0.91875 0.025 0.0453125
5 0.290625 0.128125 0.0234375 0.0203125
5 0.7 0.7125 0.0265625 0.0203125
14 0.0296875 0.91875 0.0359375 0.0765625
14 0.0296875 0.26875 0.0359375 0.0765625
12 0.45625 0.46875 0.021875 0.034375
11 0.290625 0.040625 0.0234375 0.0453125
11 0.3296875 0.046875 0.021875 0.046875
11 0.2375 0.48125 0.025 0.0453125
11 0.2375 0.040625 0.0234375 0.0453125
8 0.14375 0.04375 0.021875 0.0453125
11 0.559375 0.271875 0.0234375 0.046875
5 0.8328125 0.128125 0.0265625 0.021875
14 0.0296875 0.69375 0.0375 0.075
11 0.18125 0.478125 0.025 0.0453125
11 0.746875 0.478125 0.0234375 0.0484375
11 0.8734375 0.471875 0.021875 0.046875
8 0.6828125 0.040625 0.0234375 0.0453125
11 0.746875 0.046875 0.0234375 0.046875
11 0.515625 0.265625 0.025 0.046875
11 0.4546875 0.26875 0.025 0.0453125
11 0.8734375 0.04375 0.021875 0.046875
11 0.53125 0.69375 0.025 0.046875
11 0.78125 0.46875 0.0234375 0.0453125
11 0.571875 0.696875 0.0234375 0.0484375
11 0.428125 0.703125 0.025 0.0484375
8 0.35625 0.69375 0.025 0.05
11 0.28125 0.9265625 0.0234375 0.046875
8 0.115625 0.484375 0.028125 0.046875
8 0.36875 0.0546875 0.028125 0.046875
8 0.553125 0.5609375 0.025 0.04375
11 0.2 0.0484375 0.025 0.0484375
7 0.3375 0.359375 0.03125 0.0453125
11 0.46875 0.690625 0.025 0.046875
11 0.840625 0.46875 0.0234375 0.04375
5 0.2 0.284375 0.0265625 0.0234375
11 0.184375 0.921875 0.0234375 0.0453125
11 0.778125 0.921875 0.0265625 0.046875
8 0.3359375 0.2765625 0.0265625 0.046875
7 0.6875 0.5625 0.028125 0.04375
8 0.609375 0.56875 0.025 0.046875
11 0.240625 0.921875 0.0234375 0.046875
8 0.9109375 0.484375 0.0296875 0.046875
8 0.684375 0.471875 0.0234375 0.0453125
8 0.909375 0.053125 0.0296875 0.0484375
11 0.409375 0.275 0.025 0.0484375
11 0.8328125 0.9265625 0.0234375 0.0453125
2 0.390625 0.2890625 0.0203125 0.0328125
8 0.6125 0.70625 0.0265625 0.046875
8 0.453125 0.93125 0.0265625 0.046875
8 0.7125 0.9359375 0.0265625 0.0484375
8 0.68125 0.275 0.025 0.046875
5 0.071875 0.28125 0.028125 0.021875
8 0.609375 0.478125 0.0234375 0.0484375
7 0.6875 0.13125 0.028125 0.0453125
8 0.0734375 0.925 0.025 0.046875
7 0.359375 0.784375 0.03125 0.046875
5 0.68125 0.328125 0.025 0.0203125
8 0.278125 0.484375 0.028125 0.046875
5 0.44375 0.078125 0.0265625 0.0203125
8 0.8328125 0.2796875 0.0265625 0.0453125
5 0.5640625 0.1453125 0.0265625 0.0203125
8 0.746875 0.2765625 0.028125 0.046875
5 0.840625 0.778125 0.0265625 0.0203125
7 0.146875 0.13125 0.0296875 0.04375
5 0.5640625 0.078125 0.028125 0.021875
8 0.5515625 0.48125 0.0265625 0.0484375
8 0.9 0.278125 0.0296875 0.046875
5 0.528125 0.784375 0.0265625 0.021875
8 0.3921875 0.921875 0.0234375 0.0484375
8 0.871875 0.93125 0.0265625 0.046875
11 0.4671875 0.796875 0.025 0.046875
5 0.83125 0.3328125 0.021875 0.0203125
2 0.1234375 0.94375 0.0171875 0.03125
5 0.7 0.775 0.0265625 0.01875
8 0.4 0.4921875 0.03125 0.05625
8 0.534375 0.9359375 0.0265625 0.0484375
5 0.5140625 0.340625 0.025 0.021875
5 0.44375 0.1453125 0.025 0.01875
8 0.6 0.2796875 0.028125 0.046875
11 0.2359375 0.140625 0.0234375 0.0453125
8 0.590625 0.928125 0.0265625 0.046875
11 0.778125 0.1421875 0.025 0.0453125
8 0.31875 0.934375 0.0265625 0.0453125
11 0.78125 0.5765625 0.025 0.046875
11 0.453125 0.35625 0.025 0.04375
5 0.834375 0.5609375 0.0265625 0.0203125
5 0.2 0.334375 0.0265625 0.021875
5 0.4 0.5734375 0.0234375 0.0203125
5 0.21875 0.796875 0.028125 0.021875
5 0.234375 0.5609375 0.028125 0.021875
5 0.2171875 0.73125 0.03125 0.0234375
5 0.075 0.8 0.025 0.0203125
5 0.071875 0.328125 0.0265625 0.021875
5 0.0734375 0.5609375 0.028125 0.0203125
5 0.075 0.734375 0.025 0.0203125