0 0.05 0.8296875 0.0359375 0.0453125
2 0.1421875 0.771875 0.0171875 0.0359375
14 0.046875 0.746875 0.0359375 0.0765625
0 0.0484375 0.39375 0.0375 0.046875
5 0.553125 0.9609375 0.0265625 0.0234375
14 0.046875 0.303125 0.0375 0.075
0 0.05 0.1703125 0.034375 0.0453125
11 0.6875 0.7625 0.028125 0.0515625
0 0.05 0.61875 0.0359375 0.046875
14 0.046875 0.09375 0.0375 0.0765625
11 0.8015625 0.29375 0.0234375 0.04375
14 0.046875 0.525 0.0375 0.075
11 0.8484375 0.753125 0.025 0.046875
11 0.25625 0.30625 0.0234375 0.046875
8 0.325 0.94375 0.025 0.0453125
11 0.1890625 0.959375 0.0265625 0.05
11 0.4875 0.521875 0.025 0.04375
11 0.44375 0.5328125 0.0234375 0.046875
11 0.7859375 0.9578125 0.0265625 0.0484375
11 0.946875 0.746875 0.0265625 0.04375
11 0.3609375 0.31875 0.03125 0.0515625
11 0.471875 0.090625 0.025 0.0453125
11 0.159375 0.75625 0.0234375 0.0484375
11 0.203125 0.746875 0.025 0.046875
11 0.85 0.29375 0.025 0.046875
11 0.79375 0.753125 0.025 0.046875
5 0.85 0.3875 0.025 0.0203125
11 0.2 0.30625 0.0265625 0.046875
11 0.5375 0.09375 0.0234375 0.046875
8 0.915625 0.9484375 0.0265625 0.04375
11 0.09375 0.315625 0.03125 0.053125
8 0.56875 0.3875 0.0234375 0.046875
11 0.7640625 0.30625 0.0234375 0.0484375
11 0.8890625 0.3 0.0234375 0.046875
5 0.40625 0.9625 0.025 0.0203125
11 0.575 0.096875 0.025 0.046875
8 0.378125 0.5265625 0.025 0.046875
11 0.2625 0.746875 0.0234375 0.0453125
11 0.590625 0.5265625 0.025 0.046875
11 0.296875 0.75 0.0234375 0.0484375
11 0.5140625 0.31875 0.0296875 0.0578125
5 0.0921875 0.10625 0.0265625 0.021875
8 0.91875 0.1046875 0.03125 0.0484375
8 0.421875 0.31875 0.0296875 0.0546875
5 0.5484375 0.81875 0.025 0.021875
12 0.471875 0.29375 0.0234375 0.0375
11 0.546875 0.521875 0.0234375 0.0453125
8 0.6265625 0.396875 0.025 0.046875
14 0.05 0.9546875 0.0359375 0.0765625
8 0.353125 0.0984375 0.0265625 0.0484375
7 0.353125 0.184375 0.0328125 0.0484375
8 0.728125 0.759375 0.028125 0.0484375
8 0.634375 0.534375 0.0265625 0.05
8 0.55 0.759375 0.028125 0.04375
5 0.85625 0.54375 0.0265625 0.021875
7 0.3796875 0.6125 0.03125 0.04375
7 0.09375 0.840625 0.0359375 0.0484375
8 0.7046875 0.303125 0.0234375 0.046875
8 0.0921875 0.753125 0.0265625 0.046875
11 0.428125 0.1046875 0.0265625 0.0515625
8 0.56875 0.3125 0.0265625 0.046875
7 0.7046875 0.390625 0.03125 0.0484375
5 0.85625 0.60625 0.025 0.0203125
5 0.715625 0.5375 0.0234375 0.0203125
8 0.846875 0.95625 0.0265625 0.0453125
5 0.2203125 0.1125 0.0265625 0.0203125
8 0.765625 0.103125 0.03125 0.05
8 0.609375 0.75625 0.03125 0.046875
8 0.4109375 0.753125 0.025 0.046875
8 0.615625 0.10625 0.028125 0.0453125
8 0.1328125 0.3125 0.0296875 0.0484375
2 0.40625 0.1171875 0.0203125 0.034375
8 0.2578125 0.95625 0.0265625 0.046875
5 0.7 0.15625 0.025 0.01875
5 0.846875 0.1609375 0.025 0.021875
8 0.928125 0.309375 0.028125 0.046875
11 0.796875 0.4046875 0.0234375 0.046875
8 0.3359375 0.7625 0.0265625 0.05
8 0.8484375 0.10625 0.0296875 0.0453125
5 0.846875 0.821875 0.028125 0.0234375
5 0.6875 0.821875 0.0265625 0.021875
5 0.221875 0.159375 0.025 0.0203125
8 0.8875 0.759375 0.028125 0.046875
5 0.259375 0.825 0.025 0.021875
11 0.4703125 0.184375 0.0265625 0.0453125
11 0.48125 0.628125 0.0234375 0.046875
5 0.409375 0.815625 0.025 0.0171875
5 0.534375 0.16875 0.0234375 0.0203125
8 0.29375 0.309375 0.028125 0.0484375
5 0.5453125 0.6109375 0.025 0.0203125
8 0.703125 0.096875 0.0265625 0.046875
8 0.46875 0.7546875 0.0296875 0.0484375
7 0.09375 0.95625 0.0359375 0.0515625
8 0.628125 0.30625 0.0234375 0.046875
5 0.234375 0.559375 0.0296875 0.0234375
11 0.2015625 0.840625 0.025 0.046875
5 0.234375 0.6234375 0.0265625 0.0203125
5 0.41875 0.4 0.025 0.01875
5 0.715625 0.6015625 0.0234375 0.01875
5 0.2546875 0.3875 0.025 0.021875
9 0.7 0.95 0.034375 0.0234375
5 0.090625 0.3875 0.0265625 0.0296875
5 0.0921875 0.15625 0.0265625 0.025
5 0.0921875 0.559375 0.034375 0.0203125
5 0.09375 0.621875 0.0234375 0.0203125