3 0.096875 0.090625 0.040625 0.0734375
11 0.19375 0.084375 0.05625 0.0734375
11 0.284375 0.10625 0.05625 0.0734375
11 0.36875 0.115625 0.0515625 0.0671875
3 0.515625 0.084375 0.0421875 0.06875
4 0.6 0.084375 0.0546875 0.071875
11 0.65 0.084375 0.0390625 0.0671875
11 0.884375 0.1109375 0.040625 0.078125
11 0.3 0.553125 0.046875 0.0734375
3 0.128125 0.5421875 0.0421875 0.084375
3 0.2125 0.5296875 0.05625 0.06875
3 0.7359375 0.0921875 0.053125 0.0625
3 0.790625 0.0890625 0.0546875 0.075
4 0.828125 0.096875 0.0359375 0.0453125
4 0.253125 0.5421875 0.0359375 0.040625
3 0.046875 0.10625 0.0421875 0.0796875
3 0.4578125 0.09375 0.04375 0.0671875
3 0.025 0.55625 0.0421875 0.0734375
3 0.0765625 0.55 0.0375 0.075
3 0.375 0.553125 0.0421875 0.08125
3 0.425 0.559375 0.0390625 0.0796875
3 0.471875 0.5578125 0.046875 0.084375
3 0.51875 0.559375 0.0421875 0.084375
3 0.59375 0.5640625 0.0421875 0.109375
3 0.640625 0.5578125 0.0390625 0.109375
3 0.6859375 0.5734375 0.0375 0.084375
3 0.734375 0.565625 0.0421875 0.09375
3 0.78125 0.5375 0.0359375 0.0703125
3 0.825 0.534375 0.0390625 0.0640625
3 0.86875 0.5421875 0.0390625 0.0875
3 0.915625 0.53125 0.0359375 0.0765625