11 0.1125 0.3875 0.0453125 0.0734375
11 0.19375 0.396875 0.0328125 0.0796875
11 0.284375 0.3875 0.0546875 0.0734375
3 0.865625 0.390625 0.0390625 0.0703125
11 0.9625 0.3859375 0.0484375 0.078125
14 0.0375 0.4 0.059375 0.1328125
14 0.0375 0.84375 0.0609375 0.1296875
3 0.653125 0.4265625 0.0359375 0.071875
3 0.7140625 0.3875 0.05 0.0796875
3 0.4625 0.840625 0.0375 0.0796875
3 0.55625 0.83125 0.0546875 0.071875
4 0.6421875 0.84375 0.034375 0.05625
3 0.703125 0.8390625 0.053125 0.075
3 0.890625 0.84375 0.0390625 0.0859375
3 0.9765625 0.83125 0.046875 0.0671875
3 0.115625 0.83125 0.0609375 0.0671875
4 0.209375 0.840625 0.0390625 0.0515625
3 0.271875 0.8375 0.0546875 0.0765625
4 0.759375 0.396875 0.0390625 0.059375
4 0.596875 0.840625 0.0375 0.05625
4 0.159375 0.840625 0.03125 0.05
3 0.3671875 0.3890625 0.040625 0.06875
3 0.41875 0.3875 0.034375 0.0703125
3 0.5 0.421875 0.040625 0.0703125
3 0.5515625 0.4078125 0.0375 0.10625
3 0.6 0.421875 0.0375 0.0796875
3 0.815625 0.40625 0.040625 0.0734375
3 0.3125 0.865625 0.034375 0.0703125
3 0.3625 0.853125 0.0359375 0.0875
3 0.415625 0.85 0.0359375 0.0765625
3 0.746875 0.8640625 0.0390625 0.078125
3 0.79375 0.85 0.0328125 0.0953125
3 0.840625 0.85 0.0390625 0.078125