14 0.1578125 0.459375 0.078125 0.128125
3 0.23125 0.446875 0.0515625 0.0671875
4 0.275 0.4625 0.0359375 0.0515625
4 0.325 0.459375 0.0296875 0.04375
3 0.58125 0.4609375 0.0421875 0.084375
3 0.6703125 0.446875 0.05625 0.071875
4 0.7125 0.4609375 0.0359375 0.04375
4 0.759375 0.459375 0.0328125 0.0390625
3 0.2328125 0.896875 0.05 0.071875
4 0.271875 0.903125 0.034375 0.046875
4 0.325 0.9046875 0.0359375 0.046875
3 0.575 0.909375 0.034375 0.0828125
3 0.665625 0.89375 0.05625 0.071875
4 0.7078125 0.90625 0.0375 0.0453125
4 0.759375 0.9078125 0.034375 0.04375
3 0.384375 0.8953125 0.0609375 0.071875
3 0.3875 0.45 0.0484375 0.06875
3 0.815625 0.4515625 0.0546875 0.071875
3 0.815625 0.9 0.0546875 0.071875
14 0.153125 0.909375 0.0703125 0.1171875
3 0.428125 0.48125 0.0359375 0.071875
3 0.478125 0.471875 0.0375 0.0765625
3 0.53125 0.4671875 0.0421875 0.084375
3 0.6078125 0.04375 0.04375 0.071875
3 0.7125 0.040625 0.0453125 0.071875
3 0.765625 0.0453125 0.0453125 0.06875
3 0.8609375 0.484375 0.040625 0.0734375
3 0.9046875 0.475 0.046875 0.078125
3 0.9546875 0.46875 0.04375 0.0765625
3 0.425 0.93125 0.0390625 0.0734375
3 0.4734375 0.9203125 0.0375 0.075
3 0.525 0.915625 0.0421875 0.08125
3 0.85625 0.934375 0.0375 0.0734375
3 0.9078125 0.921875 0.040625 0.0796875
3 0.959375 0.9125 0.0421875 0.084375