3 0.353125 0.228125 0.0375 0.0703125
3 0.415625 0.184375 0.0578125 0.0703125
3 0.165625 0.6375 0.0375 0.084375
3 0.253125 0.628125 0.0609375 0.0765625
4 0.34375 0.6375 0.04375 0.0515625
3 0.403125 0.6375 0.0515625 0.0828125
4 0.296875 0.6375 0.0328125 0.0546875
3 0.59375 0.640625 0.0390625 0.0765625
3 0.675 0.628125 0.0578125 0.0734375
4 0.71875 0.64375 0.0359375 0.05
4 0.459375 0.19375 0.0359375 0.0421875
3 0.5640625 0.1875 0.0375 0.0703125
11 0.6640625 0.184375 0.046875 0.06875
11 0.746875 0.203125 0.0453125 0.0703125
11 0.83125 0.2125 0.0484375 0.078125
11 0.765625 0.653125 0.0390625 0.084375
3 0.0625 0.1890625 0.046875 0.075
3 0.115625 0.18125 0.0359375 0.0734375
3 0.1984375 0.221875 0.0375 0.0671875
3 0.246875 0.209375 0.0359375 0.1
3 0.303125 0.2234375 0.0390625 0.071875
3 0.5125 0.2015625 0.0390625 0.084375
3 0.9234375 0.1875 0.040625 0.071875
3 0.9796875 0.1828125 0.0375 0.071875
3 0.0625 0.653125 0.0484375 0.0859375
3 0.115625 0.64375 0.0375 0.0859375
3 0.446875 0.665625 0.0359375 0.0734375
3 0.490625 0.653125 0.0390625 0.078125
3 0.540625 0.646875 0.0390625 0.0734375
3 0.840625 0.65 0.040625 0.0890625
3 0.8890625 0.65625 0.034375 0.078125
3 0.9359375 0.6484375 0.034375 0.0875
3 0.9828125 0.653125 0.034375 0.08125