3 0.2359375 0.25 0.040625 0.06875
3 0.296875 0.203125 0.0515625 0.078125
4 0.3390625 0.21875 0.0375 0.0484375
3 0.0453125 0.6625 0.046875 0.0890625
3 0.1359375 0.6515625 0.059375 0.06875
4 0.18125 0.6625 0.034375 0.0515625
4 0.228125 0.6625 0.0375 0.0421875
3 0.4734375 0.6625 0.04375 0.0765625
3 0.5625 0.653125 0.0515625 0.0703125
4 0.6 0.6625 0.0359375 0.0453125
3 0.859375 0.2046875 0.0359375 0.071875
3 0.9484375 0.2046875 0.059375 0.065625
3 0.284375 0.65625 0.059375 0.0734375
11 0.646875 0.6734375 0.0390625 0.065625
3 0.45 0.209375 0.034375 0.071875
11 0.54375 0.20625 0.0421875 0.0765625
11 0.628125 0.228125 0.040625 0.0671875
11 0.7140625 0.240625 0.04375 0.0765625
3 0.08125 0.25 0.0421875 0.0765625
3 0.13125 0.2265625 0.0359375 0.10625
3 0.1828125 0.2484375 0.046875 0.075
3 0.396875 0.225 0.0390625 0.0734375
3 0.809375 0.209375 0.04375 0.0734375
3 0.3265625 0.6875 0.0375 0.0703125
3 0.375 0.6765625 0.0359375 0.078125
3 0.425 0.6703125 0.0375 0.075
3 0.721875 0.6765625 0.04375 0.084375
3 0.7703125 0.675 0.0375 0.0828125
3 0.81875 0.6734375 0.034375 0.0875
3 0.865625 0.6765625 0.0375 0.08125
3 0.9453125 0.68125 0.04375 0.0984375