3 0.278125 0.0625 0.0390625 0.0765625
11 0.375 0.05 0.053125 0.0703125
11 0.4546875 0.075 0.046875 0.0703125
11 0.54375 0.08125 0.0453125 0.08125
3 0.6890625 0.046875 0.040625 0.0765625
3 0.7796875 0.0515625 0.065625 0.06875
11 0.828125 0.05 0.0484375 0.0796875
4 0.4328125 0.5125 0.03125 0.0546875
11 0.478125 0.521875 0.040625 0.08125
3 0.3078125 0.9578125 0.05 0.084375
11 0.384375 0.9609375 0.0421875 0.078125
11 0.43125 0.9578125 0.040625 0.084375
11 0.52734375 0.96484375 0.0421875 0.0703125
3 0.7265625 0.9375 0.04375 0.078125
3 0.815625 0.940625 0.0515625 0.0671875
11 0.859375 0.94375 0.0453125 0.0796875
3 0.9375 0.95 0.0484375 0.075
11 0.9765625 0.94375 0.034375 0.0703125
4 0.05625 0.5078125 0.034375 0.059375
3 0.0609375 0.090625 0.053125 0.0765625
3 0.125 0.053125 0.0546875 0.075
4 0.171875 0.0625 0.0296875 0.05
4 0.0578125 0.953125 0.034375 0.0484375
3 0.3046875 0.50625 0.034375 0.078125
3 0.390625 0.4953125 0.0578125 0.08125
3 0.11875 0.5015625 0.0578125 0.065625
3 0.115625 0.95 0.05 0.06875
3 0.9125 0.0578125 0.053125 0.078125
3 0.9640625 0.0546875 0.059375 0.078125
3 0.15625 0.53125 0.0390625 0.071875
3 0.20625 0.521875 0.0375 0.0796875
3 0.25625 0.5125 0.040625 0.0828125
3 0.553125 0.5203125 0.034375 0.09375
3 0.6 0.521875 0.0375 0.0796875
3 0.65 0.51875 0.034375 0.0828125
3 0.696875 0.5203125 0.0390625 0.078125
3 0.775 0.528125 0.040625 0.1046875
3 0.821875 0.5234375 0.0375 0.115625
3 0.8640625 0.5359375 0.0375 0.084375
3 0.9125 0.53125 0.0359375 0.0953125
3 0.959375 0.496875 0.0453125 0.0796875
3 0.225 0.0671875 0.05625 0.075
3 0.634375 0.05625 0.046875 0.075
3 0.25625 0.9625 0.0359375 0.075
3 0.58125 0.9484375 0.0453125 0.0875
3 0.6328125 0.94375 0.040625 0.0859375
3 0.6796875 0.9515625 0.046875 0.096875