3 0.0578125 0.353125 0.05625 0.0765625
3 0.709375 0.38125 0.040625 0.0796875
3 0.753125 0.371875 0.0484375 0.0796875
11 0.79375 0.35625 0.0359375 0.075
3 0.86875 0.3625 0.0578125 0.078125
4 0.0953125 0.3609375 0.040625 0.046875
3 0.728125 0.80625 0.0609375 0.071875
3 0.5125 0.8 0.04375 0.0671875
3 0.6 0.7984375 0.0609375 0.06875
3 0.7859375 0.8 0.05 0.0671875
3 0.1875 0.35625 0.0359375 0.0640625
11 0.2703125 0.35625 0.040625 0.0796875
11 0.340625 0.375 0.0421875 0.071875
11 0.4109375 0.3828125 0.040625 0.0625
4 0.825 0.8125 0.0328125 0.04375
11 0.875 0.821875 0.0390625 0.065625
4 0.9140625 0.3625 0.034375 0.0484375
3 0.1 0.80625 0.0421875 0.071875
11 0.19375 0.796875 0.0421875 0.0734375
11 0.2796875 0.821875 0.040625 0.0734375
11 0.365625 0.83125 0.0453125 0.075
11 0.6453125 0.8 0.0375 0.0640625
3 0.14375 0.3671875 0.0359375 0.08125
3 0.4875 0.3578125 0.0421875 0.071875
3 0.5328125 0.35625 0.0375 0.0734375
3 0.615625 0.390625 0.0421875 0.0671875
3 0.6625 0.384375 0.0390625 0.0734375
3 0.046875 0.821875 0.0453125 0.0796875
3 0.4546875 0.8078125 0.04375 0.075