3 0.0625 0.075 0.053125 0.071875
3 0.1328125 0.0375 0.059375 0.0734375
3 0.69375 0.0328125 0.0421875 0.065625
3 0.784375 0.03125 0.05625 0.0625
3 0.9140625 0.040625 0.053125 0.078125
3 0.96875 0.0359375 0.0515625 0.06875
4 0.059375 0.4875 0.0359375 0.0453125
3 0.115625 0.484375 0.0578125 0.0765625
3 0.309375 0.490625 0.0359375 0.078125
3 0.396875 0.478125 0.0546875 0.075
4 0.05625 0.940625 0.0359375 0.04375
3 0.1171875 0.9328125 0.053125 0.06875
3 0.73125 0.91875 0.0359375 0.0828125
3 0.8171875 0.921875 0.053125 0.0703125
11 0.8625 0.928125 0.0421875 0.06875
3 0.940625 0.93125 0.05 0.0703125
4 0.175 0.05 0.040625 0.0484375
4 0.434375 0.4875 0.034375 0.0515625
11 0.48125 0.5015625 0.04375 0.06875
3 0.2828125 0.0390625 0.040625 0.075
11 0.378125 0.034375 0.040625 0.06875
11 0.4625 0.0546875 0.0421875 0.075
11 0.546875 0.065625 0.0421875 0.0734375
11 0.83125 0.034375 0.0359375 0.0640625
11 0.9796875 0.9234375 0.034375 0.071875
3 0.159375 0.509375 0.034375 0.0734375
3 0.209375 0.5015625 0.040625 0.078125
3 0.259375 0.49375 0.0359375 0.08125
3 0.228125 0.0546875 0.0578125 0.08125
3 0.553125 0.5015625 0.04375 0.09375
3 0.60625 0.5046875 0.0359375 0.078125
3 0.65 0.5015625 0.0390625 0.090625
3 0.6984375 0.503125 0.046875 0.078125
3 0.6375 0.0359375 0.0421875 0.071875
3 0.778125 0.509375 0.040625 0.0984375
3 0.825 0.50625 0.046875 0.1015625
3 0.86875 0.521875 0.0421875 0.0734375
3 0.909375 0.509375 0.0578125 0.0859375
3 0.9609375 0.4828125 0.04375 0.075
3 0.15859375 0.96171875 0.0328125 0.0765625
3 0.209375 0.9515625 0.0390625 0.08125
3 0.259375 0.946875 0.0453125 0.0734375
3 0.309375 0.940625 0.0421875 0.08125
3 0.3875 0.95234375 0.04375 0.0953125
3 0.4375 0.95 0.0484375 0.0984375
3 0.4828125 0.96484375 0.046875 0.0703125
3 0.534375 0.95625 0.0453125 0.0859375
3 0.590625 0.925 0.046875 0.078125
3 0.634375 0.925 0.0375 0.0828125
3 0.68125 0.93125 0.0421875 0.0984375