3 0.83125 0.3640625 0.053125 0.08125
4 0.871875 0.38125 0.04375 0.0609375
3 0.175 0.81875 0.0390625 0.0796875
3 0.25625 0.809375 0.0578125 0.075
4 0.2984375 0.81875 0.0375 0.046875
4 0.0375 0.375 0.0390625 0.05625
3 0.146875 0.365625 0.040625 0.0703125
11 0.240625 0.3609375 0.0453125 0.084375
11 0.328125 0.384375 0.0390625 0.0765625
11 0.4109375 0.39375 0.040625 0.0765625
3 0.5609375 0.3609375 0.04375 0.065625
3 0.6453125 0.3625 0.05 0.0734375
11 0.690625 0.359375 0.0421875 0.0734375
11 0.34375 0.828125 0.0453125 0.0796875
3 0.778125 0.3671875 0.0515625 0.075
11 0.9234375 0.384375 0.040625 0.0734375
3 0.096875 0.38125 0.046875 0.0828125
3 0.5015625 0.3671875 0.053125 0.071875
3 0.0203125 0.8359375 0.040625 0.078125
3 0.071875 0.83125 0.0359375 0.0765625
3 0.1234375 0.828125 0.0375 0.0796875
3 0.421875 0.828125 0.040625 0.0953125
3 0.46875 0.8359375 0.0328125 0.075
3 0.515625 0.83125 0.0359375 0.0859375
3 0.5640625 0.83125 0.034375 0.0796875
3 0.6421875 0.834375 0.040625 0.1015625
3 0.6875 0.8328125 0.0359375 0.109375
3 0.7328125 0.846875 0.034375 0.0765625
3 0.778125 0.8375 0.0328125 0.0921875
3 0.8265625 0.8140625 0.040625 0.071875
3 0.8703125 0.80625 0.040625 0.0671875
3 0.9140625 0.81875 0.0375 0.0890625
3 0.959375 0.809375 0.0390625 0.0765625