4 0.6015625 0.28125 0.03125 0.0578125
11 0.6515625 0.290625 0.046875 0.0734375
3 0.0453125 0.7328125 0.04375 0.08125
3 0.1375 0.715625 0.0578125 0.0765625
3 0.0484375 0.2859375 0.05 0.0875
3 0.140625 0.2703125 0.0625 0.078125
3 0.478125 0.284375 0.0390625 0.0828125
3 0.5609375 0.26875 0.059375 0.075
4 0.178125 0.725 0.0328125 0.0515625
4 0.23125 0.725 0.040625 0.0515625
4 0.18125 0.28125 0.034375 0.0578125
4 0.2296875 0.28125 0.0375 0.05
3 0.2890625 0.278125 0.05625 0.0890625
3 0.2859375 0.725 0.053125 0.0796875
3 0.328125 0.30625 0.0375 0.0734375
3 0.378125 0.2984375 0.0375 0.084375
3 0.425 0.2859375 0.0359375 0.084375
3 0.725 0.29375 0.0375 0.0984375
3 0.775 0.29375 0.0359375 0.0875
3 0.821875 0.290625 0.0328125 0.090625
3 0.86875 0.2953125 0.0375 0.075
3 0.9484375 0.3 0.0375 0.10625
3 0.328125 0.753125 0.0453125 0.0734375
3 0.378125 0.7390625 0.0328125 0.08125
3 0.4296875 0.734375 0.0375 0.0828125
3 0.478125 0.728125 0.0359375 0.084375
3 0.55625 0.746875 0.0375 0.103125
3 0.603125 0.74375 0.0359375 0.103125
3 0.653125 0.759375 0.0375 0.0796875
3 0.7015625 0.75 0.034375 0.090625
3 0.7515625 0.71875 0.04375 0.0828125
3 0.803125 0.7140625 0.0359375 0.08125
3 0.85 0.71875 0.0390625 0.1125
3 0.9 0.7109375 0.04375 0.084375