11 0.03125 0.228125 0.0453125 0.071875
3 0.6171875 0.240625 0.040625 0.0734375
11 0.7125 0.23125 0.0375 0.0734375
11 0.7953125 0.2546875 0.040625 0.084375
11 0.8828125 0.2625 0.0375 0.075
11 0.815625 0.7 0.0390625 0.0765625
3 0.4046875 0.275 0.040625 0.0734375
3 0.4640625 0.23125 0.065625 0.071875
3 0.025 0.684375 0.046875 0.0734375
3 0.2171875 0.6875 0.040625 0.0828125
3 0.30625 0.678125 0.0515625 0.0703125
4 0.39375 0.690625 0.0328125 0.0421875
3 0.453125 0.6859375 0.0546875 0.075
3 0.6375 0.6875 0.0421875 0.0765625
3 0.728125 0.68125 0.059375 0.0703125
4 0.35 0.6875 0.03125 0.05
4 0.509375 0.24375 0.0359375 0.0484375
4 0.7703125 0.6875 0.03125 0.0453125
3 0.115625 0.2375 0.046875 0.0734375
3 0.16875 0.2296875 0.0390625 0.06875
3 0.2484375 0.271875 0.04375 0.065625
3 0.3 0.253125 0.0359375 0.109375
3 0.353125 0.26875 0.040625 0.0875
3 0.5640625 0.253125 0.040625 0.0796875
3 0.9765625 0.2375 0.046875 0.0671875
3 0.065625 0.7109375 0.0421875 0.071875
3 0.115625 0.703125 0.0328125 0.0765625
3 0.165625 0.696875 0.0390625 0.08125
3 0.49375 0.7171875 0.0328125 0.06875
3 0.54375 0.703125 0.0359375 0.0828125
3 0.59375 0.696875 0.0359375 0.0796875
3 0.89375 0.7015625 0.0359375 0.090625
3 0.940625 0.703125 0.0390625 0.075