3 0.190625 0.115625 0.0390625 0.0734375
3 0.234375 0.11875 0.04375 0.0671875
3 0.290625 0.075 0.0515625 0.0703125
3 0.115625 0.5703125 0.0390625 0.075
3 0.18125 0.521875 0.0546875 0.0703125
3 0.74375 0.5234375 0.0421875 0.065625
3 0.834375 0.521875 0.0515625 0.0671875
3 0.965625 0.528125 0.0546875 0.0703125
3 0.4390625 0.96796875 0.053125 0.0640625
3 0.33125 0.53125 0.0453125 0.078125
11 0.4265625 0.528125 0.05 0.084375
11 0.5125 0.546875 0.05 0.075
11 0.596875 0.553125 0.0453125 0.0703125
11 0.8765625 0.5234375 0.0375 0.078125
3 0.421875 0.08125 0.040625 0.0765625
11 0.5 0.0796875 0.0421875 0.075
11 0.5703125 0.1 0.05 0.075
11 0.640625 0.109375 0.0421875 0.0703125
4 0.2203125 0.534375 0.034375 0.05
4 0.325 0.0875 0.034375 0.05
3 0.096875 0.115625 0.0390625 0.065625
3 0.021875 0.075 0.040625 0.0671875
3 0.1421875 0.1 0.0375 0.1015625
3 0.378125 0.090625 0.0453125 0.0828125
3 0.71875 0.078125 0.0390625 0.071875
3 0.759375 0.084375 0.0421875 0.08125
3 0.84375 0.1171875 0.0390625 0.071875
3 0.8921875 0.10625 0.0375 0.065625
3 0.9375 0.1046875 0.0421875 0.071875
3 0.9796875 0.096875 0.040625 0.078125
3 0.015625 0.5484375 0.0296875 0.10625
3 0.0640625 0.5640625 0.040625 0.08125
3 0.28125 0.546875 0.0421875 0.078125
3 0.690625 0.5296875 0.0453125 0.078125