3 0.484375 0.4125 0.0390625 0.0671875
3 0.55 0.3640625 0.0515625 0.071875
4 0.59375 0.384375 0.0359375 0.05625
11 0.028125 0.375 0.034375 0.0828125
11 0.115625 0.36875 0.0578125 0.0625
3 0.6984375 0.375 0.0375 0.071875
11 0.796875 0.36875 0.040625 0.078125
11 0.878125 0.390625 0.034375 0.0796875
11 0.9625 0.3953125 0.046875 0.078125
3 0.725 0.825 0.040625 0.0859375
3 0.8125 0.8125 0.0546875 0.0765625
4 0.853125 0.821875 0.0328125 0.0578125
11 0.8984375 0.834375 0.040625 0.071875
4 0.040625 0.821875 0.0453125 0.0640625
3 0.296875 0.8265625 0.0390625 0.08125
3 0.3890625 0.8125 0.05 0.0671875
4 0.428125 0.828125 0.0390625 0.0453125
4 0.4765625 0.8234375 0.03125 0.046875
3 0.1046875 0.81875 0.053125 0.071875
3 0.5375 0.81875 0.0515625 0.0734375
3 0.2015625 0.371875 0.04375 0.0703125
3 0.246875 0.36875 0.0359375 0.06875
3 0.328125 0.409375 0.0421875 0.071875
3 0.384375 0.3953125 0.040625 0.109375
3 0.434375 0.40625 0.0375 0.075
3 0.65 0.390625 0.0390625 0.0765625
3 0.146875 0.8515625 0.0390625 0.078125
3 0.196875 0.840625 0.0375 0.08125
3 0.246875 0.834375 0.0375 0.084375
3 0.578125 0.8515625 0.0359375 0.075
3 0.621875 0.8375 0.0359375 0.0765625
3 0.675 0.834375 0.0328125 0.078125
3 0.9734375 0.8375 0.040625 0.0859375