3 0.0796875 0.359375 0.0375 0.075
3 0.14375 0.3171875 0.0546875 0.075
4 0.06875 0.775 0.034375 0.04375
3 0.1265625 0.76875 0.059375 0.0703125
3 0.31875 0.775 0.0421875 0.084375
3 0.40625 0.7625 0.0546875 0.0671875
4 0.1875 0.33125 0.0359375 0.0453125
4 0.0234375 0.771875 0.028125 0.05
4 0.4453125 0.771875 0.034375 0.0546875
3 0.29375 0.321875 0.0359375 0.06875
11 0.39375 0.315625 0.05 0.075
11 0.471875 0.3421875 0.046875 0.078125
11 0.55625 0.35 0.0421875 0.0765625
11 0.49375 0.7859375 0.0421875 0.075
3 0.70625 0.315625 0.0390625 0.0640625
3 0.79375 0.31875 0.0515625 0.0703125
11 0.840625 0.31875 0.0421875 0.078125
3 0.928125 0.3234375 0.0484375 0.071875
3 0.9765625 0.3203125 0.04375 0.071875
3 0.028125 0.359375 0.0421875 0.0796875
3 0.24375 0.3375 0.046875 0.0734375
3 0.65 0.321875 0.0453125 0.0734375
3 0.16875 0.8 0.0390625 0.0734375
3 0.2203125 0.790625 0.0375 0.0796875
3 0.2703125 0.7796875 0.034375 0.08125
3 0.565625 0.784375 0.0390625 0.0921875
3 0.61875 0.790625 0.0359375 0.0796875
3 0.6640625 0.7875 0.034375 0.0875
3 0.7140625 0.7875 0.040625 0.078125
3 0.7890625 0.790625 0.0375 0.0984375
3 0.8375 0.7875 0.0421875 0.1078125
3 0.878125 0.803125 0.0390625 0.078125
3 0.9234375 0.796875 0.05 0.0859375
3 0.97734375 0.76875 0.0453125 0.075
3 0.99921875 0.76875 0.0015625 0.075