14 0.096875 0.128125 0.04375 0.078125
14 0.096875 0.365625 0.0390625 0.078125
14 0.096875 0.60625 0.0421875 0.075
0 0.1 0.2421875 0.040625 0.0390625
0 0.0984375 0.478125 0.04375 0.0390625
0 0.1 0.71875 0.0390625 0.0390625
2 0.140625 0.1109375 0.021875 0.0328125
2 0.1390625 0.2375 0.021875 0.03125
2 0.1359375 0.346875 0.01875 0.0296875
2 0.1375 0.475 0.0203125 0.0328125
2 0.1375 0.584375 0.0203125 0.03125
2 0.1375 0.7125 0.0203125 0.03125
3 0.2359375 0.121875 0.0484375 0.0453125
3 0.275 0.121875 0.0375 0.046875
3 0.559375 0.1203125 0.0421875 0.0421875
3 0.5875 0.121875 0.03125 0.05
3 0.628125 0.359375 0.0484375 0.0515625
3 0.665625 0.35625 0.03125 0.0453125
11 0.78125 0.38125 0.040625 0.04375
3 0.83125 0.346875 0.0421875 0.0453125
3 0.8625 0.35 0.0328125 0.0453125
3 0.896875 0.35 0.0328125 0.0546875
3 0.91875 0.3546875 0.0328125 0.0546875
3 0.4015625 0.6 0.04375 0.04375
3 0.440625 0.60625 0.0234375 0.0515625
11 0.359375 0.1453125 0.0265625 0.04375
11 0.421875 0.1453125 0.021875 0.04375
11 0.4859375 0.14375 0.028125 0.04375
11 0.65 0.134375 0.028125 0.04375
11 0.725 0.134375 0.028125 0.0421875
11 0.803125 0.125 0.028125 0.0421875
11 0.878125 0.134375 0.028125 0.04375
11 0.18125 0.375 0.025 0.046875
11 0.2375 0.375 0.0234375 0.04375
11 0.303125 0.3703125 0.025 0.0453125
11 0.36875 0.3625 0.0234375 0.040625
11 0.4375 0.38125 0.0265625 0.04375
11 0.4984375 0.35625 0.028125 0.046875
11 0.565625 0.35625 0.0234375 0.0453125
11 0.725 0.38125 0.0265625 0.0421875
11 0.1796875 0.6109375 0.0265625 0.0421875
11 0.253125 0.6109375 0.028125 0.04375
11 0.325 0.6 0.0265625 0.04375
11 0.503125 0.6140625 0.0234375 0.0421875
11 0.5609375 0.6140625 0.0265625 0.04375
11 0.6171875 0.609375 0.0234375 0.0421875
11 0.6734375 0.6046875 0.025 0.04375
11 0.8390625 0.6 0.025 0.04375
11 0.896875 0.59375 0.0234375 0.04375
8 0.359375 0.2375 0.0296875 0.0640625
8 0.4890625 0.2375 0.0296875 0.0671875
8 0.65 0.2546875 0.03125 0.059375
8 0.8 0.2546875 0.0296875 0.0625
8 0.178125 0.49375 0.028125 0.0625
8 0.3015625 0.49375 0.03125 0.0671875
8 0.4375 0.478125 0.0296875 0.0609375
8 0.5625 0.4890625 0.025 0.06875
8 0.725 0.475 0.0265625 0.06875
8 0.8234375 0.475 0.028125 0.06875
8 0.1796875 0.728125 0.0265625 0.0578125
8 0.321875 0.728125 0.028125 0.059375
8 0.503125 0.728125 0.0296875 0.0671875
8 0.615625 0.71875 0.0265625 0.06875
5 0.75 0.703125 0.0296875 0.0265625