14 0.940625 0.11875 0.0453125 0.08125
14 0.9390625 0.365625 0.0421875 0.08125
14 0.940625 0.615625 0.04375 0.078125
0 0.9359375 0.2375 0.0421875 0.040625
0 0.9375 0.4828125 0.0453125 0.040625
0 0.9375 0.7328125 0.0421875 0.040625
2 0.8953125 0.1 0.0234375 0.034375
2 0.896875 0.23125 0.0234375 0.0328125
2 0.9 0.3453125 0.0203125 0.03125
2 0.8984375 0.4796875 0.021875 0.034375
2 0.896875 0.59375 0.0203125 0.0328125
2 0.896875 0.728125 0.021875 0.0328125
3 0.79375 0.1125 0.0515625 0.046875
3 0.753125 0.109375 0.0390625 0.05
3 0.45625 0.109375 0.04375 0.04375
3 0.4265625 0.109375 0.0328125 0.0515625
3 0.384375 0.359375 0.05 0.053125
3 0.346875 0.3546875 0.0328125 0.046875
11 0.225 0.3828125 0.0421875 0.0453125
3 0.1734375 0.34375 0.04375 0.046875
3 0.1390625 0.346875 0.034375 0.0484375
3 0.1046875 0.35 0.034375 0.05625
3 0.0828125 0.353125 0.034375 0.05625
3 0.621875 0.609375 0.0453125 0.046875
3 0.5796875 0.6171875 0.025 0.0546875
11 0.665625 0.134375 0.028125 0.0453125
11 0.6 0.134375 0.0234375 0.0453125
11 0.534375 0.134375 0.028125 0.0453125
11 0.3625 0.125 0.0296875 0.0453125
11 0.284375 0.125 0.0296875 0.04375
11 0.203125 0.1140625 0.0296875 0.04375
11 0.1234375 0.1234375 0.0296875 0.0453125
11 0.8515625 0.375 0.0265625 0.0484375
11 0.7921875 0.375 0.0234375 0.0453125
11 0.725 0.36875 0.0265625 0.046875
11 0.65625 0.3625 0.025 0.04375
11 0.584375 0.38125 0.028125 0.0453125
11 0.5203125 0.35625 0.028125 0.05
11 0.4515625 0.35625 0.025 0.046875
11 0.284375 0.38125 0.028125 0.04375
11 0.853125 0.621875 0.028125 0.04375
11 0.778125 0.621875 0.028125 0.046875
11 0.703125 0.609375 0.028125 0.046875
11 0.515625 0.625 0.025 0.04375
11 0.45625 0.625 0.028125 0.046875
11 0.396875 0.6203125 0.0234375 0.04375
11 0.3375 0.615625 0.025 0.046875
11 0.165625 0.609375 0.025 0.0453125
11 0.1046875 0.6046875 0.025 0.04375
8 0.665625 0.23125 0.03125 0.065625
8 0.5296875 0.2328125 0.03125 0.0703125
8 0.3625 0.25 0.03125 0.0625
8 0.2046875 0.25 0.03125 0.0640625
8 0.85625 0.5 0.0296875 0.0640625
8 0.7265625 0.5 0.034375 0.0703125
8 0.584375 0.48125 0.03125 0.0640625
8 0.453125 0.49375 0.0265625 0.071875
8 0.2828125 0.4796875 0.028125 0.071875
8 0.18125 0.478125 0.0296875 0.071875
8 0.853125 0.74375 0.028125 0.059375
8 0.70625 0.74375 0.028125 0.0625
8 0.515625 0.74375 0.0296875 0.0703125
8 0.396875 0.734375 0.028125 0.0703125
5 0.25625 0.7171875 0.03125 0.028125