14 0.99375 0.85625 0.0109375 0.090625
14 0.99375 0.578125 0.0109375 0.0921875
14 0.99375 0.2953125 0.0109375 0.0875
0 0.9921875 0.721875 0.015625 0.04375
0 0.99296875 0.44375 0.0140625 0.046875
0 0.99296875 0.16171875 0.0140625 0.0453125
2 0.9609375 0.8765625 0.0265625 0.0390625
2 0.9625 0.728125 0.0265625 0.0359375
2 0.965625 0.5984375 0.021875 0.0359375
2 0.965625 0.446875 0.025 0.0390625
2 0.9625 0.31875 0.0234375 0.0375
2 0.9625 0.16875 0.025 0.0375
3 0.846875 0.8625 0.0578125 0.053125
3 0.8015625 0.865625 0.04375 0.05625
3 0.465625 0.865625 0.05 0.05
3 0.43125 0.8640625 0.0375 0.059375
3 0.3828125 0.584375 0.0578125 0.059375
3 0.340625 0.5875 0.0375 0.053125
11 0.2015625 0.55625 0.046875 0.0515625
3 0.14375 0.6 0.0484375 0.0515625
3 0.1046875 0.596875 0.0375 0.053125
3 0.065625 0.59375 0.0390625 0.0640625
3 0.040625 0.5890625 0.0390625 0.0625
3 0.6515625 0.3 0.0515625 0.053125
3 0.603125 0.2921875 0.028125 0.0609375
11 0.703125 0.8359375 0.03125 0.0515625
11 0.628125 0.8359375 0.0265625 0.0515625
11 0.5515625 0.8375 0.03125 0.0515625
11 0.3578125 0.8484375 0.0328125 0.0515625
11 0.26875 0.846875 0.034375 0.05
11 0.178125 0.859375 0.0328125 0.0484375
11 0.0875 0.85 0.0328125 0.0515625
11 0.9125 0.565625 0.0296875 0.0546875
11 0.84375 0.5640625 0.028125 0.0515625
11 0.76875 0.571875 0.0296875 0.053125
11 0.690625 0.58125 0.028125 0.0484375
11 0.609375 0.55625 0.03125 0.0515625
11 0.5375 0.5875 0.0328125 0.0546875
11 0.459375 0.5875 0.028125 0.0515625
11 0.2703125 0.5578125 0.03125 0.0484375
11 0.9140625 0.2875 0.03125 0.0484375
11 0.828125 0.2875 0.0328125 0.053125
11 0.7421875 0.3 0.03125 0.053125
11 0.53125 0.284375 0.028125 0.0484375
11 0.4625 0.284375 0.03125 0.053125
11 0.396875 0.2875 0.028125 0.0484375
11 0.3296875 0.29375 0.028125 0.053125
11 0.134375 0.3 0.028125 0.0515625
11 0.065625 0.30625 0.028125 0.0515625
8 0.7015625 0.728125 0.0359375 0.075
8 0.546875 0.7265625 0.0359375 0.078125
8 0.3578125 0.70625 0.0375 0.0703125
8 0.178125 0.70625 0.0359375 0.0734375
8 0.915625 0.425 0.0328125 0.0734375
8 0.7703125 0.425 0.0375 0.0796875
8 0.609375 0.44375 0.0359375 0.071875
8 0.4609375 0.43125 0.0296875 0.0796875
8 0.2671875 0.446875 0.03125 0.08125
8 0.153125 0.4484375 0.0328125 0.08125
8 0.9140625 0.146875 0.03125 0.0671875
8 0.746875 0.146875 0.0328125 0.06875
8 0.53125 0.15 0.034375 0.0796875
8 0.396875 0.159375 0.03125 0.08125
5 0.2375 0.178125 0.0359375 0.0296875
0 0.99921875 0.44375 0.0015625 0.046875
0 0.99921875 0.16171875 0.0015625 0.0453125