5 0.825 0.20625 0.028125 0.0203125
3 0.428125 0.7125 0.025 0.0484375
0 0.059375 0.04375 0.0375 0.046875
0 0.0609375 0.809375 0.0359375 0.0453125
11 0.1390625 0.2 0.0265625 0.046875
3 0.603125 0.2 0.0265625 0.0484375
0 0.059375 0.55625 0.0359375 0.046875
3 0.2 0.203125 0.0359375 0.0484375
5 0.83125 0.45625 0.025 0.0234375
3 0.6375 0.45625 0.025 0.0484375
14 0.05625 0.4625 0.0359375 0.075
8 0.8234375 0.803125 0.0296875 0.046875
14 0.05625 0.20625 0.034375 0.0765625
8 0.4640625 0.80625 0.028125 0.0515625
3 0.671875 0.4546875 0.0234375 0.04375
3 0.5703125 0.4578125 0.028125 0.0515625
0 0.0625 0.3 0.0359375 0.046875
3 0.390625 0.71875 0.0265625 0.05
3 0.634375 0.203125 0.0265625 0.05
8 0.834375 0.553125 0.0296875 0.0484375
14 0.0578125 0.7171875 0.0359375 0.075
3 0.66875 0.2015625 0.0234375 0.046875
8 0.8265625 0.30625 0.028125 0.0484375
11 0.3328125 0.7125 0.028125 0.0515625
8 0.10625 0.296875 0.0265625 0.046875
11 0.75625 0.2125 0.0265625 0.0453125
3 0.10625 0.2 0.0328125 0.0484375
11 0.703125 0.203125 0.0265625 0.0484375
8 0.684375 0.8109375 0.0296875 0.05
11 0.7609375 0.4671875 0.028125 0.0484375
3 0.1625 0.45625 0.028125 0.0515625
8 0.703125 0.5609375 0.028125 0.05
8 0.3640625 0.2953125 0.0265625 0.046875
8 0.234375 0.559375 0.028125 0.05
8 0.703125 0.046875 0.0265625 0.0484375
8 0.909375 0.803125 0.0296875 0.05
8 0.103125 0.046875 0.028125 0.0515625
11 0.234375 0.475 0.0265625 0.0484375
8 0.103125 0.5578125 0.0265625 0.05
11 0.3640625 0.2 0.0265625 0.046875
11 0.234375 0.2109375 0.028125 0.05
11 0.103125 0.7078125 0.0265625 0.05
8 0.8328125 0.040625 0.028125 0.046875
11 0.1046875 0.4625 0.028125 0.053125
3 0.603125 0.4546875 0.025 0.046875
8 0.234375 0.046875 0.0296875 0.05
3 0.56875 0.203125 0.028125 0.053125
11 0.6875 0.7140625 0.0265625 0.05
8 0.46875 0.3 0.0265625 0.046875
8 0.234375 0.3 0.0296875 0.0484375
3 0.196875 0.4640625 0.0265625 0.0515625
8 0.9140625 0.040625 0.028125 0.0484375
8 0.70625 0.2953125 0.028125 0.046875
8 0.3640625 0.559375 0.0265625 0.05
11 0.36875 0.453125 0.025 0.046875
8 0.56875 0.559375 0.0265625 0.05
8 0.103125 0.815625 0.0265625 0.05
11 0.1578125 0.709375 0.028125 0.05
8 0.209375 0.8125 0.0296875 0.05
11 0.709375 0.4578125 0.0265625 0.05
8 0.565625 0.2953125 0.0265625 0.0453125
8 0.915625 0.553125 0.0296875 0.05
8 0.46875 0.559375 0.0265625 0.05
11 0.209375 0.7234375 0.0265625 0.046875
8 0.56875 0.04375 0.0265625 0.0484375
8 0.33125 0.81875 0.028125 0.0453125
11 0.265625 0.7125 0.028125 0.0484375
8 0.46875 0.046875 0.028125 0.05
8 0.465625 0.7125 0.0265625 0.0453125
8 0.565625 0.821875 0.028125 0.0453125
11 0.5671875 0.71875 0.028125 0.05
8 0.9125 0.30625 0.0296875 0.0515625
11 0.628125 0.709375 0.0265625 0.0484375
8 0.365625 0.04375 0.025 0.0484375
11 0.75 0.71875 0.028125 0.0515625
11 0.2953125 0.471875 0.025 0.0453125
11 0.290625 0.2125 0.028125 0.046875
7 0.4234375 0.45625 0.03125 0.05
7 0.425 0.2046875 0.0328125 0.05
5 0.821875 0.7375 0.0265625 0.0203125