0 0.1125 0.1453125 0.0390625 0.0453125
3 0.48125 0.8125 0.0234375 0.046875
0 0.1125 0.65625 0.0390625 0.0453125
0 0.1125 0.909375 0.0375 0.0453125
5 0.878125 0.3015625 0.025 0.021875
3 0.725 0.040625 0.025 0.046875
3 0.6890625 0.04375 0.025 0.0515625
3 0.253125 0.3 0.034375 0.046875
3 0.159375 0.3 0.0328125 0.046875
3 0.6890625 0.55625 0.025 0.05
8 0.884375 0.140625 0.028125 0.046875
3 0.725 0.553125 0.025 0.0453125
3 0.4453125 0.81875 0.028125 0.05
5 0.8828125 0.55625 0.025 0.0234375
3 0.65625 0.040625 0.0265625 0.046875
8 0.884375 0.6515625 0.028125 0.046875
3 0.215625 0.0421875 0.028125 0.0515625
14 0.1125 0.046875 0.0359375 0.0765625
8 0.875 0.903125 0.0296875 0.046875
3 0.653125 0.29375 0.0265625 0.0484375
3 0.684375 0.296875 0.025 0.0515625
11 0.8125 0.5625 0.028125 0.0484375
3 0.71875 0.2953125 0.0234375 0.0453125
11 0.15625 0.046875 0.028125 0.05
3 0.615625 0.3015625 0.028125 0.053125
14 0.1125 0.3046875 0.0359375 0.078125
8 0.51875 0.9046875 0.028125 0.05
11 0.384375 0.8125 0.0265625 0.0484375
11 0.190625 0.2953125 0.028125 0.046875
8 0.290625 0.3921875 0.0296875 0.046875
3 0.215625 0.5578125 0.028125 0.05
14 0.1125 0.815625 0.0359375 0.0765625
8 0.759375 0.659375 0.0265625 0.05
11 0.15625 0.559375 0.028125 0.0515625
11 0.815625 0.040625 0.0265625 0.0484375
11 0.1515625 0.80625 0.0265625 0.0484375
11 0.7375 0.8125 0.0265625 0.05
3 0.25 0.5609375 0.0265625 0.0515625
11 0.809375 0.3125 0.0265625 0.046875
11 0.2875 0.571875 0.028125 0.0484375
11 0.2625 0.8234375 0.028125 0.0484375
14 0.1125 0.5625 0.0359375 0.0765625
11 0.415625 0.29375 0.0265625 0.046875
8 0.2890625 0.146875 0.0296875 0.05
8 0.5171875 0.8125 0.025 0.0453125
11 0.75625 0.2984375 0.025 0.046875
8 0.75625 0.3984375 0.028125 0.046875
11 0.34375 0.059375 0.028125 0.0453125
11 0.61875 0.815625 0.028125 0.053125
8 0.41875 0.659375 0.0265625 0.05
0 0.1125 0.396875 0.0359375 0.046875
8 0.1546875 0.146875 0.025 0.05
3 0.25 0.046875 0.0265625 0.0546875
8 0.7375 0.9109375 0.028125 0.05
8 0.9609375 0.903125 0.0296875 0.0484375
11 0.2875 0.059375 0.0296875 0.05
11 0.421875 0.040625 0.0265625 0.046875
8 0.759375 0.14375 0.028125 0.05
8 0.51875 0.659375 0.0265625 0.0484375
8 0.284375 0.659375 0.0296875 0.0484375
11 0.2875 0.30625 0.028125 0.0484375
8 0.878125 0.403125 0.028125 0.05
11 0.421875 0.553125 0.0265625 0.046875
8 0.61875 0.39375 0.028125 0.0453125
8 0.615625 0.91875 0.028125 0.046875
8 0.4203125 0.4 0.028125 0.046875
8 0.61875 0.659375 0.0265625 0.0484375
8 0.61875 0.146875 0.0265625 0.0484375
3 0.65625 0.553125 0.025 0.046875
8 0.2578125 0.9125 0.0296875 0.0515625
8 0.525 0.4 0.0265625 0.0453125
11 0.3125 0.809375 0.0265625 0.0484375
8 0.4203125 0.14375 0.028125 0.05
8 0.5203125 0.146875 0.0265625 0.05
11 0.34375 0.571875 0.0265625 0.0453125
8 0.3828125 0.91875 0.028125 0.046875
3 0.621875 0.5578125 0.0265625 0.05
11 0.209375 0.809375 0.0265625 0.0484375
11 0.8 0.8171875 0.028125 0.0515625
8 0.1515625 0.3984375 0.028125 0.0453125
11 0.678125 0.80625 0.0265625 0.05
5 0.8734375 0.8359375 0.028125 0.0203125
8 0.96875 0.140625 0.028125 0.046875
8 0.9609375 0.40625 0.0265625 0.05
8 0.1546875 0.659375 0.025 0.0484375
11 0.3421875 0.3125 0.028125 0.046875
8 0.9703125 0.653125 0.0296875 0.05
8 0.1546875 0.9125 0.025 0.05
3 0.61875 0.0421875 0.028125 0.05
7 0.471875 0.04375 0.0328125 0.05
11 0.759375 0.5578125 0.025 0.046875
7 0.475 0.5578125 0.03125 0.0484375
5 0.8828125 0.065625 0.0265625 0.021875
7 0.471875 0.303125 0.034375 0.05
11 0.759375 0.0421875 0.025 0.046875