0 0.125 0.325 0.0359375 0.04375
0 0.0796875 0.5796875 0.0390625 0.046875
3 0.2203125 0.7375 0.0359375 0.046875
0 0.078125 0.8375 0.0375 0.0453125
3 0.6859375 0.7328125 0.0234375 0.046875
14 0.0796875 0.74375 0.0359375 0.078125
8 0.190625 0.3203125 0.0265625 0.046875
3 0.271875 0.221875 0.0234375 0.05
5 0.84375 0.740625 0.0265625 0.0203125
3 0.621875 0.478125 0.0265625 0.0484375
3 0.671875 0.225 0.0234375 0.0484375
5 0.85 0.503125 0.0265625 0.021875
3 0.6578125 0.48125 0.0265625 0.0515625
8 0.8515625 0.578125 0.028125 0.046875
3 0.184375 0.4796875 0.025 0.05
8 0.490625 0.83125 0.028125 0.0453125
8 0.934375 0.578125 0.028125 0.0484375
8 0.7375 0.3203125 0.0296875 0.046875
8 0.609375 0.3203125 0.028125 0.046875
11 0.7375 0.225 0.0265625 0.046875
8 0.121875 0.58125 0.028125 0.05
8 0.253125 0.83125 0.03125 0.046875
14 0.078125 0.4890625 0.034375 0.078125
8 0.725 0.584375 0.028125 0.05
8 0.5859375 0.5859375 0.028125 0.05
11 0.190625 0.225 0.025 0.0453125
11 0.121875 0.4859375 0.028125 0.0515625
3 0.21875 0.48125 0.025 0.053125
8 0.4203125 0.31875 0.0265625 0.0453125
8 0.384375 0.5828125 0.028125 0.05
3 0.69375 0.4796875 0.025 0.046875
11 0.78125 0.478125 0.0265625 0.046875
11 0.3875 0.478125 0.0265625 0.046875
8 0.1234375 0.83125 0.0265625 0.046875
3 0.615625 0.7375 0.0265625 0.0484375
8 0.721875 0.83125 0.0296875 0.046875
14 0.125 0.2296875 0.034375 0.0765625
5 0.8546875 0.228125 0.0265625 0.0234375
11 0.775 0.75 0.028125 0.046875
8 0.384375 0.83125 0.028125 0.046875
11 0.41875 0.221875 0.0265625 0.046875
8 0.490625 0.584375 0.0265625 0.05
8 0.25 0.584375 0.028125 0.05
11 0.3078125 0.75 0.028125 0.046875
11 0.159375 0.7328125 0.028125 0.0453125
3 0.6546875 0.734375 0.0265625 0.0515625
11 0.309375 0.496875 0.0265625 0.0453125
11 0.7875 0.234375 0.028125 0.046875
8 0.8484375 0.8453125 0.028125 0.05
11 0.721875 0.7375 0.0265625 0.046875
8 0.51875 0.3203125 0.0265625 0.046875
3 0.64375 0.221875 0.0234375 0.046875
8 0.584375 0.83125 0.0265625 0.0453125
8 0.303125 0.31875 0.028125 0.046875
8 0.9359375 0.3265625 0.03125 0.0515625
11 0.35 0.234375 0.025 0.046875
7 0.44375 0.48125 0.0328125 0.05
3 0.6046875 0.225 0.0265625 0.05
11 0.253125 0.746875 0.028125 0.05
8 0.8578125 0.328125 0.0265625 0.05
11 0.725 0.4828125 0.0265625 0.0484375
8 0.93125 0.840625 0.028125 0.0515625
3 0.584375 0.7375 0.0265625 0.0515625
3 0.240625 0.221875 0.025 0.046875
11 0.384375 0.73125 0.025 0.046875
11 0.25625 0.4953125 0.0265625 0.05
3 0.70625 0.221875 0.025 0.0453125
3 0.5890625 0.478125 0.028125 0.0515625
11 0.30625 0.23125 0.0265625 0.0515625
7 0.4375 0.7375 0.0328125 0.046875
3 0.125 0.7375 0.0328125 0.046875
7 0.46875 0.225 0.0328125 0.05