5 0.8125 0.2703125 0.028125 0.021875
11 0.125 0.2625 0.028125 0.046875
3 0.1875 0.265625 0.034375 0.0484375
3 0.415625 0.7765625 0.025 0.046875
5 0.81875 0.0296875 0.0265625 0.021875
14 0.0453125 0.53125 0.0359375 0.078125
3 0.621875 0.5234375 0.025 0.0515625
0 0.0453125 0.109375 0.0375 0.0484375
0 0.046875 0.621875 0.0359375 0.0453125
11 0.35 0.2625 0.0265625 0.046875
11 0.19375 0.790625 0.0265625 0.046875
0 0.0484375 0.3671875 0.0359375 0.046875
5 0.81875 0.521875 0.025 0.0234375
11 0.2765625 0.275 0.0265625 0.046875
0 0.046875 0.871875 0.0359375 0.046875
14 0.0453125 0.2703125 0.0359375 0.0765625
8 0.3515625 0.3625 0.028125 0.046875
3 0.584375 0.2640625 0.0265625 0.046875
8 0.0875 0.109375 0.028125 0.05
3 0.5875 0.5203125 0.025 0.046875
11 0.353125 0.521875 0.0265625 0.046875
3 0.3796875 0.7859375 0.0265625 0.0515625
8 0.671875 0.875 0.028125 0.05
3 0.6203125 0.265625 0.0265625 0.0484375
8 0.3515625 0.109375 0.028125 0.05
8 0.896875 0.8671875 0.028125 0.0484375
8 0.45 0.871875 0.028125 0.0515625
8 0.0890625 0.3625 0.0265625 0.046875
8 0.8109375 0.86875 0.0296875 0.0484375
8 0.4546875 0.1125 0.0265625 0.05
8 0.8203125 0.615625 0.0296875 0.046875
8 0.5546875 0.3625 0.028125 0.0453125
3 0.184375 0.528125 0.025 0.053125
11 0.671875 0.7765625 0.028125 0.05
11 0.75 0.5328125 0.028125 0.0484375
11 0.0875 0.7734375 0.025 0.046875
3 0.659375 0.521875 0.0234375 0.0453125
11 0.225 0.025 0.0265625 0.046875
8 0.1984375 0.8796875 0.028125 0.05
3 0.55625 0.525 0.0265625 0.05
11 0.278125 0.5375 0.0265625 0.0453125
8 0.0875 0.6234375 0.028125 0.05
8 0.2203125 0.6234375 0.028125 0.0484375
11 0.278125 0.0265625 0.0265625 0.0453125
8 0.8203125 0.1046875 0.0296875 0.046875
8 0.221875 0.1125 0.0296875 0.05
14 0.0453125 0.784375 0.0359375 0.0765625
8 0.4546875 0.621875 0.0265625 0.0484375
8 0.6875 0.359375 0.0296875 0.0484375
11 0.2515625 0.775 0.0265625 0.0484375
3 0.15 0.525 0.028125 0.0515625
8 0.553125 0.8859375 0.028125 0.046875
3 0.553125 0.2625 0.028125 0.053125
8 0.35 0.625 0.0265625 0.05
11 0.221875 0.534375 0.028125 0.0515625
8 0.221875 0.3625 0.0296875 0.046875
8 0.896875 0.3671875 0.03125 0.05
8 0.8125 0.36875 0.0296875 0.0484375
11 0.690625 0.265625 0.028125 0.05
11 0.3203125 0.778125 0.028125 0.0484375
8 0.0859375 0.878125 0.028125 0.05
8 0.31875 0.884375 0.028125 0.046875
8 0.4515625 0.778125 0.0265625 0.046875
8 0.69375 0.109375 0.028125 0.0515625
11 0.6125 0.775 0.0265625 0.046875
8 0.69375 0.6265625 0.028125 0.05
11 0.553125 0.78125 0.028125 0.0515625
11 0.7375 0.78125 0.0265625 0.0515625
8 0.5546875 0.1109375 0.0265625 0.0484375
8 0.453125 0.359375 0.028125 0.046875
11 0.740625 0.275 0.028125 0.046875
11 0.14375 0.775 0.0265625 0.046875
11 0.6953125 0.525 0.0265625 0.046875
3 0.6546875 0.2640625 0.025 0.0453125
11 0.0921875 0.528125 0.028125 0.0515625
8 0.9 0.103125 0.0296875 0.05
11 0.221875 0.275 0.0265625 0.05
8 0.553125 0.6203125 0.0265625 0.046875
7 0.409375 0.2640625 0.0328125 0.0484375
8 0.9015625 0.61875 0.0296875 0.05
5 0.809375 0.803125 0.025 0.021875
7 0.40625 0.521875 0.03125 0.05
3 0.09375 0.265625 0.0328125 0.0484375