5 0.8375 0.53125 0.028125 0.0203125
0 0.071875 0.36875 0.0375 0.046875
3 0.2140625 0.528125 0.0359375 0.046875
5 0.846875 0.015625 0.028125 0.0234375
11 0.153125 0.525 0.028125 0.046875
5 0.840625 0.78125 0.025 0.0234375
14 0.06875 0.7890625 0.0359375 0.0765625
0 0.06875 0.621875 0.0359375 0.0484375
0 0.071875 0.884375 0.0359375 0.0453125
8 0.1828125 0.109375 0.025 0.046875
3 0.6125 0.525 0.0265625 0.0484375
3 0.65 0.78125 0.025 0.0484375
14 0.06875 0.275 0.0359375 0.078125
8 0.603125 0.109375 0.028125 0.046875
3 0.646875 0.528125 0.025 0.05
5 0.840625 0.290625 0.0265625 0.021875
11 0.378125 0.525 0.0265625 0.046875
8 0.115625 0.621875 0.0265625 0.046875
3 0.65 0.26875 0.025 0.05
0 0.11875 0.1140625 0.0359375 0.046875
8 0.378125 0.6203125 0.028125 0.046875
14 0.071875 0.53125 0.0375 0.078125
3 0.2109375 0.2734375 0.0265625 0.0546875
3 0.615625 0.778125 0.025 0.0453125
11 0.3796875 0.265625 0.0265625 0.0484375
3 0.171875 0.78125 0.028125 0.0515625
8 0.84375 0.365625 0.028125 0.046875
11 0.25 0.284375 0.028125 0.05
8 0.84375 0.878125 0.0296875 0.046875
3 0.2109375 0.7890625 0.0265625 0.053125
8 0.378125 0.371875 0.0265625 0.0515625
8 0.478125 0.8859375 0.0265625 0.0515625
8 0.7171875 0.371875 0.028125 0.0515625
8 0.5109375 0.109375 0.028125 0.0484375
8 0.928125 0.365625 0.0296875 0.0484375
3 0.615625 0.2671875 0.0265625 0.046875
3 0.578125 0.528125 0.028125 0.0515625
3 0.68125 0.78125 0.0234375 0.04375
8 0.378125 0.884375 0.0265625 0.05
8 0.24375 0.8859375 0.0296875 0.05
11 0.3 0.5375 0.028125 0.046875
11 0.7734375 0.265625 0.0265625 0.0484375
8 0.846875 0.115625 0.03125 0.05
8 0.478125 0.371875 0.0265625 0.05
3 0.1703125 0.26875 0.028125 0.05
8 0.578125 0.6203125 0.028125 0.0453125
3 0.5796875 0.2671875 0.0265625 0.0515625
8 0.478125 0.625 0.028125 0.046875
8 0.1140625 0.371875 0.0265625 0.05
3 0.678125 0.521875 0.025 0.04375
11 0.7140625 0.525 0.0265625 0.0484375
8 0.928125 0.878125 0.0296875 0.0484375
11 0.771875 0.79375 0.028125 0.0484375
8 0.8359375 0.63125 0.0296875 0.05
3 0.68125 0.26875 0.0234375 0.0453125
11 0.3796875 0.778125 0.0265625 0.046875
8 0.734375 0.109375 0.03125 0.0484375
3 0.115625 0.528125 0.0328125 0.0484375
11 0.7671875 0.5375 0.028125 0.046875
8 0.1125 0.884375 0.0265625 0.05
11 0.25 0.796875 0.028125 0.05
8 0.578125 0.884375 0.025 0.05
3 0.5796875 0.784375 0.0265625 0.05
8 0.409375 0.109375 0.028125 0.046875
8 0.24375 0.3734375 0.0296875 0.05
11 0.115625 0.7890625 0.028125 0.053125
8 0.9296875 0.115625 0.0296875 0.0515625
8 0.7125 0.8875 0.028125 0.05
11 0.3 0.8 0.0265625 0.0453125
8 0.7125 0.625 0.0296875 0.0484375
11 0.115625 0.275 0.028125 0.0515625
8 0.246875 0.61875 0.0296875 0.046875
11 0.71875 0.78125 0.0265625 0.0484375
11 0.2453125 0.5359375 0.028125 0.05
11 0.71875 0.271875 0.025 0.0484375
8 0.9234375 0.628125 0.0296875 0.0515625
8 0.2953125 0.109375 0.0296875 0.046875
8 0.578125 0.371875 0.0265625 0.0484375
11 0.3015625 0.284375 0.0265625 0.0453125
7 0.434375 0.271875 0.0328125 0.0484375
7 0.43125 0.5296875 0.03125 0.0484375
7 0.434375 0.784375 0.0296875 0.05