5 0.796875 0.471875 0.0265625 0.0234375
0 0.078125 0.05625 0.0359375 0.0484375
11 0.1125 0.4640625 0.028125 0.046875
0 0.03125 0.5671875 0.0359375 0.04375
3 0.1328125 0.725 0.028125 0.0515625
3 0.171875 0.4671875 0.0359375 0.0484375
8 0.146875 0.05 0.025 0.0484375
8 0.675 0.5625 0.028125 0.046875
3 0.609375 0.725 0.025 0.0515625
8 0.540625 0.5625 0.028125 0.046875
3 0.575 0.721875 0.0265625 0.05
0 0.0328125 0.315625 0.0375 0.0484375
8 0.3375 0.5625 0.028125 0.0453125
3 0.134375 0.2125 0.028125 0.0484375
3 0.1703125 0.728125 0.0265625 0.0515625
8 0.371875 0.05 0.0265625 0.046875
8 0.209375 0.5625 0.03125 0.046875
8 0.5625 0.05 0.028125 0.046875
11 0.209375 0.478125 0.028125 0.0484375
11 0.3375 0.465625 0.0265625 0.0453125
8 0.3375 0.315625 0.028125 0.05
11 0.265625 0.7421875 0.028125 0.0453125
8 0.075 0.5625 0.028125 0.046875
8 0.071875 0.828125 0.028125 0.05
3 0.575 0.209375 0.0265625 0.0484375
0 0.0328125 0.8265625 0.0359375 0.0484375
3 0.6109375 0.2125 0.025 0.053125
8 0.0734375 0.3125 0.028125 0.05
8 0.4671875 0.05 0.0265625 0.046875
8 0.4421875 0.5625 0.0265625 0.0453125
8 0.3375 0.8265625 0.028125 0.05
11 0.075 0.21875 0.028125 0.0515625
3 0.60625 0.46875 0.0265625 0.05
3 0.6453125 0.209375 0.025 0.046875
8 0.8875 0.8203125 0.0296875 0.0484375
8 0.6765625 0.828125 0.028125 0.05
11 0.265625 0.2265625 0.028125 0.0453125
8 0.69375 0.05 0.0265625 0.0484375
8 0.678125 0.315625 0.028125 0.05
11 0.678125 0.725 0.0265625 0.05
8 0.803125 0.8203125 0.028125 0.0453125
3 0.6453125 0.721875 0.025 0.046875
11 0.2625 0.4796875 0.028125 0.0453125
8 0.8875 0.309375 0.028125 0.046875
14 0.03125 0.471875 0.0359375 0.0765625
8 0.540625 0.315625 0.028125 0.05
8 0.803125 0.309375 0.028125 0.046875
8 0.80625 0.05625 0.0265625 0.0484375
11 0.73125 0.73125 0.0265625 0.0484375
8 0.8875 0.0578125 0.028125 0.05
3 0.1703125 0.215625 0.025 0.053125
8 0.20625 0.3171875 0.028125 0.05
8 0.2546875 0.046875 0.0296875 0.0484375
3 0.571875 0.4671875 0.0265625 0.0484375
11 0.340625 0.209375 0.0265625 0.046875
8 0.796875 0.571875 0.028125 0.05
8 0.20625 0.825 0.0265625 0.0484375
14 0.0359375 0.21875 0.0359375 0.078125
11 0.678125 0.2125 0.025 0.0484375
11 0.075 0.728125 0.028125 0.0515625
11 0.340625 0.721875 0.0265625 0.046875
5 0.8046875 0.721875 0.025 0.0234375
3 0.54375 0.728125 0.028125 0.0546875
11 0.209375 0.225 0.0265625 0.05
8 0.540625 0.8265625 0.028125 0.05
8 0.884375 0.5703125 0.0296875 0.05
3 0.540625 0.4671875 0.028125 0.05
8 0.44375 0.83125 0.028125 0.0515625
3 0.64375 0.465625 0.0234375 0.046875
3 0.54375 0.2125 0.0265625 0.0515625
5 0.803125 0.234375 0.0265625 0.021875
8 0.44375 0.31875 0.0265625 0.0484375
11 0.734375 0.209375 0.0265625 0.046875
11 0.728125 0.48125 0.0265625 0.0453125
11 0.675 0.46875 0.0265625 0.0484375
11 0.209375 0.7375 0.028125 0.0484375
14 0.03125 0.73125 0.0359375 0.0765625
7 0.39375 0.4703125 0.034375 0.0484375
7 0.3921875 0.721875 0.03125 0.05
7 0.3953125 0.2109375 0.034375 0.0484375
3 0.0765625 0.4703125 0.0328125 0.0484375