5 0.8375 0.16875 0.0265625 0.021875
5 0.828125 0.68125 0.0265625 0.0234375
5 0.8328125 0.934375 0.025 0.0234375
0 0.0625 0.525 0.0390625 0.046875
3 0.634375 0.68125 0.025 0.0484375
0 0.059375 0.778125 0.0375 0.0453125
14 0.059375 0.43125 0.0359375 0.078125
3 0.66875 0.675 0.025 0.04375
3 0.6734375 0.93125 0.0234375 0.0453125
14 0.059375 0.68125 0.0359375 0.078125
14 0.0625 0.9421875 0.0375 0.078125
3 0.6875 0.1625 0.0234375 0.04375
3 0.2 0.68125 0.034375 0.046875
3 0.6390625 0.421875 0.0265625 0.0515625
8 0.175 0.2609375 0.025 0.046875
8 0.8390625 0.26875 0.0296875 0.0484375
11 0.4 0.1625 0.0265625 0.046875
3 0.6375 0.934375 0.0265625 0.0515625
3 0.603125 0.6734375 0.0265625 0.046875
11 0.2859375 0.175 0.0265625 0.046875
3 0.1625 0.425 0.0265625 0.0515625
3 0.56875 0.675 0.028125 0.053125
8 0.834375 0.51875 0.0296875 0.046875
3 0.621875 0.1625 0.025 0.0453125
11 0.175 0.165625 0.025 0.0453125
11 0.10625 0.9375 0.0296875 0.053125
3 0.109375 0.678125 0.0328125 0.0453125
8 0.4015625 0.2609375 0.028125 0.046875
11 0.2359375 0.684375 0.028125 0.0484375
11 0.7625 0.9421875 0.028125 0.0484375
3 0.571875 0.934375 0.0265625 0.05
3 0.603125 0.421875 0.025 0.046875
11 0.10625 0.428125 0.0296875 0.05
3 0.65625 0.165625 0.0265625 0.0484375
3 0.25625 0.1640625 0.0234375 0.05
11 0.759375 0.690625 0.0265625 0.0453125
11 0.290625 0.690625 0.028125 0.046875
11 0.140625 0.675 0.028125 0.0453125
3 0.675 0.4203125 0.025 0.046875
11 0.2375 0.434375 0.028125 0.0484375
11 0.334375 0.175 0.0265625 0.046875
3 0.1984375 0.425 0.0265625 0.053125
8 0.56875 0.525 0.028125 0.05
8 0.721875 0.259375 0.028125 0.0484375
8 0.103125 0.525 0.0265625 0.05
11 0.70625 0.678125 0.0265625 0.0484375
3 0.1984375 0.9375 0.028125 0.053125
3 0.1640625 0.9359375 0.0296875 0.05
8 0.2359375 0.775 0.0296875 0.0484375
8 0.4703125 0.525 0.028125 0.05
8 0.4703125 0.7734375 0.028125 0.046875
11 0.36875 0.6734375 0.0265625 0.046875
8 0.234375 0.525 0.0296875 0.0515625
11 0.2375 0.95 0.028125 0.05
0 0.109375 0.265625 0.034375 0.046875
11 0.296875 0.4390625 0.028125 0.046875
8 0.365625 0.7734375 0.028125 0.0484375
8 0.703125 0.7734375 0.03125 0.0484375
8 0.2875 0.259375 0.028125 0.046875
5 0.8328125 0.44375 0.0265625 0.021875
8 0.59375 0.2609375 0.028125 0.046875
8 0.9171875 0.265625 0.0296875 0.05
11 0.371875 0.41875 0.0265625 0.046875
8 0.365625 0.525 0.028125 0.05
8 0.91875 0.51875 0.0296875 0.046875
8 0.709375 0.525 0.028125 0.05
8 0.9109375 0.78125 0.028125 0.05
8 0.828125 0.78125 0.028125 0.05
7 0.4515625 0.165625 0.03125 0.0484375
8 0.4984375 0.2609375 0.028125 0.046875
11 0.709375 0.9375 0.028125 0.0484375
8 0.56875 0.7734375 0.028125 0.0453125
11 0.765625 0.4203125 0.0265625 0.0484375
7 0.425 0.4203125 0.0328125 0.05
11 0.2921875 0.953125 0.0265625 0.0453125
3 0.590625 0.1625 0.0265625 0.0484375
11 0.771875 0.175 0.0265625 0.0453125
3 0.6015625 0.928125 0.025 0.0484375
7 0.425 0.678125 0.034375 0.05
8 0.10625 0.7734375 0.0265625 0.046875
3 0.2234375 0.1625 0.0265625 0.0484375
11 0.709375 0.421875 0.025 0.046875
11 0.371875 0.9328125 0.0265625 0.046875
14 0.109375 0.175 0.034375 0.078125
11 0.721875 0.165625 0.0265625 0.0484375
3 0.571875 0.4234375 0.028125 0.0515625
7 0.425 0.9359375 0.03125 0.0484375