5 0.7640625 0.5484375 0.0265625 0.021875
5 0.775 0.0328125 0.0265625 0.0234375
0 0.040625 0.1296875 0.034375 0.0453125
11 0.075 0.540625 0.028125 0.0484375
3 0.134375 0.8046875 0.025 0.0515625
8 0.3015625 0.640625 0.028125 0.046875
3 0.540625 0.8 0.0265625 0.0484375
3 0.5875 0.03125 0.025 0.0515625
3 0.5734375 0.803125 0.025 0.05
3 0.1375 0.54375 0.034375 0.05
8 0.0359375 0.9015625 0.0265625 0.05
3 0.5734375 0.2859375 0.025 0.053125
3 0.1 0.8015625 0.028125 0.0515625
3 0.621875 0.0265625 0.025 0.0453125
5 0.76875 0.7984375 0.025 0.0234375
3 0.1875 0.028125 0.025 0.05
3 0.5375 0.540625 0.025 0.0453125
8 0.6375 0.640625 0.028125 0.0484375
3 0.609375 0.284375 0.0234375 0.0453125
3 0.1 0.2859375 0.028125 0.0515625
8 0.3359375 0.128125 0.0265625 0.0453125
3 0.6078125 0.8 0.025 0.0453125
8 0.171875 0.640625 0.0296875 0.0484375
11 0.109375 0.0296875 0.028125 0.0484375
8 0.503125 0.640625 0.0265625 0.04375
8 0.525 0.128125 0.028125 0.0453125
3 0.50625 0.54375 0.028125 0.0515625
8 0.403125 0.640625 0.025 0.0453125
11 0.696875 0.809375 0.028125 0.0484375
11 0.303125 0.7984375 0.0265625 0.046875
8 0.0359375 0.3890625 0.0265625 0.05
11 0.65625 0.0296875 0.0265625 0.046875
3 0.5703125 0.54375 0.0265625 0.0484375
11 0.3 0.540625 0.0265625 0.046875
3 0.509375 0.7984375 0.0265625 0.0515625
11 0.303125 0.284375 0.0265625 0.046875
11 0.228125 0.3046875 0.0265625 0.04375
14 0.040625 0.0359375 0.03125 0.071875
3 0.5421875 0.2828125 0.025 0.046875
8 0.0375 0.640625 0.028125 0.046875
8 0.771875 0.1359375 0.028125 0.05
8 0.409375 0.903125 0.025 0.0484375
3 0.1546875 0.025 0.0265625 0.05
11 0.70625 0.040625 0.0265625 0.04375
11 0.2265625 0.553125 0.028125 0.0453125
11 0.26875 0.04375 0.0265625 0.0453125
8 0.1671875 0.9015625 0.028125 0.05
8 0.434375 0.125 0.028125 0.0484375
8 0.65625 0.128125 0.0296875 0.0484375
11 0.228125 0.815625 0.0265625 0.0453125
11 0.7 0.2828125 0.0265625 0.046875
8 0.1703125 0.390625 0.0265625 0.05
11 0.0375 0.290625 0.028125 0.0515625
3 0.5578125 0.025 0.025 0.05
8 0.221875 0.125 0.0296875 0.0484375
8 0.7625 0.646875 0.028125 0.0484375
8 0.109375 0.125 0.0265625 0.0484375
3 0.1328125 0.2890625 0.0265625 0.0515625
8 0.771875 0.3796875 0.028125 0.046875
8 0.846875 0.646875 0.028125 0.0484375
3 0.509375 0.290625 0.0265625 0.053125
3 0.603125 0.540625 0.025 0.046875
5 0.7671875 0.309375 0.0265625 0.0203125
11 0.334375 0.028125 0.0265625 0.0453125
8 0.8515625 0.1359375 0.0296875 0.0515625
8 0.771875 0.89375 0.028125 0.046875
11 0.64375 0.803125 0.0265625 0.0484375
8 0.64375 0.9015625 0.0265625 0.05
8 0.3 0.3890625 0.0265625 0.05
11 0.171875 0.553125 0.028125 0.05
8 0.3 0.9015625 0.0265625 0.05
8 0.4046875 0.390625 0.025 0.05
8 0.64375 0.3875 0.028125 0.05
8 0.8515625 0.89375 0.0296875 0.046875
8 0.8515625 0.38125 0.0296875 0.0484375
11 0.69375 0.553125 0.028125 0.04375
11 0.171875 0.303125 0.028125 0.0484375
8 0.50625 0.9015625 0.0265625 0.05
3 0.525 0.028125 0.0296875 0.053125
11 0.6453125 0.2875 0.025 0.046875
11 0.640625 0.546875 0.0265625 0.046875
11 0.040625 0.80625 0.028125 0.0515625
8 0.50625 0.3875 0.0265625 0.0484375
11 0.171875 0.815625 0.028125 0.05
7 0.3578125 0.284375 0.03125 0.05
7 0.3859375 0.03125 0.0328125 0.0484375
11 0.2203125 0.0375 0.0265625 0.05
7 0.35625 0.54375 0.034375 0.0484375
7 0.35625 0.8 0.03125 0.0484375
3 0.04375 0.5453125 0.0328125 0.0484375