14 0.078125 0.2203125 0.0359375 0.078125
0 0.078125 0.05625 0.0375 0.046875
14 0.078125 0.73125 0.0359375 0.0765625
14 0.078125 0.478125 0.0359375 0.078125
0 0.0765625 0.8203125 0.0359375 0.046875
0 0.078125 0.315625 0.0375 0.0453125
0 0.0765625 0.56875 0.0375 0.046875
5 0.8484375 0.46875 0.0265625 0.0234375
8 0.85 0.053125 0.028125 0.046875
5 0.84375 0.21875 0.0265625 0.021875
3 0.684375 0.2125 0.0234375 0.0453125
8 0.85 0.565625 0.0296875 0.046875
5 0.8375 0.7484375 0.0265625 0.021875
11 0.2265625 0.7390625 0.025 0.046875
3 0.4453125 0.725 0.0265625 0.0484375
3 0.4125 0.73125 0.028125 0.0515625
3 0.1828125 0.4703125 0.0265625 0.05
8 0.11875 0.05625 0.0265625 0.0515625
3 0.21875 0.2140625 0.0359375 0.046875
8 0.840625 0.815625 0.0296875 0.0484375
8 0.934375 0.5640625 0.028125 0.0484375
8 0.25 0.575 0.0296875 0.05
8 0.3484375 0.83125 0.028125 0.0484375
8 0.584375 0.059375 0.028125 0.0484375
8 0.25 0.0578125 0.028125 0.0515625
8 0.7234375 0.575 0.028125 0.05
8 0.2515625 0.309375 0.0296875 0.046875
3 0.653125 0.215625 0.0265625 0.053125
8 0.121875 0.3125 0.028125 0.0484375
8 0.7234375 0.059375 0.028125 0.0484375
3 0.61875 0.4671875 0.0265625 0.0484375
3 0.21875 0.4734375 0.025 0.053125
8 0.934375 0.053125 0.028125 0.0484375
8 0.584375 0.575 0.028125 0.0484375
11 0.175 0.721875 0.0265625 0.0484375
8 0.9296875 0.815625 0.0296875 0.0484375
8 0.38125 0.05625 0.0265625 0.0515625
8 0.384375 0.309375 0.028125 0.0484375
8 0.703125 0.821875 0.028125 0.0515625
11 0.35 0.7265625 0.028125 0.0484375
11 0.778125 0.4796875 0.0265625 0.0484375
8 0.4875 0.059375 0.028125 0.05
11 0.384375 0.209375 0.0265625 0.046875
11 0.384375 0.46875 0.025 0.046875
11 0.765625 0.728125 0.028125 0.0515625
8 0.5828125 0.3125 0.028125 0.0484375
11 0.70625 0.725 0.0265625 0.0515625
8 0.484375 0.3125 0.028125 0.046875
11 0.28125 0.721875 0.0265625 0.0484375
3 0.6875 0.46875 0.0234375 0.0453125
11 0.2546875 0.484375 0.028125 0.0484375
3 0.6140625 0.2125 0.025 0.0484375
11 0.771875 0.225 0.028125 0.046875
8 0.478125 0.8171875 0.0265625 0.05
11 0.121875 0.721875 0.028125 0.046875
8 0.4875 0.575 0.0296875 0.0515625
11 0.30625 0.4875 0.025 0.0453125
11 0.725 0.471875 0.0265625 0.0484375
3 0.5828125 0.2140625 0.028125 0.0515625
8 0.721875 0.3109375 0.028125 0.046875
8 0.11875 0.575 0.0265625 0.0515625
8 0.484375 0.725 0.025 0.04375
8 0.846875 0.31875 0.028125 0.05
8 0.225 0.8265625 0.028125 0.05
11 0.5875 0.73125 0.028125 0.0515625
3 0.5859375 0.4703125 0.028125 0.05
3 0.65625 0.46875 0.025 0.0484375
8 0.384375 0.5734375 0.028125 0.05
11 0.30625 0.225 0.0265625 0.0453125
11 0.25 0.221875 0.028125 0.05
11 0.646875 0.7234375 0.028125 0.05
11 0.121875 0.475 0.028125 0.053125
8 0.9296875 0.3171875 0.028125 0.05
8 0.11875 0.828125 0.025 0.05
8 0.58125 0.834375 0.0265625 0.0453125
11 0.159375 0.2109375 0.028125 0.046875
7 0.4375 0.215625 0.0328125 0.0484375
7 0.440625 0.471875 0.03125 0.0484375
11 0.7203125 0.215625 0.0265625 0.0484375
3 0.1234375 0.215625 0.0328125 0.0484375