3 0.30625 0.0203125 0.0234375 0.040625
5 0.8875 0.296875 0.0265625 0.021875
0 0.1171875 0.8875 0.0375 0.0453125
14 0.11875 0.5390625 0.034375 0.0796875
3 0.725 0.528125 0.025 0.046875
3 0.2203125 0.271875 0.0265625 0.0515625
0 0.11875 0.63125 0.0375 0.0453125
3 0.696875 0.275 0.0265625 0.0515625
14 0.11875 0.2796875 0.0359375 0.0796875
14 0.11875 0.79375 0.0359375 0.075
0 0.1640625 0.11875 0.0375 0.0453125
3 0.696875 0.790625 0.0265625 0.0484375
8 0.425 0.628125 0.028125 0.046875
8 0.646875 0.1125 0.028125 0.046875
8 0.7609375 0.628125 0.028125 0.046875
3 0.2203125 0.7875 0.028125 0.053125
11 0.346875 0.8046875 0.028125 0.0453125
5 0.8875 0.7875 0.025 0.021875
3 0.6625 0.271875 0.025 0.0484375
3 0.2765625 0.01875 0.025 0.0359375
8 0.228125 0.1125 0.0265625 0.046875
8 0.6234375 0.628125 0.028125 0.0453125
14 0.16484375 0.03125 0.0328125 0.0625
3 0.7109375 0.0203125 0.025 0.040625
5 0.8828125 0.5375 0.025 0.0203125
8 0.778125 0.1125 0.0296875 0.0484375
11 0.346875 0.2890625 0.028125 0.0453125
3 0.6578125 0.528125 0.0265625 0.0484375
3 0.728125 0.784375 0.025 0.0453125
0 0.11875 0.375 0.0375 0.0453125
5 0.89375 0.021875 0.0265625 0.025
11 0.425 0.784375 0.0265625 0.046875
3 0.690625 0.53125 0.0265625 0.05
8 0.890625 0.3703125 0.028125 0.046875
11 0.8125 0.5421875 0.028125 0.04375
3 0.259375 0.534375 0.0359375 0.046875
11 0.425 0.271875 0.0265625 0.046875
3 0.6765625 0.01875 0.0234375 0.0359375
3 0.6609375 0.784375 0.0234375 0.046875
8 0.525 0.628125 0.0265625 0.0453125
8 0.975 0.1203125 0.0296875 0.05
3 0.2515625 0.790625 0.025 0.0515625
8 0.6234375 0.8890625 0.028125 0.0484375
11 0.290625 0.803125 0.028125 0.05
8 0.890625 0.88125 0.028125 0.0453125
11 0.340625 0.025 0.025 0.0484375
3 0.740625 0.01875 0.025 0.0375
11 0.3890625 0.028125 0.0265625 0.0453125
8 0.553125 0.1125 0.0265625 0.046875
11 0.1578125 0.790625 0.0296875 0.053125
8 0.2890625 0.8890625 0.0296875 0.05
11 0.825 0.03125 0.0265625 0.0453125
11 0.290625 0.2875 0.028125 0.05
11 0.7640625 0.7875 0.0265625 0.0484375
8 0.7625 0.378125 0.028125 0.0515625
8 0.340625 0.115625 0.028125 0.046875
8 0.45625 0.1125 0.0265625 0.046875
3 0.625 0.7875 0.0265625 0.0515625
11 0.1953125 0.5296875 0.028125 0.046875
8 0.425 0.8890625 0.028125 0.0484375
3 0.728125 0.271875 0.0234375 0.046875
8 0.159375 0.8875 0.025 0.05
8 0.2953125 0.6234375 0.03125 0.0484375
8 0.7625 0.8890625 0.0296875 0.05
8 0.159375 0.3765625 0.025 0.0484375
8 0.88125 0.6375 0.0265625 0.0515625
11 0.3453125 0.540625 0.0296875 0.046875
3 0.253125 0.278125 0.0265625 0.0546875
11 0.765625 0.275 0.025 0.046875
8 0.89375 0.121875 0.0296875 0.05
8 0.1625 0.625 0.025 0.046875
8 0.625 0.375 0.028125 0.05
8 0.425 0.378125 0.0296875 0.05
11 0.228125 0.0203125 0.0265625 0.040625
11 0.8171875 0.796875 0.028125 0.0484375
8 0.290625 0.378125 0.0296875 0.05
11 0.815625 0.2765625 0.0265625 0.046875
11 0.4234375 0.525 0.0265625 0.0484375
3 0.1625 0.53125 0.0328125 0.046875
8 0.528125 0.8890625 0.0265625 0.05
8 0.9703125 0.6375 0.028125 0.0515625
8 0.528125 0.378125 0.028125 0.0515625
11 0.1609375 0.28125 0.028125 0.05
3 0.6296875 0.271875 0.028125 0.0515625
8 0.975 0.3671875 0.028125 0.046875
11 0.290625 0.540625 0.028125 0.0515625
3 0.6234375 0.5296875 0.028125 0.0515625
11 0.7609375 0.534375 0.0234375 0.046875
8 0.9734375 0.8828125 0.028125 0.046875
11 0.4546875 0.01875 0.0265625 0.0375
7 0.48125 0.7875 0.03125 0.05
7 0.478125 0.53125 0.0328125 0.046875
7 0.4765625 0.271875 0.0328125 0.05
11 0.775 0.021875 0.0265625 0.04375
3 0.646875 0.021875 0.028125 0.0421875
7 0.50625 0.021875 0.0328125 0.0421875