5 0.775 0.2125 0.025 0.0234375
0 0.04375 0.309375 0.034375 0.046875
11 0.078125 0.71875 0.028125 0.046875
3 0.540625 0.71875 0.0265625 0.046875
3 0.1890625 0.209375 0.025 0.0515625
5 0.765625 0.725 0.0265625 0.021875
8 0.0375 0.565625 0.0265625 0.05
3 0.140625 0.721875 0.034375 0.0484375
3 0.609375 0.4625 0.0234375 0.0453125
11 0.1109375 0.209375 0.025 0.046875
3 0.1 0.4640625 0.0296875 0.05
8 0.171875 0.8171875 0.0296875 0.046875
8 0.2234375 0.30625 0.028125 0.046875
3 0.575 0.97734375 0.028125 0.0453125
14 0.046875 0.215625 0.0328125 0.0765625
3 0.6234375 0.20625 0.0234375 0.04375
8 0.040625 0.815625 0.0265625 0.046875
3 0.60859375 0.97734375 0.0234375 0.0453125
8 0.5265625 0.30625 0.028125 0.046875
8 0.303125 0.8171875 0.028125 0.046875
8 0.3375 0.30625 0.0265625 0.046875
3 0.571875 0.7203125 0.025 0.05
8 0.775 0.3125 0.028125 0.05
3 0.5125 0.4640625 0.028125 0.053125
8 0.659375 0.30625 0.028125 0.046875
8 0.434375 0.30625 0.0265625 0.046875
3 0.159375 0.20625 0.0265625 0.046875
8 0.64375 0.815625 0.03125 0.046875
3 0.54375 0.9765625 0.0265625 0.0453125
3 0.509375 0.7171875 0.0265625 0.05
8 0.853125 0.559375 0.0296875 0.0484375
11 0.3015625 0.7171875 0.0265625 0.046875
11 0.7015625 0.4609375 0.0265625 0.046875
11 0.1734375 0.478125 0.028125 0.0515625
11 0.3359375 0.20625 0.0265625 0.0453125
8 0.765625 0.8234375 0.028125 0.05
3 0.51015625 0.97734375 0.0265625 0.0453125
3 0.559375 0.20625 0.0234375 0.0453125
8 0.40625 0.81875 0.028125 0.046875
3 0.575 0.465625 0.0265625 0.0515625
3 0.1 0.978125 0.028125 0.04375
11 0.646875 0.978125 0.028125 0.04375
8 0.771875 0.5609375 0.0296875 0.05
3 0.59375 0.20625 0.025 0.0484375
8 0.646875 0.56875 0.028125 0.05
11 0.303125 0.975 0.0265625 0.046875
8 0.509375 0.815625 0.0296875 0.046875
3 0.54375 0.4625 0.025 0.046875
8 0.171875 0.565625 0.0296875 0.05
11 0.646875 0.4640625 0.0265625 0.0484375
8 0.40625 0.565625 0.0265625 0.05
5 0.76875 0.978125 0.0265625 0.0234375
11 0.303125 0.4640625 0.025 0.046875
3 0.134375 0.4703125 0.025 0.0515625
8 0.846875 0.825 0.03125 0.0515625
11 0.221875 0.21875 0.0265625 0.0515625
11 0.6421875 0.7203125 0.0265625 0.0484375
8 0.109375 0.303125 0.0265625 0.0484375
8 0.303125 0.565625 0.025 0.0484375
11 0.040625 0.471875 0.028125 0.05
11 0.6921875 0.7359375 0.028125 0.046875
3 0.60625 0.71875 0.025 0.0453125
11 0.6578125 0.209375 0.0265625 0.0484375
11 0.2703125 0.2203125 0.025 0.0453125
8 0.509375 0.5671875 0.028125 0.05
3 0.5296875 0.209375 0.0265625 0.05
11 0.2296875 0.48125 0.0265625 0.04375
11 0.1734375 0.7296875 0.028125 0.05
11 0.7078125 0.2203125 0.0265625 0.046875
8 0.853125 0.3125 0.0296875 0.0515625
7 0.3609375 0.97734375 0.03125 0.0453125
7 0.359375 0.465625 0.0328125 0.05
5 0.76875 0.4890625 0.0265625 0.0203125
7 0.3875 0.209375 0.03125 0.05
3 0.04375 0.721875 0.0328125 0.05
11 0.228125 0.73125 0.0265625 0.046875
7 0.35625 0.721875 0.034375 0.05