0 0.103125 0.7 0.0359375 0.04375
5 0.875 0.853125 0.0265625 0.021875
0 0.1046875 0.4421875 0.0375 0.046875
14 0.1046875 0.60625 0.0375 0.078125
0 0.1046875 0.953125 0.0375 0.0453125
8 0.15 0.6953125 0.028125 0.046875
3 0.20625 0.34375 0.025 0.05
3 0.2453125 0.6 0.0359375 0.0484375
11 0.215625 0.0875 0.0265625 0.046875
5 0.86875 0.603125 0.0265625 0.0203125
3 0.7125 0.5953125 0.0234375 0.0453125
3 0.6640625 0.0828125 0.0234375 0.046875
5 0.88125 0.090625 0.0234375 0.0203125
8 0.14375 0.959375 0.028125 0.05
3 0.715625 0.8515625 0.0234375 0.046875
11 0.8 0.8625 0.0265625 0.0484375
8 0.14375 0.4453125 0.0265625 0.0484375
3 0.6484375 0.3375 0.025 0.046875
3 0.715625 0.340625 0.0234375 0.0453125
3 0.2640625 0.0828125 0.025 0.046875
3 0.6484375 0.8546875 0.0265625 0.05
3 0.2984375 0.0875 0.0234375 0.0515625
14 0.103125 0.346875 0.034375 0.0765625
8 0.5140625 0.690625 0.0265625 0.0453125
3 0.6453125 0.59375 0.025 0.0484375
11 0.409375 0.3375 0.0265625 0.046875
3 0.240625 0.85625 0.0265625 0.0515625
3 0.6984375 0.0859375 0.0234375 0.05
14 0.15 0.0890625 0.0328125 0.078125
8 0.7625 0.1796875 0.028125 0.046875
14 0.10625 0.8625 0.0359375 0.078125
3 0.6765625 0.596875 0.0265625 0.0515625
8 0.215625 0.178125 0.0265625 0.0484375
3 0.6796875 0.340625 0.0265625 0.05
3 0.63125 0.0828125 0.025 0.05
8 0.74375 0.6953125 0.028125 0.046875
8 0.8765625 0.95 0.028125 0.046875
8 0.75 0.44375 0.0296875 0.0515625
0 0.15 0.184375 0.0359375 0.0453125
8 0.8765625 0.4375 0.0296875 0.046875
3 0.6796875 0.85625 0.0265625 0.0515625
8 0.4109375 0.9609375 0.0265625 0.0484375
8 0.6109375 0.44375 0.028125 0.0484375
8 0.6109375 0.959375 0.028125 0.0484375
3 0.20625 0.859375 0.025 0.05
3 0.240625 0.3453125 0.025 0.0515625
11 0.8 0.609375 0.028125 0.046875
3 0.60625 0.596875 0.028125 0.05
8 0.95625 0.4359375 0.0265625 0.0484375
3 0.609375 0.3421875 0.028125 0.05
5 0.875 0.365625 0.0265625 0.0234375
11 0.7625 0.084375 0.025 0.0453125
8 0.63125 0.1796875 0.0265625 0.046875
11 0.1484375 0.346875 0.0296875 0.05
8 0.6109375 0.696875 0.0265625 0.0453125
8 0.2765625 0.959375 0.0296875 0.05
8 0.4109375 0.6921875 0.028125 0.046875
11 0.80625 0.3375 0.0265625 0.046875
8 0.540625 0.178125 0.028125 0.046875
8 0.278125 0.44375 0.028125 0.05
11 0.40625 0.5953125 0.0265625 0.046875
11 0.409375 0.853125 0.0265625 0.0453125
11 0.8125 0.0984375 0.028125 0.046875
11 0.278125 0.353125 0.028125 0.05
8 0.515625 0.953125 0.0265625 0.0484375
8 0.746875 0.959375 0.0296875 0.05
8 0.328125 0.178125 0.028125 0.0484375
8 0.86875 0.7 0.0265625 0.05
11 0.375 0.096875 0.0265625 0.0453125
8 0.95625 0.953125 0.0265625 0.0484375
8 0.515625 0.44375 0.0265625 0.05
11 0.334375 0.359375 0.0265625 0.0453125
8 0.95625 0.1875 0.028125 0.05
8 0.278125 0.6953125 0.0296875 0.046875
3 0.6125 0.853125 0.028125 0.0515625
3 0.15 0.5984375 0.0328125 0.046875
11 0.1484375 0.8578125 0.028125 0.05
11 0.7515625 0.340625 0.0265625 0.0484375
8 0.4109375 0.4453125 0.028125 0.05
8 0.44375 0.184375 0.0265625 0.046875
11 0.7515625 0.85625 0.0265625 0.0484375
11 0.18125 0.596875 0.0265625 0.046875
11 0.440625 0.084375 0.025 0.0453125
3 0.728125 0.084375 0.0234375 0.04375
8 0.878125 0.1890625 0.0265625 0.05
11 0.334375 0.609375 0.028125 0.046875
7 0.465625 0.340625 0.034375 0.0484375
11 0.334375 0.871875 0.025 0.0453125
8 0.953125 0.7 0.028125 0.0515625
11 0.74375 0.5984375 0.0265625 0.046875
11 0.278125 0.86875 0.028125 0.05
7 0.465625 0.853125 0.03125 0.0484375
7 0.459375 0.5953125 0.0328125 0.046875
11 0.278125 0.60625 0.028125 0.046875
11 0.328125 0.09375 0.0265625 0.0484375
7 0.49375 0.0859375 0.03125 0.046875