5 0.846875 0.7578125 0.0265625 0.0234375
0 0.08125 0.5953125 0.0375 0.046875
11 0.1625 0.7515625 0.028125 0.046875
3 0.2234375 0.753125 0.0359375 0.0484375
5 0.859375 0.24375 0.0265625 0.0234375
11 0.1921875 0.240625 0.025 0.046875
3 0.709375 0.2375 0.025 0.04375
3 0.65625 0.753125 0.0265625 0.05
0 0.08125 0.853125 0.0375 0.046875
0 0.1296875 0.340625 0.0375 0.046875
3 0.275 0.2375 0.025 0.0515625
3 0.675 0.240625 0.025 0.05
3 0.625 0.49375 0.025 0.046875
3 0.1875 0.49375 0.0265625 0.05
3 0.6890625 0.7515625 0.025 0.0453125
8 0.125 0.846875 0.028125 0.0484375
3 0.6609375 0.496875 0.0234375 0.05
3 0.621875 0.7515625 0.0265625 0.046875
8 0.7265625 0.5984375 0.028125 0.05
8 0.3875 0.5984375 0.0265625 0.05
11 0.778125 0.7640625 0.028125 0.0453125
11 0.3875 0.75 0.0265625 0.0453125
8 0.725 0.85 0.028125 0.046875
8 0.19375 0.334375 0.0265625 0.0484375
11 0.390625 0.49375 0.0265625 0.0484375
3 0.6921875 0.4921875 0.0234375 0.0453125
3 0.221875 0.5 0.0265625 0.0515625
11 0.3109375 0.7625 0.0265625 0.0453125
14 0.0859375 0.759375 0.0359375 0.0765625
14 0.084375 0.50625 0.0359375 0.078125
8 0.6125 0.334375 0.028125 0.0453125
8 0.253125 0.596875 0.028125 0.05
8 0.2546875 0.85 0.03125 0.0484375
8 0.9390625 0.340625 0.0296875 0.05
8 0.3875 0.8484375 0.028125 0.046875
3 0.6125 0.240625 0.0265625 0.05
8 0.590625 0.5984375 0.0265625 0.05
8 0.85625 0.590625 0.028125 0.046875
8 0.9375 0.5921875 0.0296875 0.0484375
11 0.315625 0.5140625 0.025 0.04375
14 0.128125 0.24375 0.034375 0.078125
8 0.425 0.334375 0.028125 0.046875
11 0.421875 0.234375 0.028125 0.046875
8 0.4875 0.85 0.0265625 0.046875
8 0.9296875 0.8578125 0.028125 0.05
8 0.309375 0.3359375 0.0296875 0.05
11 0.259375 0.7625 0.0265625 0.0484375
11 0.125 0.503125 0.028125 0.0515625
11 0.353125 0.2515625 0.0265625 0.0453125
8 0.490625 0.596875 0.0265625 0.05
11 0.784375 0.49375 0.025 0.046875
8 0.590625 0.85 0.028125 0.046875
8 0.1234375 0.5984375 0.028125 0.0515625
11 0.728125 0.496875 0.0265625 0.0484375
11 0.259375 0.509375 0.025 0.05
11 0.740625 0.2390625 0.025 0.0484375
7 0.471875 0.240625 0.034375 0.0515625
3 0.64375 0.2375 0.025 0.04375
11 0.7890625 0.253125 0.028125 0.0453125
11 0.725 0.7546875 0.028125 0.0484375
8 0.740625 0.334375 0.028125 0.046875
8 0.85625 0.34375 0.028125 0.0484375
3 0.5890625 0.7546875 0.028125 0.0515625
8 0.85 0.8578125 0.03125 0.0515625
8 0.521875 0.3359375 0.028125 0.0484375
7 0.44375 0.75625 0.0328125 0.05
3 0.2421875 0.2359375 0.028125 0.046875
3 0.590625 0.49375 0.0265625 0.05
5 0.85 0.51875 0.0265625 0.0234375
7 0.446875 0.49375 0.034375 0.0515625
11 0.3046875 0.246875 0.0265625 0.05
3 0.1265625 0.753125 0.0328125 0.0484375