5 0.8765625 0.1875 0.025 0.021875
5 0.8625 0.703125 0.025 0.021875
11 0.178125 0.6953125 0.0265625 0.0484375
0 0.1 0.8 0.0359375 0.0453125
14 0.1 0.4484375 0.0359375 0.0765625
3 0.6375 0.69375 0.025 0.046875
0 0.1 0.54375 0.0359375 0.0453125
3 0.2890625 0.18125 0.025 0.05
3 0.7109375 0.4390625 0.0234375 0.0453125
3 0.675 0.95625 0.0265625 0.05
3 0.725 0.1796875 0.0234375 0.04375
3 0.1984375 0.95625 0.028125 0.05
3 0.2015625 0.440625 0.028125 0.0484375
3 0.2375 0.6984375 0.034375 0.0484375
8 0.2734375 0.79375 0.0296875 0.046875
3 0.675 0.440625 0.025 0.05
8 0.140625 0.79375 0.0265625 0.046875
0 0.146875 0.2828125 0.0359375 0.046875
11 0.796875 0.9625 0.028125 0.046875
3 0.2609375 0.1796875 0.0265625 0.046875
14 0.1 0.9625 0.0359375 0.075
3 0.671875 0.696875 0.0234375 0.0484375
3 0.234375 0.95625 0.0265625 0.0515625
8 0.875 0.284375 0.0296875 0.05
8 0.3234375 0.278125 0.028125 0.046875
8 0.5359375 0.278125 0.028125 0.046875
3 0.6015625 0.69375 0.0265625 0.05
3 0.6078125 0.440625 0.028125 0.05
11 0.2125 0.184375 0.025 0.046875
11 0.275 0.4546875 0.028125 0.05
8 0.403125 0.79375 0.028125 0.046875
11 0.403125 0.69375 0.0265625 0.046875
8 0.1375 0.54375 0.025 0.05
8 0.628125 0.278125 0.028125 0.046875
8 0.74375 0.79375 0.028125 0.0484375
3 0.659375 0.178125 0.0234375 0.0453125
8 0.50625 0.79375 0.0265625 0.0453125
3 0.7109375 0.953125 0.0234375 0.0453125
8 0.4375 0.278125 0.028125 0.046875
11 0.8015625 0.4375 0.0265625 0.046875
3 0.64375 0.946875 0.0234375 0.046875
8 0.759375 0.278125 0.028125 0.046875
3 0.69375 0.18125 0.025 0.046875
14 0.146875 0.1890625 0.0328125 0.0765625
8 0.746875 0.5453125 0.028125 0.05
11 0.2734375 0.96875 0.028125 0.05
5 0.8703125 0.95 0.0265625 0.0234375
3 0.64375 0.4375 0.025 0.04375
3 0.603125 0.95 0.0265625 0.05
8 0.871875 0.5375 0.0296875 0.05
8 0.60625 0.79375 0.028125 0.0453125
3 0.234375 0.44375 0.025 0.0515625
8 0.509375 0.54375 0.0265625 0.05
8 0.8625 0.8 0.028125 0.05
8 0.953125 0.5359375 0.0296875 0.0484375
11 0.3296875 0.9703125 0.025 0.0453125
11 0.33125 0.4546875 0.025 0.04375
3 0.70625 0.69375 0.025 0.04375
8 0.271875 0.54375 0.0296875 0.05
14 0.1 0.70625 0.0359375 0.078125
11 0.4375 0.18125 0.0265625 0.0453125
11 0.79375 0.7046875 0.028125 0.046875
11 0.74375 0.953125 0.0265625 0.046875
8 0.2109375 0.2796875 0.0265625 0.0484375
8 0.403125 0.54375 0.0265625 0.0484375
11 0.275 0.70625 0.028125 0.05
11 0.403125 0.4375 0.025 0.046875
11 0.3234375 0.190625 0.0265625 0.0515625
11 0.759375 0.184375 0.0265625 0.0484375
11 0.74375 0.440625 0.025 0.0484375
11 0.371875 0.19375 0.0265625 0.0453125
8 0.6015625 0.5453125 0.0265625 0.0484375
11 0.7390625 0.696875 0.0265625 0.0484375
11 0.809375 0.19375 0.0265625 0.046875
8 0.9484375 0.803125 0.0296875 0.05
11 0.403125 0.95 0.025 0.0453125
3 0.6296875 0.1859375 0.0265625 0.0515625
8 0.95625 0.290625 0.0296875 0.0515625
11 0.14375 0.44375 0.028125 0.05
5 0.86875 0.4625 0.0265625 0.0203125
11 0.140625 0.959375 0.028125 0.05
7 0.459375 0.440625 0.0328125 0.05
7 0.459375 0.95 0.0296875 0.05
7 0.4890625 0.18125 0.03125 0.0484375
11 0.328125 0.7078125 0.028125 0.046875
3 0.1453125 0.6984375 0.0328125 0.0484375
7 0.45625 0.6953125 0.034375 0.0484375