3 0.2375 0.4875 0.0359375 0.0484375
0 0.1 0.33125 0.0359375 0.046875
0 0.14375 0.075 0.034375 0.0453125
5 0.865625 0.490625 0.0265625 0.0203125
0 0.0984375 0.84375 0.0359375 0.0453125
3 0.6375 0.484375 0.025 0.046875
14 0.1 0.753125 0.0359375 0.078125
3 0.675 0.7453125 0.025 0.0515625
11 0.178125 0.484375 0.028125 0.046875
0 0.1 0.5890625 0.0359375 0.04375
3 0.675 0.2296875 0.025 0.0515625
14 0.1 0.4921875 0.0359375 0.078125
8 0.2125 0.06875 0.025 0.046875
3 0.7109375 0.74375 0.025 0.046875
3 0.7109375 0.228125 0.0234375 0.0453125
8 0.628125 0.06875 0.028125 0.0453125
8 0.871875 0.8375 0.028125 0.046875
8 0.403125 0.584375 0.028125 0.0453125
3 0.671875 0.4875 0.025 0.05
5 0.8703125 0.740625 0.025 0.021875
11 0.275 0.75625 0.028125 0.0484375
8 0.509375 0.58125 0.028125 0.046875
14 0.1 0.2375 0.0359375 0.0765625
8 0.1375 0.85 0.025 0.0484375
8 0.5109375 0.334375 0.0265625 0.05
8 0.3234375 0.06875 0.028125 0.046875
3 0.64375 0.228125 0.0265625 0.0484375
11 0.403125 0.484375 0.0265625 0.046875
8 0.140625 0.58125 0.0265625 0.046875
3 0.2 0.23125 0.028125 0.0515625
3 0.1984375 0.74375 0.0265625 0.0515625
8 0.1375 0.334375 0.025 0.05
8 0.759375 0.065625 0.028125 0.046875
11 0.14375 0.75 0.028125 0.0515625
3 0.2359375 0.7484375 0.025 0.0515625
3 0.603125 0.746875 0.0265625 0.05
8 0.8609375 0.590625 0.0265625 0.0484375
11 0.796875 0.753125 0.028125 0.05
3 0.6421875 0.74375 0.025 0.046875
11 0.275 0.4953125 0.0265625 0.05
8 0.509375 0.85 0.0265625 0.0484375
8 0.5359375 0.071875 0.028125 0.0453125
8 0.746875 0.334375 0.028125 0.0515625
8 0.4375 0.06875 0.0265625 0.0453125
3 0.2359375 0.234375 0.0265625 0.053125
3 0.70625 0.484375 0.0234375 0.0453125
8 0.875 0.078125 0.028125 0.05
11 0.14375 0.2375 0.028125 0.05
11 0.4046875 0.2265625 0.028125 0.046875
8 0.271875 0.84375 0.028125 0.0484375
11 0.403125 0.7421875 0.025 0.046875
8 0.740625 0.8484375 0.028125 0.0515625
8 0.603125 0.334375 0.0265625 0.05
3 0.6046875 0.23125 0.0265625 0.05
3 0.6 0.484375 0.0265625 0.0515625
8 0.271875 0.3328125 0.0296875 0.05
11 0.33125 0.2484375 0.025 0.0453125
11 0.803125 0.2265625 0.0265625 0.0484375
8 0.6015625 0.58125 0.0265625 0.0453125
8 0.275 0.584375 0.0296875 0.046875
8 0.871875 0.328125 0.028125 0.0484375
8 0.603125 0.85 0.0265625 0.0484375
11 0.275 0.2453125 0.028125 0.05
8 0.740625 0.584375 0.028125 0.046875
8 0.946875 0.590625 0.028125 0.05
8 0.953125 0.8375 0.028125 0.0484375
8 0.403125 0.334375 0.028125 0.0484375
11 0.7390625 0.4890625 0.0265625 0.046875
8 0.403125 0.846875 0.0265625 0.05
11 0.790625 0.496875 0.028125 0.046875
11 0.328125 0.496875 0.028125 0.046875
5 0.8703125 0.25625 0.0265625 0.021875
11 0.3296875 0.7609375 0.025 0.0453125
11 0.74375 0.23125 0.025 0.0484375
8 0.95625 0.0734375 0.0265625 0.05
8 0.9515625 0.325 0.028125 0.0484375
11 0.74375 0.74375 0.0265625 0.0484375
3 0.1453125 0.4890625 0.03125 0.046875
7 0.459375 0.23125 0.03125 0.05
7 0.459375 0.74375 0.0328125 0.05
7 0.45625 0.4875 0.0328125 0.0484375