5 0.89375 0.2125 0.025 0.021875
3 0.259375 0.721875 0.0359375 0.0484375
5 0.8828125 0.725 0.025 0.0203125
3 0.2203125 0.465625 0.028125 0.0515625
0 0.11875 0.565625 0.0375 0.0484375
14 0.11875 0.471875 0.0359375 0.0765625
3 0.30625 0.209375 0.0234375 0.05
8 0.646875 0.30625 0.028125 0.046875
3 0.21875 0.978125 0.0265625 0.04375
0 0.1640625 0.309375 0.0359375 0.046875
14 0.11875 0.728125 0.0375 0.0765625
8 0.425 0.8171875 0.0296875 0.046875
3 0.7125 0.209375 0.0234375 0.0484375
3 0.696875 0.46875 0.0265625 0.05
8 0.625 0.81875 0.028125 0.0453125
11 0.228125 0.209375 0.0265625 0.046875
3 0.6625 0.465625 0.025 0.0453125
8 0.7625 0.8171875 0.0296875 0.046875
8 0.975 0.3125 0.03125 0.0515625
3 0.725 0.71875 0.025 0.0453125
0 0.11875 0.81875 0.0359375 0.046875
8 0.625 0.565625 0.028125 0.0484375
5 0.8875 0.490625 0.025 0.021875
11 0.425 0.4609375 0.0265625 0.046875
8 0.228125 0.30625 0.0265625 0.046875
3 0.728125 0.978125 0.0234375 0.04375
5 0.8875 0.978125 0.025 0.021875
3 0.728125 0.4625 0.0234375 0.0453125
3 0.690625 0.7203125 0.0265625 0.05
8 0.1625 0.81875 0.0265625 0.046875
8 0.8890625 0.5609375 0.0296875 0.046875
11 0.76171875 0.97734375 0.0265625 0.0453125
8 0.525 0.8171875 0.028125 0.046875
8 0.7765625 0.30625 0.028125 0.046875
8 0.45625 0.30625 0.0265625 0.046875
8 0.89375 0.3140625 0.028125 0.0515625
3 0.65625 0.715625 0.0265625 0.046875
8 0.296875 0.815625 0.03125 0.0484375
3 0.646875 0.209375 0.0265625 0.05
11 0.4546875 0.20625 0.0265625 0.046875
3 0.25625 0.4671875 0.025 0.053125
3 0.625 0.978125 0.028125 0.04375
8 0.525 0.565625 0.0265625 0.05
11 0.346875 0.48125 0.0265625 0.0453125
14 0.165625 0.215625 0.0328125 0.078125
11 0.290625 0.4796875 0.028125 0.0515625
11 0.425 0.975 0.0265625 0.046875
11 0.4234375 0.7171875 0.0265625 0.046875
11 0.1953125 0.71875 0.028125 0.0453125
11 0.8125 0.73125 0.028125 0.046875
3 0.69296875 0.97734375 0.0265625 0.0453125
8 0.29375 0.56875 0.0296875 0.05
11 0.7640625 0.4640625 0.0265625 0.05
8 0.7625 0.565625 0.028125 0.05
11 0.1578125 0.46875 0.0296875 0.05
7 0.47890625 0.97734375 0.0328125 0.0453125
11 0.3453125 0.73125 0.028125 0.046875
8 0.425 0.565625 0.0296875 0.0484375
8 0.340625 0.30625 0.028125 0.046875
3 0.6609375 0.9765625 0.025 0.046875
11 0.290625 0.7296875 0.028125 0.0484375
3 0.28125 0.20625 0.0265625 0.05
8 0.9703125 0.828125 0.028125 0.0515625
11 0.7765625 0.20625 0.0265625 0.0484375
11 0.81875 0.459375 0.0265625 0.0484375
11 0.384375 0.221875 0.025 0.0453125
8 0.553125 0.303125 0.0265625 0.0484375
3 0.7453125 0.2078125 0.0234375 0.0453125
3 0.6296875 0.465625 0.028125 0.053125
8 0.88125 0.821875 0.028125 0.0484375
3 0.678125 0.20625 0.025 0.046875
8 0.159375 0.5671875 0.0265625 0.05
3 0.6234375 0.721875 0.028125 0.0515625
11 0.825 0.21875 0.025 0.0453125
3 0.1625 0.721875 0.0328125 0.046875
11 0.7609375 0.7234375 0.0265625 0.046875
7 0.478125 0.4671875 0.0328125 0.05
8 0.971875 0.559375 0.0296875 0.0484375
11 0.340625 0.21875 0.0265625 0.05
7 0.478125 0.721875 0.0328125 0.0484375
7 0.509375 0.209375 0.028125 0.0484375