0 0.053125 0.26875 0.0375 0.0453125
5 0.775 0.9375 0.025 0.0234375
5 0.775 0.446875 0.028125 0.021875
8 0.65 0.7765625 0.028125 0.046875
3 0.6125 0.6796875 0.0234375 0.046875
3 0.146875 0.68125 0.0359375 0.046875
3 0.19375 0.1671875 0.0234375 0.05
5 0.7703125 0.684375 0.0265625 0.0203125
3 0.5796875 0.425 0.0265625 0.0515625
3 0.5796875 0.9375 0.0265625 0.0484375
8 0.534375 0.2640625 0.028125 0.046875
5 0.78125 0.171875 0.0265625 0.021875
11 0.2359375 0.440625 0.028125 0.0453125
8 0.778125 0.521875 0.028125 0.0453125
8 0.665625 0.2640625 0.028125 0.0484375
3 0.5453125 0.6765625 0.0265625 0.05
3 0.5484375 0.421875 0.025 0.0484375
8 0.115625 0.2625 0.0265625 0.0484375
8 0.3078125 0.775 0.028125 0.046875
3 0.165625 0.1640625 0.025 0.046875
3 0.10625 0.9375 0.028125 0.0515625
8 0.228125 0.2640625 0.028125 0.0484375
3 0.140625 0.9375 0.025 0.05
11 0.7 0.69375 0.028125 0.0453125
8 0.5109375 0.775 0.028125 0.0453125
8 0.440625 0.2625 0.0265625 0.046875
8 0.4125 0.775 0.028125 0.046875
3 0.578125 0.6828125 0.0265625 0.0515625
3 0.10625 0.428125 0.0265625 0.0515625
3 0.615625 0.421875 0.025 0.046875
11 0.178125 0.95 0.028125 0.05
11 0.115625 0.16875 0.0265625 0.046875
8 0.7703125 0.784375 0.028125 0.0515625
8 0.65 0.528125 0.0296875 0.0515625
8 0.05 0.775 0.0265625 0.046875
8 0.046875 0.528125 0.028125 0.05
3 0.534375 0.16875 0.0265625 0.0484375
11 0.2765625 0.178125 0.0265625 0.04375
3 0.615625 0.9359375 0.025 0.0453125
14 0.053125 0.175 0.034375 0.078125
11 0.7125 0.178125 0.0265625 0.0453125
11 0.3125 0.421875 0.0265625 0.046875
8 0.8625 0.521875 0.0296875 0.046875
3 0.140625 0.43125 0.025 0.0515625
3 0.5125 0.9375 0.0265625 0.0515625
8 0.309375 0.528125 0.028125 0.05
3 0.5640625 0.165625 0.025 0.0453125
8 0.34375 0.2640625 0.0265625 0.0453125
11 0.703125 0.94375 0.0265625 0.0484375
11 0.178125 0.4375 0.028125 0.05
11 0.0828125 0.6765625 0.028125 0.046875
11 0.234375 0.95625 0.028125 0.0453125
11 0.653125 0.425 0.025 0.0484375
11 0.234375 0.6921875 0.028125 0.046875
3 0.5484375 0.9375 0.025 0.046875
8 0.85625 0.784375 0.028125 0.0515625
11 0.70625 0.421875 0.0265625 0.046875
8 0.5125 0.528125 0.028125 0.0515625
11 0.34375 0.165625 0.0265625 0.046875
8 0.8625 0.271875 0.03125 0.0515625
11 0.05 0.43125 0.0296875 0.0515625
11 0.05 0.940625 0.0296875 0.0515625
3 0.6 0.1671875 0.025 0.0484375
3 0.0515625 0.68125 0.03125 0.0484375
11 0.178125 0.690625 0.028125 0.0515625
11 0.3125 0.934375 0.0265625 0.046875
3 0.628125 0.165625 0.0234375 0.0453125
11 0.30625 0.6765625 0.0265625 0.046875
8 0.18125 0.53125 0.0296875 0.05
8 0.415625 0.528125 0.028125 0.0515625
11 0.6515625 0.9390625 0.028125 0.0484375
11 0.6625 0.1703125 0.0265625 0.046875
3 0.51875 0.4265625 0.028125 0.053125
8 0.18125 0.778125 0.03125 0.05
8 0.78125 0.26875 0.028125 0.0484375
3 0.5109375 0.68125 0.028125 0.0515625
11 0.228125 0.1765625 0.0265625 0.0484375
11 0.6484375 0.68125 0.0265625 0.0484375
7 0.365625 0.68125 0.03125 0.0484375
7 0.3921875 0.165625 0.0328125 0.0484375
7 0.36875 0.4234375 0.03125 0.0484375
7 0.36875 0.9390625 0.03125 0.0484375