11 0.0875 0.45625 0.028125 0.0484375
5 0.775 0.4625 0.025 0.0234375
0 0.05625 0.04375 0.0375 0.0453125
3 0.1125 0.203125 0.028125 0.0484375
8 0.121875 0.0421875 0.0265625 0.05
3 0.378125 0.971875 0.025 0.0515625
3 0.6203125 0.203125 0.0234375 0.0453125
3 0.1125 0.715625 0.028125 0.05
3 0.584375 0.2046875 0.0265625 0.05
8 0.0515625 0.303125 0.028125 0.05
3 0.584375 0.715625 0.0265625 0.05
3 0.55 0.4546875 0.025 0.046875
3 0.1515625 0.459375 0.0359375 0.05
3 0.553125 0.2015625 0.0265625 0.046875
3 0.58125 0.45625 0.025 0.05
3 0.61875 0.7140625 0.025 0.0453125
8 0.0515625 0.81875 0.028125 0.05
3 0.521875 0.203125 0.028125 0.053125
8 0.346875 0.0421875 0.0265625 0.046875
8 0.540625 0.0421875 0.028125 0.046875
11 0.515625 0.975 0.028125 0.05
8 0.784375 0.05 0.028125 0.05
8 0.4453125 0.0421875 0.0265625 0.046875
8 0.3125 0.553125 0.028125 0.046875
3 0.1453125 0.2078125 0.0265625 0.053125
11 0.709375 0.7234375 0.028125 0.0484375
11 0.18125 0.465625 0.0265625 0.05
8 0.1859375 0.309375 0.028125 0.0484375
8 0.3125 0.81875 0.028125 0.0484375
3 0.521875 0.7140625 0.028125 0.05
3 0.553125 0.7140625 0.025 0.046875
8 0.865625 0.0484375 0.028125 0.053125
8 0.3125 0.30625 0.0265625 0.0484375
8 0.653125 0.553125 0.0296875 0.046875
11 0.28125 0.971875 0.028125 0.0484375
8 0.66875 0.0421875 0.028125 0.046875
11 0.3171875 0.7125 0.025 0.0453125
8 0.2328125 0.040625 0.0265625 0.0484375
8 0.1828125 0.553125 0.0296875 0.046875
11 0.3125 0.453125 0.0265625 0.046875
8 0.4203125 0.55625 0.0265625 0.046875
11 0.2140625 0.96875 0.0265625 0.0484375
8 0.053125 0.55625 0.0265625 0.05
8 0.515625 0.5546875 0.028125 0.046875
11 0.053125 0.20625 0.028125 0.05
8 0.18125 0.81875 0.028125 0.05
11 0.65625 0.2046875 0.025 0.0484375
8 0.421875 0.309375 0.0265625 0.0515625
8 0.8578125 0.5625 0.0296875 0.05
8 0.78125 0.809375 0.0296875 0.05
8 0.865625 0.3 0.03125 0.05
8 0.6546875 0.3078125 0.0265625 0.05
11 0.65625 0.7171875 0.0265625 0.0484375
3 0.1484375 0.71875 0.0265625 0.0515625
11 0.7109375 0.2015625 0.0265625 0.0484375
8 0.775 0.5609375 0.028125 0.05
5 0.7796875 0.715625 0.0265625 0.0234375
3 0.615625 0.45625 0.025 0.0453125
11 0.6375 0.971875 0.0265625 0.0484375
3 0.51875 0.4578125 0.028125 0.0515625
8 0.6546875 0.81875 0.028125 0.0484375
8 0.5203125 0.3078125 0.0265625 0.0484375
11 0.3171875 0.2015625 0.0265625 0.0453125
8 0.865625 0.809375 0.0296875 0.05
8 0.78125 0.3 0.0296875 0.046875
11 0.1828125 0.7296875 0.028125 0.0515625
7 0.36875 0.7140625 0.03125 0.05
11 0.10625 0.971875 0.0265625 0.0484375
11 0.653125 0.45625 0.0265625 0.0484375
8 0.515625 0.81875 0.028125 0.0484375
8 0.421875 0.8234375 0.028125 0.0484375
11 0.240625 0.2203125 0.0265625 0.0453125
11 0.053125 0.96875 0.0265625 0.0484375
11 0.053125 0.721875 0.028125 0.0515625
11 0.6984375 0.975 0.028125 0.05
11 0.2375 0.46875 0.028125 0.046875
11 0.240625 0.734375 0.0265625 0.046875
5 0.778125 0.225 0.025 0.021875
11 0.184375 0.2171875 0.028125 0.05
11 0.70625 0.471875 0.0265625 0.046875
8 0.415625 0.971875 0.0265625 0.05
7 0.371875 0.2046875 0.0328125 0.05
11 0.575 0.965625 0.0265625 0.05
3 0.0546875 0.4578125 0.0328125 0.0484375
7 0.36875 0.459375 0.0328125 0.05