0 0.115625 0.021875 0.0359375 0.0421875
0 0.0671875 0.278125 0.0359375 0.046875
5 0.8359375 0.4390625 0.025 0.021875
0 0.06875 0.7921875 0.0359375 0.046875
8 0.18125 0.0203125 0.0265625 0.040625
3 0.2125 0.4359375 0.0359375 0.0484375
3 0.4390625 0.946875 0.0265625 0.05
3 0.6140625 0.175 0.0234375 0.046875
3 0.6125 0.690625 0.025 0.046875
3 0.65 0.178125 0.0234375 0.0484375
5 0.840625 0.69375 0.0265625 0.021875
3 0.68125 0.690625 0.025 0.0453125
8 0.6 0.0203125 0.028125 0.040625
8 0.378125 0.53125 0.028125 0.04375
3 0.65 0.69375 0.0234375 0.0515625
11 0.153125 0.4328125 0.028125 0.0453125
3 0.68125 0.175 0.0234375 0.0453125
5 0.8390625 0.203125 0.025 0.021875
3 0.16875 0.1828125 0.028125 0.0515625
14 0.065625 0.696875 0.0359375 0.075
3 0.16875 0.6921875 0.0265625 0.05
11 0.378125 0.690625 0.0265625 0.046875
8 0.378125 0.796875 0.028125 0.05
3 0.578125 0.175 0.0265625 0.05
3 0.4 0.95625 0.0296875 0.053125
8 0.715625 0.796875 0.028125 0.0484375
8 0.29375 0.0203125 0.028125 0.040625
8 0.1140625 0.53125 0.0265625 0.046875
8 0.5765625 0.5328125 0.028125 0.04375
3 0.578125 0.690625 0.0265625 0.05
8 0.5046875 0.01875 0.028125 0.0375
3 0.646875 0.4359375 0.025 0.05
0 0.0671875 0.5375 0.0375 0.046875
8 0.378125 0.28125 0.028125 0.05
8 0.1125 0.278125 0.0265625 0.0484375
8 0.478125 0.2796875 0.0265625 0.05
11 0.575 0.9515625 0.028125 0.05
3 0.6109375 0.43125 0.025 0.046875
11 0.24375 0.4453125 0.0296875 0.05
8 0.7140625 0.5328125 0.028125 0.046875
8 0.7296875 0.01875 0.028125 0.0375
11 0.340625 0.946875 0.028125 0.05
11 0.759375 0.9546875 0.028125 0.0515625
11 0.378125 0.175 0.0265625 0.0484375
8 0.40546875 0.01875 0.0265625 0.0375
8 0.715625 0.28125 0.028125 0.05
8 0.928125 0.7890625 0.0296875 0.046875
8 0.24375 0.2875 0.0296875 0.0515625
8 0.1125 0.79375 0.025 0.0484375
11 0.3 0.196875 0.028125 0.0453125
8 0.24375 0.79375 0.0296875 0.05
8 0.5765625 0.796875 0.0265625 0.0484375
3 0.678125 0.4328125 0.0234375 0.0453125
11 0.2734375 0.94375 0.028125 0.0484375
11 0.7125 0.4375 0.0265625 0.046875
11 0.296875 0.446875 0.028125 0.046875
8 0.8421875 0.790625 0.028125 0.046875
11 0.76875 0.7015625 0.028125 0.0484375
11 0.375 0.43125 0.0265625 0.046875
11 0.3 0.709375 0.025 0.04375
11 0.7171875 0.178125 0.025 0.0484375
8 0.5765625 0.2828125 0.028125 0.05
3 0.209375 0.1828125 0.0265625 0.053125
3 0.209375 0.69375 0.0265625 0.053125
8 0.8453125 0.025 0.028125 0.05
11 0.1140625 0.184375 0.0296875 0.05
8 0.4765625 0.7953125 0.0265625 0.0484375
11 0.6390625 0.94375 0.0265625 0.0484375
14 0.0671875 0.4421875 0.0375 0.078125
8 0.834375 0.5375 0.0296875 0.05
3 0.575 0.434375 0.028125 0.05
14 0.0671875 0.9515625 0.0359375 0.078125
8 0.478125 0.946875 0.028125 0.046875
8 0.928125 0.2734375 0.028125 0.0484375
8 0.24375 0.534375 0.03125 0.046875
11 0.715625 0.6953125 0.025 0.0484375
11 0.1125 0.696875 0.028125 0.0515625
11 0.1140625 0.9453125 0.0265625 0.0484375
11 0.1671875 0.94375 0.0265625 0.0484375
14 0.06875 0.1875 0.0359375 0.078125
11 0.6984375 0.95 0.028125 0.05
8 0.921875 0.540625 0.028125 0.05
8 0.846875 0.278125 0.028125 0.046875
8 0.478125 0.53125 0.028125 0.046875
11 0.771875 0.178125 0.0265625 0.0484375
11 0.2453125 0.196875 0.028125 0.05
11 0.24375 0.7078125 0.028125 0.05
11 0.765625 0.446875 0.0265625 0.046875
11 0.21875 0.9609375 0.0265625 0.046875
5 0.8296875 0.9734375 0.028125 0.0234375
8 0.928125 0.028125 0.0265625 0.05
7 0.434375 0.178125 0.0328125 0.05
3 0.115625 0.4359375 0.0328125 0.046875
7 0.434375 0.696875 0.0328125 0.0484375
7 0.43125 0.4375 0.0328125 0.0484375