5 0.865625 0.50625 0.0265625 0.021875
14 0.1 0.76875 0.0359375 0.075
0 0.1 0.3453125 0.0359375 0.046875
3 0.2390625 0.503125 0.034375 0.046875
0 0.1 0.6015625 0.0359375 0.046875
0 0.1 0.8625 0.0359375 0.046875
11 0.178125 0.5 0.0265625 0.046875
3 0.671875 0.5015625 0.0265625 0.05
5 0.8703125 0.759375 0.025 0.0234375
3 0.6375 0.5 0.0265625 0.0484375
3 0.675 0.759375 0.0265625 0.0515625
14 0.1 0.5125 0.0375 0.0796875
3 0.675 0.246875 0.025 0.0515625
0 0.146875 0.0890625 0.0328125 0.046875
3 0.64375 0.24375 0.025 0.0484375
11 0.4015625 0.5 0.0265625 0.046875
3 0.234375 0.7625 0.0265625 0.0515625
3 0.2 0.759375 0.028125 0.05
3 0.7109375 0.246875 0.0234375 0.0453125
3 0.6015625 0.5 0.0265625 0.0515625
11 0.790625 0.515625 0.028125 0.046875
8 0.2109375 0.084375 0.0265625 0.0484375
11 0.403125 0.2453125 0.025 0.046875
11 0.3296875 0.775 0.025 0.0453125
8 0.403125 0.6 0.028125 0.046875
14 0.1 0.253125 0.0359375 0.078125
8 0.759375 0.0875 0.0296875 0.05
11 0.2734375 0.5109375 0.0265625 0.0484375
8 0.8625 0.60625 0.028125 0.05
8 0.871875 0.340625 0.028125 0.046875
8 0.271875 0.8625 0.028125 0.0484375
8 0.628125 0.0875 0.028125 0.046875
11 0.275 0.259375 0.028125 0.0484375
8 0.871875 0.85625 0.0296875 0.0484375
3 0.234375 0.2515625 0.0265625 0.0515625
3 0.7109375 0.7578125 0.025 0.0453125
8 0.1375 0.35 0.025 0.0484375
3 0.603125 0.246875 0.0265625 0.0515625
8 0.740625 0.35 0.028125 0.05
8 0.1375 0.8625 0.0265625 0.05
3 0.2015625 0.2484375 0.028125 0.05
8 0.2734375 0.35 0.0296875 0.0515625
8 0.509375 0.8640625 0.0265625 0.05
11 0.33125 0.2625 0.025 0.0453125
8 0.509375 0.5953125 0.0265625 0.0484375
11 0.403125 0.75625 0.0265625 0.046875
11 0.14375 0.253125 0.0296875 0.0515625
11 0.796875 0.7671875 0.028125 0.0484375
3 0.70625 0.5 0.025 0.0453125
8 0.5109375 0.35 0.0265625 0.0484375
8 0.875 0.09375 0.028125 0.0484375
8 0.5359375 0.0875 0.028125 0.0484375
8 0.4375 0.084375 0.028125 0.0453125
8 0.7453125 0.865625 0.028125 0.05
11 0.275 0.775 0.028125 0.0515625
8 0.60625 0.8625 0.0265625 0.0484375
11 0.7390625 0.503125 0.0265625 0.0484375
11 0.14375 0.7640625 0.028125 0.0515625
8 0.2734375 0.5984375 0.0296875 0.046875
3 0.603125 0.759375 0.0265625 0.0515625
11 0.803125 0.2453125 0.0265625 0.046875
5 0.8703125 0.26875 0.0265625 0.021875
8 0.403125 0.35 0.025 0.0484375
11 0.328125 0.515625 0.0265625 0.046875
8 0.6015625 0.5953125 0.028125 0.046875
8 0.403125 0.8625 0.0265625 0.0484375
8 0.140625 0.6 0.0265625 0.046875
8 0.74375 0.5953125 0.028125 0.0484375
8 0.3234375 0.0875 0.0296875 0.0484375
8 0.60625 0.3515625 0.0265625 0.05
8 0.953125 0.340625 0.0296875 0.0484375
8 0.95625 0.096875 0.028125 0.05
3 0.64375 0.759375 0.0234375 0.0484375
8 0.946875 0.60625 0.0296875 0.05
11 0.74375 0.2484375 0.0265625 0.0484375
11 0.74375 0.7625 0.028125 0.05
8 0.953125 0.85625 0.0296875 0.0484375
7 0.459375 0.246875 0.0328125 0.05
7 0.45625 0.5 0.03125 0.0484375
3 0.146875 0.503125 0.0328125 0.046875
7 0.459375 0.759375 0.03125 0.05