5 0.8234375 0.15 0.0265625 0.021875
5 0.8125 0.6625 0.0265625 0.0203125
0 0.090625 0.246875 0.034375 0.046875
0 0.04375 0.5015625 0.0375 0.046875
3 0.5875 0.396875 0.0265625 0.046875
11 0.125 0.65625 0.028125 0.046875
8 0.5734375 0.2421875 0.028125 0.0453125
0 0.04375 0.7578125 0.0375 0.046875
14 0.04375 0.6640625 0.0375 0.078125
3 0.2375 0.1453125 0.0234375 0.0484375
3 0.621875 0.4 0.025 0.0515625
8 0.2703125 0.2421875 0.0296875 0.046875
8 0.35 0.7546875 0.028125 0.046875
8 0.384375 0.2421875 0.028125 0.0453125
3 0.5875 0.9125 0.0265625 0.046875
3 0.584375 0.6546875 0.0265625 0.046875
11 0.2203125 0.665625 0.028125 0.05
3 0.1484375 0.403125 0.028125 0.0515625
14 0.04375 0.91875 0.034375 0.075
11 0.3515625 0.396875 0.0265625 0.046875
3 0.20625 0.140625 0.0265625 0.0484375
3 0.6375 0.1453125 0.025 0.05
11 0.15625 0.146875 0.025 0.0453125
3 0.621875 0.915625 0.0265625 0.05
3 0.184375 0.659375 0.0359375 0.0484375
3 0.18125 0.403125 0.025 0.0515625
3 0.60625 0.14375 0.025 0.046875
8 0.1578125 0.2421875 0.0265625 0.0484375
8 0.553125 0.7546875 0.028125 0.046875
3 0.615625 0.6578125 0.0265625 0.05
8 0.084375 0.503125 0.028125 0.05
3 0.1484375 0.915625 0.028125 0.05
11 0.3515625 0.9125 0.025 0.046875
3 0.18125 0.91875 0.025 0.0515625
3 0.55625 0.396875 0.0265625 0.0515625
11 0.3484375 0.6546875 0.0265625 0.046875
3 0.571875 0.146875 0.0265625 0.0515625
8 0.6859375 0.7546875 0.028125 0.046875
3 0.65625 0.909375 0.025 0.0453125
8 0.70625 0.2421875 0.028125 0.046875
8 0.48125 0.2421875 0.0265625 0.046875
8 0.35 0.503125 0.028125 0.05
3 0.65625 0.396875 0.0234375 0.0453125
11 0.2765625 0.9296875 0.025 0.04375
11 0.275 0.6671875 0.028125 0.04375
14 0.04375 0.40625 0.0359375 0.078125
8 0.0875 0.753125 0.0265625 0.0484375
11 0.278125 0.41875 0.0265625 0.0453125
11 0.384375 0.1421875 0.025 0.046875
5 0.815625 0.915625 0.025 0.021875
8 0.453125 0.5 0.025 0.0484375
8 0.821875 0.25 0.028125 0.05
11 0.0875 0.40625 0.028125 0.05
11 0.69375 0.4 0.025 0.05
14 0.09375 0.1484375 0.0328125 0.0765625
8 0.21875 0.5078125 0.028125 0.0515625
8 0.8125 0.759375 0.028125 0.05
3 0.5546875 0.9125 0.028125 0.053125
3 0.6703125 0.14375 0.0234375 0.04375
8 0.221875 0.75625 0.0296875 0.0484375
11 0.7421875 0.9234375 0.028125 0.0484375
11 0.69375 0.915625 0.0265625 0.05
8 0.89375 0.7609375 0.028125 0.05
8 0.6890625 0.503125 0.028125 0.0515625
8 0.9 0.2484375 0.0296875 0.0515625
11 0.690625 0.659375 0.0265625 0.0484375
11 0.090625 0.9171875 0.028125 0.05
11 0.7484375 0.396875 0.0265625 0.0484375
11 0.31875 0.15625 0.025 0.04375
8 0.815625 0.5 0.028125 0.046875
5 0.815625 0.425 0.0265625 0.021875
11 0.221875 0.41875 0.028125 0.05
11 0.7390625 0.66875 0.028125 0.0453125
11 0.2203125 0.928125 0.0265625 0.05
11 0.7046875 0.146875 0.025 0.0484375
8 0.553125 0.503125 0.0265625 0.05
8 0.453125 0.7546875 0.0265625 0.046875
3 0.553125 0.659375 0.028125 0.05
8 0.9 0.4953125 0.0296875 0.0484375
3 0.653125 0.65625 0.025 0.0453125
11 0.7546875 0.15625 0.0265625 0.04375
7 0.409375 0.9140625 0.03125 0.0515625
11 0.2703125 0.1546875 0.0265625 0.0484375
7 0.434375 0.14375 0.0328125 0.0484375
7 0.403125 0.659375 0.03125 0.046875
7 0.40625 0.4 0.03125 0.0484375
3 0.0921875 0.6578125 0.0328125 0.046875