3 0.2390625 0.0609375 0.0125 0.065625
3 0.253125 0.06875 0.0140625 0.0578125
3 0.5359375 0.05625 0.0125 0.0640625
3 0.55 0.05 0.0125 0.078125
3 0.5625 0.0625 0.0078125 0.0671875
3 0.575 0.053125 0.0125 0.075
3 0.59375 0.065625 0.0078125 0.053125
3 0.60625 0.053125 0.0125 0.08125
3 0.61875 0.05625 0.0078125 0.0625
3 0.63125 0.04375 0.0109375 0.06875
3 0.8421875 0.05625 0.0140625 0.059375
3 0.8578125 0.065625 0.0140625 0.0640625
3 0.9015625 0.065625 0.009375 0.0609375
3 0.915625 0.0734375 0.0109375 0.0640625
3 0.759375 0.1953125 0.0125 0.0546875
3 0.7765625 0.203125 0.015625 0.0515625
3 0.10625 0.5859375 0.0125 0.0640625
3 0.11875 0.5921875 0.0109375 0.0578125
3 0.13125 0.5859375 0.009375 0.078125
3 0.14375 0.5953125 0.0140625 0.0546875
3 0.3640625 0.590625 0.015625 0.084375
3 0.378125 0.621875 0.0109375 0.046875
3 0.3953125 0.621875 0.0078125 0.0546875
3 0.4125 0.615625 0.009375 0.053125
3 0.4453125 0.625 0.0265625 0.0421875
3 0.553125 0.6171875 0.0109375 0.0546875
3 0.565625 0.625 0.009375 0.0546875
3 0.6125 0.621875 0.0109375 0.0546875
3 0.628125 0.63125 0.009375 0.0546875
3 0.7125 0.603125 0.025 0.0484375
3 0.7359375 0.609375 0.0125 0.0390625
3 0.75 0.615625 0.009375 0.0484375
3 0.7609375 0.61875 0.009375 0.0515625
3 0.775 0.6296875 0.0109375 0.059375
3 0.746875 0.709375 0.015625 0.04375
3 0.7328125 0.7125 0.0125 0.05
3 0.4828125 0.715625 0.0109375 0.05625
3 0.465625 0.709375 0.0109375 0.0484375
3 0.31875 0.703125 0.0109375 0.0546875
3 0.30625 0.709375 0.0125 0.0546875
3 0.2921875 0.709375 0.0078125 0.0703125
3 0.2765625 0.725 0.0125 0.0578125
3 0.2328125 0.7125 0.0109375 0.059375
3 0.21875 0.7140625 0.0109375 0.0515625
3 0.20625 0.70625 0.0109375 0.0609375
3 0.1921875 0.709375 0.0125 0.0578125
3 0.36875 0.815625 0.021875 0.0359375
3 0.7375 0.815625 0.0109375 0.04375
3 0.753125 0.821875 0.0109375 0.05
3 0.9375 0.821875 0.0234375 0.05625
3 0.940625 0.91875 0.0109375 0.05625
3 0.928125 0.928125 0.009375 0.053125
3 0.915625 0.925 0.009375 0.071875
3 0.9 0.94375 0.0140625 0.05625
3 0.86875 0.93125 0.0109375 0.0625
3 0.8546875 0.934375 0.0109375 0.05
3 0.8421875 0.9265625 0.009375 0.065625
3 0.8265625 0.93125 0.0125 0.0625
3 0.48125 0.94375 0.0125 0.0546875
3 0.4640625 0.9375 0.0109375 0.0578125
3 0.36875 0.93125 0.0265625 0.0328125
11 0.715625 0.946875 0.0125 0.05
11 0.678125 0.93125 0.0125 0.059375
11 0.63125 0.9375 0.0125 0.0609375
11 0.5921875 0.940625 0.0125 0.05625
11 0.559375 0.9359375 0.0109375 0.0421875
11 0.525 0.940625 0.0125 0.0578125
11 0.43125 0.9328125 0.0140625 0.0546875
11 0.403125 0.91875 0.0140625 0.0671875
11 0.403125 0.803125 0.015625 0.059375
11 0.43125 0.815625 0.0109375 0.0453125
11 0.465625 0.809375 0.0140625 0.071875
11 0.525 0.8125 0.0109375 0.0546875
11 0.55625 0.809375 0.01875 0.065625
11 0.590625 0.815625 0.015625 0.05625
11 0.628125 0.8375 0.0125 0.053125
11 0.6734375 0.8375 0.0109375 0.0515625
11 0.778125 0.8296875 0.015625 0.046875
11 0.825 0.834375 0.0125 0.05625
11 0.8625 0.8390625 0.0140625 0.05
11 0.89375 0.83125 0.015625 0.05625
11 0.9296875 0.728125 0.015625 0.0421875
11 0.896875 0.715625 0.0125 0.0421875
11 0.86875 0.73125 0.025 0.05
11 0.825 0.7390625 0.015625 0.0546875
11 0.771875 0.734375 0.0125 0.059375
11 0.703125 0.7171875 0.0078125 0.0484375
11 0.66875 0.734375 0.015625 0.053125
11 0.625 0.73125 0.015625 0.0515625
11 0.590625 0.725 0.0125 0.04375
11 0.553125 0.721875 0.015625 0.0484375
11 0.525 0.715625 0.0125 0.0484375
11 0.4359375 0.70625 0.015625 0.04375
11 0.403125 0.721875 0.0171875 0.046875
11 0.36875 0.71875 0.015625 0.0546875
11 0.2 0.590625 0.0171875 0.0546875
11 0.2328125 0.5703125 0.0171875 0.059375
11 0.278125 0.571875 0.0171875 0.06875
11 0.31875 0.58125 0.015625 0.071875
11 0.4375 0.59375 0.0125 0.028125
11 0.471875 0.6078125 0.0125 0.0546875
11 0.521875 0.6125 0.0140625 0.0578125
11 0.590625 0.6203125 0.0109375 0.0609375
11 0.6734375 0.628125 0.015625 0.0546875
11 0.840625 0.6265625 0.0140625 0.05
11 0.928125 0.6296875 0.01875 0.0515625
11 0.96875 0.20625 0.0125 0.0515625
11 0.946875 0.1890625 0.0140625 0.0578125
11 0.9125 0.196875 0.0140625 0.0578125
11 0.8765625 0.2 0.0140625 0.0515625
11 0.846875 0.19375 0.015625 0.0453125
11 0.821875 0.196875 0.0140625 0.0546875
11 0.734375 0.1921875 0.0125 0.05625
11 0.703125 0.1875 0.0125 0.059375
11 0.196875 0.0375 0.0140625 0.06875
11 0.215625 0.05 0.0125 0.0609375
11 0.3 0.059375 0.0140625 0.0625
11 0.325 0.059375 0.0125 0.0421875
11 0.346875 0.0625 0.009375 0.05625
11 0.375 0.053125 0.0140625 0.053125
11 0.4234375 0.053125 0.0203125 0.0640625
11 0.45 0.071875 0.0125 0.05625
11 0.678125 0.0625 0.0125 0.0671875
11 0.709375 0.078125 0.0125 0.0578125
11 0.81875 0.05 0.015625 0.0671875
11 0.884375 0.05625 0.015625 0.0625
8 0.95625 0.0625 0.025 0.0765625
8 0.74375 0.04375 0.0359375 0.0703125
8 0.478125 0.05 0.0265625 0.0703125
3 0.1625 0.05625 0.025 0.0296875
8 0.878125 0.621875 0.028125 0.0734375
8 0.11875 0.7109375 0.0234375 0.0765625
11 0.7140625 0.840625 0.0234375 0.053125
8 0.759375 0.928125 0.025 0.075
3 0.671875 0.184375 0.028125 0.0390625
6 0.2 0.1625 0.0203125 0.028125
6 0.3375 0.16875 0.0234375 0.021875
6 0.45625 0.171875 0.028125 0.021875
6 0.58125 0.171875 0.0203125 0.021875
6 0.73125 0.28125 0.021875 0.021875
6 0.86875 0.284375 0.0265625 0.0265625
6 0.58125 0.278125 0.0203125 0.03125
6 0.4578125 0.275 0.028125 0.0296875
6 0.34375 0.2671875 0.0171875 0.028125
6 0.203125 0.26875 0.0234375 0.0234375
6 0.1984375 0.3734375 0.0203125 0.0203125
6 0.340625 0.378125 0.01875 0.0234375
6 0.4671875 0.384375 0.0203125 0.0234375
6 0.584375 0.3859375 0.0296875 0.025
6 0.725 0.3875 0.0203125 0.0234375
6 0.859375 0.39375 0.025 0.025
6 0.2609375 0.915625 0.0203125 0.021875
6 0.259375 0.8125 0.0203125 0.0203125
9 0.115625 0.9234375 0.021875 0.0265625
9 0.121875 0.81875 0.0265625 0.0359375
9 0.959375 0.4 0.0234375 0.0265625
2 0.2984375 0.56875 0.0140625 0.04375
2 0.40625 0.596875 0.00625 0.0390625
2 0.3875 0.6 0.0078125 0.0359375
2 0.353125 0.70625 0.0140625 0.0421875
2 0.2578125 0.709375 0.01875 0.0484375
2 0.0734375 0.9140625 0.0203125 0.04375
2 0.0734375 0.7984375 0.0140625 0.05
2 0.078125 0.6828125 0.015625 0.05625
2 0.075 0.5703125 0.0171875 0.0546875
2 0.6109375 0.91875 0.0171875 0.0484375
2 0.103125 0.3765625 0.0125 0.0453125
2 0.1 0.259375 0.0171875 0.0375
2 0.1015625 0.15 0.0140625 0.04375
2 0.103125 0.0375 0.0171875 0.03125
2 0.3609375 0.034375 0.0125 0.0375
2 0.746875 0.1859375 0.0109375 0.046875
2 0.80625 0.1875 0.0140625 0.05
2 0.896875 0.1796875 0.0140625 0.04375
2 0.81875 0.6125 0.01875 0.046875
2 0.909375 0.615625 0.015625 0.0515625
2 0.6875 0.7421875 0.015625 0.0453125
14 0.08125 0.075 0.0203125 0.0796875
14 0.08125 0.1875 0.015625 0.0828125
14 0.053125 0.6125 0.01875 0.090625
14 0.05625 0.725 0.0203125 0.0828125
0 0.0359375 0.9234375 0.0328125 0.0765625
0 0.0640625 0.3828125 0.0359375 0.0921875
4 0.0875 0.303125 0.0203125 0.0625
4 0.05625 0.8453125 0.0171875 0.0609375