14 0.0625 0.096875 0.0171875 0.0765625
8 0.125 0.084375 0.0234375 0.0578125
3 0.19375 0.084375 0.009375 0.0546875
3 0.20625 0.08125 0.0078125 0.0640625
3 0.215625 0.0875 0.009375 0.0515625
3 0.228125 0.0875 0.009375 0.059375
3 0.2546875 0.096875 0.0078125 0.05
3 0.265625 0.0859375 0.0109375 0.06875
3 0.278125 0.084375 0.009375 0.0546875
3 0.2890625 0.078125 0.009375 0.053125
3 0.3375 0.0921875 0.0078125 0.0515625
3 0.35 0.1078125 0.009375 0.0640625
3 0.3625 0.078125 0.0078125 0.053125
3 0.3734375 0.06875 0.0078125 0.05
3 0.4 0.0921875 0.0078125 0.0515625
3 0.4140625 0.0765625 0.0109375 0.0640625
3 0.425 0.078125 0.009375 0.053125
3 0.4375 0.0703125 0.009375 0.0515625
3 0.478125 0.090625 0.009375 0.053125
3 0.4921875 0.071875 0.0125 0.065625
3 0.503125 0.075 0.0078125 0.0546875
3 0.515625 0.065625 0.0125 0.0578125
3 0.53125 0.0875 0.009375 0.05
3 0.5453125 0.075 0.0125 0.0703125
3 0.55625 0.0734375 0.0078125 0.0515625
3 0.565625 0.065625 0.0125 0.05625
3 0.609375 0.084375 0.0078125 0.05625
3 0.621875 0.065625 0.0109375 0.06875
3 0.6328125 0.0671875 0.0078125 0.053125
3 0.64375 0.05625 0.0109375 0.05625
3 0.6625 0.08125 0.0078125 0.0546875
3 0.678125 0.065625 0.0109375 0.0671875
3 0.6875 0.065625 0.0078125 0.05
3 0.7 0.05625 0.009375 0.053125
3 0.7375 0.078125 0.0109375 0.059375
3 0.753125 0.0625 0.0125 0.0703125
3 0.765625 0.0625 0.0078125 0.0609375
3 0.778125 0.05625 0.0109375 0.0578125
3 0.7953125 0.078125 0.0109375 0.0609375
3 0.8109375 0.0609375 0.0140625 0.071875
3 0.825 0.0609375 0.009375 0.0578125
3 0.8375 0.053125 0.0125 0.0609375
3 0.86875 0.071875 0.0109375 0.059375
3 0.88125 0.053125 0.0109375 0.071875
3 0.890625 0.059375 0.0078125 0.059375
3 0.903125 0.046875 0.009375 0.0609375
3 0.9171875 0.06875 0.0109375 0.0546875
3 0.93125 0.053125 0.0125 0.0703125
3 0.94375 0.05625 0.0078125 0.0546875
3 0.953125 0.05 0.0078125 0.0578125
3 0.103125 0.1875 0.009375 0.0390625
3 0.115625 0.190625 0.0109375 0.0421875
3 0.128125 0.196875 0.0109375 0.0453125
3 0.14375 0.20625 0.0125 0.0484375
14 0.059375 0.2046875 0.0171875 0.078125
2 0.0828125 0.1625 0.021875 0.040625
2 0.184375 0.228125 0.015625 0.03125
11 0.2015625 0.2140625 0.0140625 0.0546875
8 0.2375 0.18125 0.0203125 0.0453125
2 0.2640625 0.2 0.0171875 0.0359375
11 0.2875 0.1828125 0.0125 0.0390625
11 0.33125 0.178125 0.0109375 0.0375
2 0.3484375 0.18125 0.0140625 0.0359375
11 0.3671875 0.1984375 0.009375 0.0515625
12 0.3890625 0.19375 0.009375 0.05
3 0.4140625 0.1984375 0.009375 0.0515625
3 0.4296875 0.196875 0.0109375 0.05
3 0.44375 0.2 0.0109375 0.0515625
11 0.4796875 0.19375 0.0109375 0.0515625
11 0.503125 0.20625 0.0109375 0.0421875
12 0.525 0.19375 0.0109375 0.046875
3 0.5453125 0.196875 0.009375 0.053125
3 0.55625 0.196875 0.009375 0.0453125
3 0.5703125 0.19375 0.009375 0.05
11 0.6046875 0.190625 0.0109375 0.0375
11 0.6296875 0.2 0.0109375 0.0390625
11 0.7359375 0.1796875 0.015625 0.053125
11 0.7625 0.18125 0.015625 0.059375
11 0.103125 0.265625 0.0140625 0.059375
11 0.1421875 0.2921875 0.0140625 0.0578125
11 0.2 0.2859375 0.0140625 0.05
11 0.2859375 0.290625 0.0140625 0.0546875
11 0.334375 0.290625 0.0140625 0.053125
11 0.3671875 0.2859375 0.015625 0.0375
11 0.60625 0.290625 0.0125 0.0453125
11 0.63125 0.2875 0.0125 0.0390625
11 0.7375 0.29375 0.01875 0.0359375
11 0.7703125 0.3 0.0125 0.0546875
11 0.834375 0.2890625 0.0140625 0.0578125
11 0.8765625 0.2703125 0.0171875 0.0609375
11 0.9 0.28125 0.0109375 0.0546875
11 0.9234375 0.2734375 0.0203125 0.065625
11 0.95 0.309375 0.0125 0.0546875
11 0.20625 0.396875 0.0125 0.046875
11 0.23125 0.39375 0.0171875 0.0453125
11 0.265625 0.4 0.0125 0.053125
11 0.290625 0.41875 0.015625 0.0453125
11 0.34375 0.396875 0.0140625 0.040625
11 0.4328125 0.396875 0.0140625 0.046875
11 0.83125 0.415625 0.01875 0.0515625
12 0.953125 0.4125 0.0125 0.0609375
12 0.65625 0.1953125 0.0125 0.0515625
12 0.790625 0.190625 0.0125 0.05
12 0.0609375 0.3078125 0.0125 0.0546875
12 0.3953125 0.278125 0.0109375 0.0546875
12 0.5203125 0.271875 0.0109375 0.046875
8 0.653125 0.30625 0.0109375 0.0515625
8 0.234375 0.284375 0.021875 0.0625
8 0.484375 0.296875 0.021875 0.0609375
8 0.3859375 0.38125 0.0234375 0.0703125
8 0.4875 0.390625 0.025 0.046875
8 0.55 0.396875 0.021875 0.046875
8 0.6171875 0.390625 0.021875 0.0515625
8 0.675 0.390625 0.0203125 0.0515625
8 0.75 0.415625 0.025 0.059375
8 0.88125 0.4109375 0.021875 0.0671875
8 0.375 0.61875 0.0296875 0.0515625
8 0.434375 0.609375 0.0234375 0.046875
8 0.3046875 0.7125 0.025 0.04375
8 0.8875 0.73125 0.028125 0.046875
8 0.1078125 0.8125 0.021875 0.0703125
8 0.378125 0.828125 0.025 0.05
8 0.434375 0.834375 0.025 0.0671875
8 0.7703125 0.8203125 0.0234375 0.06875
8 0.825 0.8390625 0.0234375 0.0640625
8 0.109375 0.9125 0.0234375 0.0609375
11 0.1625 0.9078125 0.0296875 0.06875
11 0.234375 0.609375 0.015625 0.0515625
11 0.53125 0.61875 0.0140625 0.0515625
11 0.553125 0.6015625 0.0109375 0.0421875
11 0.640625 0.6109375 0.0125 0.040625
11 0.671875 0.640625 0.015625 0.0484375
11 0.79375 0.58125 0.01875 0.0734375
11 0.8125 0.5921875 0.0125 0.0640625
11 0.83125 0.6 0.0125 0.05625
11 0.846875 0.6046875 0.0109375 0.0578125
11 0.890625 0.596875 0.015625 0.0625
11 0.915625 0.61875 0.0109375 0.04375
12 0.9453125 0.609375 0.021875 0.05
11 0.1 0.7125 0.0125 0.046875
11 0.2328125 0.73125 0.0140625 0.046875
11 0.259375 0.715625 0.0125 0.040625
11 0.390625 0.7078125 0.0140625 0.04375
11 0.415625 0.71875 0.0125 0.046875
11 0.496875 0.70625 0.0125 0.0375
11 0.521875 0.746875 0.015625 0.0578125
11 0.5859375 0.721875 0.0125 0.0390625
11 0.634375 0.7265625 0.0140625 0.0453125
11 0.671875 0.703125 0.0125 0.065625
11 0.7 0.7125 0.0109375 0.05625
11 0.7640625 0.69375 0.0140625 0.0640625
11 0.7890625 0.7109375 0.009375 0.0390625
11 0.85 0.7265625 0.0140625 0.046875
11 0.921875 0.73125 0.0125 0.0578125
11 0.95 0.840625 0.0125 0.0578125
11 0.9296875 0.83125 0.0125 0.078125
11 0.909375 0.81875 0.0140625 0.0625
11 0.69375 0.815625 0.0125 0.0640625
11 0.6671875 0.825 0.0125 0.0578125
11 0.640625 0.834375 0.0125 0.053125
11 0.590625 0.840625 0.0125 0.059375
11 0.55625 0.834375 0.0125 0.05
11 0.53125 0.821875 0.0140625 0.065625
11 0.325 0.825 0.0125 0.0578125
11 0.29375 0.8078125 0.0125 0.04375
11 0.265625 0.8125 0.0125 0.0546875
11 0.2375 0.809375 0.015625 0.0625
11 0.190625 0.821875 0.009375 0.0640625
11 0.159375 0.825 0.015625 0.059375
11 0.234375 0.903125 0.0125 0.0609375
11 0.8828125 0.9203125 0.0140625 0.040625
11 0.90625 0.903125 0.0140625 0.06875
11 0.928125 0.9171875 0.0109375 0.06875
3 0.4171875 0.2734375 0.0109375 0.0578125
3 0.6765625 0.190625 0.0109375 0.0625
3 0.690625 0.1921875 0.009375 0.0484375
3 0.703125 0.184375 0.00625 0.046875
3 0.8125 0.1953125 0.0109375 0.05625
3 0.825 0.196875 0.009375 0.0453125
3 0.840625 0.190625 0.009375 0.05
3 0.86875 0.215625 0.009375 0.046875
3 0.88125 0.19375 0.0109375 0.0671875
3 0.89375 0.196875 0.00625 0.0546875
3 0.903125 0.184375 0.0078125 0.0578125
3 0.9234375 0.215625 0.009375 0.04375
3 0.9390625 0.19375 0.0109375 0.0671875
3 0.95 0.19375 0.0078125 0.053125
3 0.959375 0.184375 0.0078125 0.05625
3 0.43125 0.2703125 0.009375 0.0515625
3 0.44375 0.2703125 0.009375 0.053125
3 0.546875 0.271875 0.009375 0.0625
3 0.559375 0.2765625 0.009375 0.053125
3 0.5734375 0.2703125 0.0109375 0.0640625
3 0.6765625 0.30625 0.0078125 0.0515625
3 0.696875 0.3125 0.0078125 0.0453125
3 0.709375 0.30625 0.009375 0.0546875
3 0.79375 0.40625 0.025 0.034375
3 0.8015625 0.29375 0.025 0.0265625
3 0.921875 0.403125 0.0265625 0.0265625
3 0.146875 0.3890625 0.009375 0.0421875
3 0.13125 0.384375 0.009375 0.0390625
3 0.109375 0.378125 0.009375 0.0421875
3 0.0984375 0.371875 0.009375 0.0390625
3 0.121875 0.571875 0.009375 0.059375
3 0.134375 0.578125 0.009375 0.0625
11 0.10625 0.578125 0.009375 0.059375
3 0.153125 0.5859375 0.009375 0.0609375
3 0.165625 0.59375 0.0078125 0.05625
3 0.1765625 0.596875 0.009375 0.0578125
3 0.1875 0.60625 0.009375 0.05625
3 0.253125 0.6046875 0.0109375 0.0453125
3 0.26875 0.6109375 0.0078125 0.0484375
3 0.2875 0.61875 0.0078125 0.05
3 0.3 0.625 0.0078125 0.0484375
3 0.3125 0.628125 0.0078125 0.04375
3 0.3234375 0.634375 0.0078125 0.046875
3 0.503125 0.6125 0.021875 0.025
3 0.575 0.60625 0.0109375 0.0421875
3 0.5875 0.609375 0.0125 0.046875
3 0.7703125 0.60625 0.0234375 0.028125
3 0.9546875 0.740625 0.0109375 0.0515625
3 0.940625 0.73125 0.009375 0.05
3 0.8234375 0.734375 0.0203125 0.03125
3 0.734375 0.725 0.0078125 0.0484375
3 0.721875 0.715625 0.0109375 0.04375
3 0.55625 0.73125 0.0203125 0.0265625
3 0.45625 0.7375 0.0109375 0.0484375
3 0.440625 0.728125 0.0109375 0.046875
3 0.365625 0.728125 0.021875 0.028125
3 0.11875 0.709375 0.0109375 0.05
3 0.134375 0.715625 0.009375 0.0546875
3 0.15625 0.7234375 0.0109375 0.0515625
3 0.171875 0.725 0.009375 0.046875
3 0.184375 0.7296875 0.0078125 0.0390625
3 0.196875 0.725 0.009375 0.0515625
3 0.5046875 0.821875 0.0234375 0.0265625
3 0.715625 0.821875 0.0125 0.05625
3 0.73125 0.83125 0.0125 0.0578125
3 0.8890625 0.81875 0.0203125 0.025
3 0.9453125 0.921875 0.009375 0.059375
3 0.95625 0.928125 0.0078125 0.0609375
3 0.3375 0.9296875 0.0078125 0.0546875
3 0.325 0.9234375 0.0109375 0.0546875
3 0.3109375 0.915625 0.0078125 0.05625
3 0.296875 0.9125 0.0078125 0.0609375
3 0.275 0.903125 0.009375 0.0609375
3 0.259375 0.896875 0.0140625 0.0625
2 0.075 0.26875 0.015625 0.040625
2 0.5328125 0.25 0.0125 0.028125
2 0.665625 0.29375 0.0125 0.0296875
2 0.6875 0.2984375 0.0078125 0.03125
2 0.6515625 0.40625 0.015625 0.0375
2 0.521875 0.409375 0.0203125 0.0359375
2 0.1890625 0.4140625 0.0171875 0.0359375
2 0.11645035156250001 0.385838846875 0.1157318359375 0.39299190156249997 0.10966151718749999 0.40136816875000003 0.10920048125 0.41393254687500003 0.12003484687499999 0.413288221875 0.1215716359375 0.40340853125000004 0.1245683765625 0.39986472812499996 0.12410733437499999 0.3958913765625 0.122032671875 0.395998771875 0.121417953125 0.392777125 0.122801065625 0.38794466875 0.122032671875 0.385582134375 0.11645035156250001 0.385838846875
2 0.075 0.3828125 0.01875 0.046875
2 0.0796875 0.58125 0.021875 0.0375
2 0.08125 0.684375 0.021875 0.0359375
2 0.071875 0.79375 0.0203125 0.0359375
0 0.075 0.903125 0.021875 0.0484375
0 0.0390625 0.915625 0.03125 0.071875
0 0.040625 0.3875 0.0359375 0.078125
14 0.0609375 0.6203125 0.0171875 0.075
14 0.0609375 0.725 0.0171875 0.075
12 0.0578125 0.840625 0.015625 0.05625
5 0.3984375 0.921875 0.025 0.0359375
5 0.540625 0.925 0.028125 0.040625
5 0.6828125 0.928125 0.03125 0.0421875
5 0.8 0.9265625 0.0234375 0.040625