11 0.0953125 0.06875 0.0140625 0.065625
11 0.1171875 0.0625 0.015625 0.046875
11 0.140625 0.065625 0.0140625 0.0546875
11 0.16875 0.059375 0.015625 0.059375
11 0.221875 0.05625 0.0140625 0.0609375
11 0.246875 0.075 0.015625 0.05625
11 0.928125 0.178125 0.0171875 0.040625
11 0.89375 0.2 0.0140625 0.046875
11 0.7625 0.1875 0.015625 0.0453125
11 0.721875 0.209375 0.0140625 0.046875
11 0.59375 0.175 0.015625 0.0453125
11 0.5625 0.175 0.0109375 0.04375
11 0.45 0.196875 0.0109375 0.0578125
11 0.353125 0.1921875 0.015625 0.040625
3 0.253125 0.1859375 0.0265625 0.0546875
11 0.2125 0.18125 0.0109375 0.0546875
11 0.1765625 0.16875 0.0140625 0.0359375
11 0.146875 0.16875 0.0171875 0.0375
11 0.1140625 0.1703125 0.0140625 0.040625
11 0.115625 0.275 0.0140625 0.0578125
11 0.14375 0.2828125 0.0171875 0.0546875
11 0.175 0.290625 0.0171875 0.0578125
11 0.21875 0.2859375 0.0109375 0.0453125
11 0.2484375 0.271875 0.0140625 0.05625
11 0.278125 0.2875 0.01875 0.0375
11 0.309375 0.2875 0.0140625 0.0546875
11 0.35 0.2828125 0.0140625 0.0390625
11 0.378125 0.284375 0.0125 0.0453125
11 0.409375 0.284375 0.021875 0.0421875
11 0.4484375 0.290625 0.0203125 0.0546875
11 0.5 0.28125 0.0125 0.0609375
11 0.528125 0.296875 0.0171875 0.0546875
11 0.5640625 0.2984375 0.01875 0.059375
11 0.6 0.3 0.0140625 0.05625
11 0.525 0.409375 0.0109375 0.05625
11 0.496875 0.390625 0.01875 0.0421875
11 0.440625 0.396875 0.01875 0.05
11 0.4171875 0.384375 0.0125 0.06875
11 0.3890625 0.403125 0.015625 0.0578125
11 0.3640625 0.4125 0.0140625 0.059375
3 0.25625 0.3765625 0.025 0.05625
11 0.2203125 0.36875 0.0171875 0.0609375
11 0.33125 0.5953125 0.015625 0.0421875
11 0.384375 0.609375 0.0140625 0.0546875
11 0.4625 0.59375 0.015625 0.0453125
11 0.4890625 0.603125 0.015625 0.0484375
11 0.534375 0.609375 0.0125 0.0515625
11 0.59375 0.615625 0.0125 0.05
11 0.484375 0.734375 0.0171875 0.046875
11 0.4515625 0.73125 0.01875 0.0484375
11 0.4875 0.8125 0.0171875 0.0421875
11 0.446875 0.834375 0.0140625 0.053125
11 0.6296875 0.8296875 0.021875 0.0546875
11 0.33125 0.7375 0.0171875 0.05625
11 0.325 0.8234375 0.0125 0.059375
11 0.178125 0.728125 0.0109375 0.0671875
11 0.146875 0.709375 0.0203125 0.059375
11 0.184375 0.828125 0.0171875 0.059375
11 0.15 0.83125 0.01875 0.065625
11 0.115625 0.80625 0.0203125 0.05625
11 0.1125 0.725 0.015625 0.05
11 0.084375 0.73125 0.0171875 0.0484375
11 0.084375 0.8078125 0.0109375 0.0578125
11 0.325 0.9359375 0.015625 0.0484375
11 0.478125 0.940625 0.0171875 0.0484375
3 0.35 0.059375 0.015625 0.06875
3 0.365625 0.05625 0.009375 0.0765625
3 0.378125 0.0625 0.009375 0.0609375
3 0.3875 0.059375 0.009375 0.075
3 0.4125 0.075 0.0125 0.0640625
3 0.425 0.05625 0.0125 0.084375
3 0.4390625 0.0609375 0.0078125 0.0625
3 0.4515625 0.05 0.015625 0.0796875
3 0.5625 0.08125 0.0109375 0.053125
3 0.575 0.08125 0.0078125 0.0578125
3 0.5875 0.0859375 0.0109375 0.0515625
3 0.6015625 0.0828125 0.0140625 0.0609375
3 0.65 0.096875 0.0125 0.0546875
3 0.665625 0.0859375 0.015625 0.0671875
3 0.6796875 0.0875 0.0109375 0.0515625
3 0.6921875 0.084375 0.0125 0.0625
3 0.725 0.109375 0.0109375 0.0421875
3 0.740625 0.0875 0.015625 0.065625
3 0.7546875 0.0875 0.0109375 0.0515625
3 0.76875 0.08125 0.0109375 0.0515625
3 0.815625 0.103125 0.0109375 0.05
3 0.834375 0.08125 0.0140625 0.06875
3 0.846875 0.0875 0.009375 0.0546875
3 0.859375 0.08125 0.0109375 0.0546875
3 0.8828125 0.1 0.0109375 0.0515625
3 0.896875 0.084375 0.0125 0.0625
3 0.909375 0.084375 0.009375 0.05
3 0.925 0.0796875 0.0125 0.053125
3 0.853125 0.2 0.015625 0.05
3 0.8375 0.20625 0.0109375 0.04375
3 0.825 0.203125 0.0125 0.05625
3 0.8125 0.2125 0.0140625 0.0546875
3 0.6859375 0.196875 0.0109375 0.05
3 0.675 0.2015625 0.0109375 0.0390625
3 0.6625 0.19375 0.0125 0.0453125
3 0.64375 0.2015625 0.0171875 0.04375
3 0.534375 0.18125 0.0125 0.046875
3 0.521875 0.184375 0.0125 0.0484375
3 0.503125 0.178125 0.0109375 0.04375
3 0.4875 0.1828125 0.0140625 0.0609375
3 0.3125 0.175 0.009375 0.0546875
3 0.3 0.171875 0.009375 0.0484375
3 0.290625 0.1671875 0.0078125 0.0484375
3 0.2765625 0.1625 0.0125 0.0484375
3 0.0890625 0.175 0.021875 0.03125
3 0.0875 0.284375 0.0234375 0.0359375
3 0.315625 0.40625 0.0109375 0.0546875
3 0.303125 0.4015625 0.0109375 0.0578125
3 0.29375 0.3921875 0.009375 0.0609375
3 0.28125 0.3859375 0.009375 0.0671875
3 0.1859375 0.3765625 0.0109375 0.0625
3 0.171875 0.371875 0.009375 0.0609375
11 0.146875 0.3625 0.0140625 0.0609375
11 0.1203125 0.359375 0.0171875 0.065625
3 0.090625 0.3796875 0.025 0.040625
3 0.09375 0.6125 0.0125 0.0578125
3 0.10625 0.6125 0.0109375 0.0578125
3 0.1171875 0.6171875 0.009375 0.05625
3 0.1296875 0.6203125 0.0109375 0.0515625
3 0.153125 0.59375 0.0109375 0.05
3 0.1640625 0.5953125 0.009375 0.046875
3 0.175 0.6015625 0.0109375 0.0578125
3 0.190625 0.60625 0.0171875 0.0640625
3 0.2953125 0.60625 0.021875 0.0375
3 0.5703125 0.603125 0.021875 0.046875
3 0.634375 0.621875 0.025 0.0515625
3 0.2828125 0.73125 0.025 0.0390625
3 0.2875 0.809375 0.0296875 0.04375
3 0.2859375 0.940625 0.0234375 0.0359375
8 0.2765625 0.059375 0.03125 0.0734375
8 0.50625 0.0796875 0.0234375 0.0609375
8 0.390625 0.184375 0.025 0.065625
8 0.6625 0.28125 0.028125 0.065625
8 0.73125 0.30625 0.03125 0.0671875
8 0.8296875 0.2984375 0.03125 0.078125
8 0.9046875 0.3046875 0.03125 0.0765625
8 0.9265625 0.41875 0.028125 0.059375
8 0.8421875 0.396875 0.028125 0.05
8 0.746875 0.403125 0.025 0.0546875
8 0.6578125 0.4078125 0.03125 0.053125
8 0.58125 0.4171875 0.0234375 0.0609375
8 0.2578125 0.6125 0.0234375 0.0671875
8 0.61875 0.746875 0.028125 0.0578125
8 0.5453125 0.740625 0.0234375 0.05
8 0.3875 0.709375 0.025 0.0515625
8 0.2421875 0.725 0.0265625 0.0515625
8 0.24375 0.8 0.025 0.06875
8 0.3921875 0.83125 0.021875 0.0703125
8 0.5390625 0.8234375 0.025 0.05
8 0.396875 0.95 0.0265625 0.053125
8 0.24375 0.93125 0.028125 0.053125
8 0.1625 0.921875 0.025 0.0484375
8 0.096875 0.93125 0.025 0.05
5 0.7171875 0.6390625 0.0265625 0.04375
5 0.715625 0.75 0.028125 0.0421875
5 0.7125 0.85 0.0359375 0.0453125
5 0.7125 0.975 0.0296875 0.0484375
5 0.58125 0.9421875 0.0359375 0.040625
2 0.071875 0.046875 0.0203125 0.0453125
2 0.15625 0.040625 0.0140625 0.0375
2 0.709375 0.1015625 0.0125 0.0328125
2 0.746875 0.20625 0.015625 0.040625
2 0.5125 0.2046875 0.009375 0.0328125
2 0.43125 0.1796875 0.015625 0.0375
2 0.89375 0.4375 0.021875 0.040625
2 0.553125 0.428125 0.0203125 0.0453125
2 0.3453125 0.4015625 0.015625 0.046875
2 0.065625 0.159375 0.015625 0.046875
2 0.0640625 0.2625 0.015625 0.0421875
2 0.0625 0.378125 0.0171875 0.0421875
2 0.0703125 0.575 0.021875 0.04375
2 0.2328125 0.596875 0.0171875 0.04375
2 0.5875 0.7625 0.0171875 0.04375
2 0.309375 0.753125 0.015625 0.0453125
2 0.0625 0.684375 0.021875 0.0359375
2 0.05625 0.8 0.0296875 0.0421875
2 0.0578125 0.909375 0.0203125 0.046875
13 0.421875 0.621875 0.0125 0.059375
13 0.4390625 0.625 0.0171875 0.059375
14 0.0484375 0.0921875 0.0234375 0.0734375
14 0.04375 0.615625 0.0203125 0.090625
14 0.0375 0.725 0.0203125 0.08125
0 0.0203125 0.91875 0.03125 0.084375
0 0.0265625 0.38125 0.0359375 0.0625
14 0.04375 0.1953125 0.0234375 0.0921875
12 0.046875 0.309375 0.015625 0.0625
12 0.040625 0.8453125 0.0140625 0.059375