3 0.09375 0.0921875 0.0109375 0.0453125
3 0.10625 0.084375 0.009375 0.0609375
3 0.115625 0.084375 0.0078125 0.0515625
3 0.1296875 0.0765625 0.0109375 0.05625
3 0.1484375 0.096875 0.0078125 0.05
3 0.1625 0.08125 0.009375 0.059375
3 0.171875 0.08125 0.0078125 0.046875
3 0.184375 0.0765625 0.009375 0.05
3 0.221875 0.09375 0.009375 0.046875
3 0.2359375 0.084375 0.009375 0.0640625
3 0.246875 0.084375 0.009375 0.05
3 0.259375 0.0796875 0.0078125 0.0484375
3 0.2765625 0.09375 0.0109375 0.0515625
3 0.2875 0.084375 0.009375 0.059375
3 0.2984375 0.0875 0.0078125 0.05
3 0.309375 0.084375 0.0078125 0.0515625
3 0.35 0.078125 0.009375 0.05625
3 0.3625 0.0625 0.0078125 0.046875
3 0.371875 0.0625 0.00625 0.059375
3 0.3828125 0.05625 0.0125 0.0578125
3 0.40625 0.0875 0.0109375 0.071875
3 0.4203125 0.065625 0.009375 0.0390625
3 0.4296875 0.065625 0.009375 0.0546875
3 0.440625 0.0625 0.0109375 0.0515625
3 0.4859375 0.078125 0.009375 0.04375
3 0.496875 0.0625 0.009375 0.046875
3 0.5078125 0.06875 0.009375 0.05625
3 0.51875 0.0625 0.0109375 0.05
3 0.5421875 0.09375 0.0109375 0.0421875
3 0.55625 0.071875 0.009375 0.053125
3 0.5671875 0.078125 0.0078125 0.05
3 0.5796875 0.078125 0.0109375 0.05625
3 0.63125 0.090625 0.0109375 0.05625
3 0.6453125 0.075 0.0125 0.0734375
3 0.65625 0.078125 0.0078125 0.0578125
3 0.66875 0.071875 0.0078125 0.065625
3 0.690625 0.0921875 0.0109375 0.059375
3 0.703125 0.078125 0.0140625 0.065625
3 0.715625 0.0765625 0.009375 0.065625
3 0.728125 0.065625 0.0125 0.0671875
3 0.778125 0.0890625 0.0109375 0.0625
3 0.790625 0.09375 0.0109375 0.05
3 0.8125 0.0890625 0.0109375 0.0515625
3 0.834375 0.084375 0.009375 0.0515625
3 0.8625 0.08125 0.0109375 0.0625
3 0.8765625 0.071875 0.0140625 0.065625
3 0.890625 0.0671875 0.0125 0.0546875
3 0.9078125 0.0546875 0.015625 0.065625
3 0.896875 0.165625 0.015625 0.0484375
3 0.88125 0.171875 0.0125 0.0515625
3 0.865625 0.178125 0.0125 0.0515625
3 0.85 0.184375 0.0125 0.0453125
3 0.815625 0.19375 0.0125 0.05
3 0.8 0.196875 0.0109375 0.05625
3 0.7875 0.2015625 0.0109375 0.0609375
3 0.76875 0.19375 0.0109375 0.046875
3 0.225 0.1921875 0.0234375 0.0375
3 0.2265625 0.2828125 0.021875 0.0375
3 0.9 0.4125 0.015625 0.053125
3 0.884375 0.40625 0.0125 0.05625
3 0.2 0.6140625 0.0109375 0.0546875
3 0.2140625 0.621875 0.0109375 0.05625
3 0.553125 0.7375 0.0265625 0.0359375
3 0.259375 0.7140625 0.0234375 0.0359375
3 0.3328125 0.709375 0.0140625 0.059375
3 0.3515625 0.71875 0.015625 0.0609375
3 0.4875 0.625 0.0140625 0.059375
3 0.503125 0.628125 0.0125 0.0578125
3 0.8421875 0.61875 0.028125 0.0359375
3 0.934375 0.6296875 0.009375 0.0515625
3 0.946875 0.6375 0.0109375 0.0546875
3 0.625 0.73125 0.0125 0.0515625
3 0.6421875 0.7328125 0.0125 0.0515625
3 0.7828125 0.840625 0.0125 0.05
3 0.765625 0.834375 0.0125 0.046875
3 0.790625 0.953125 0.0125 0.0640625
3 0.775 0.9421875 0.0109375 0.0609375
11 0.86875 0.940625 0.0171875 0.0515625
11 0.828125 0.946875 0.01875 0.0546875
11 0.75 0.9390625 0.015625 0.0625
11 0.7203125 0.925 0.01875 0.0625
11 0.6875 0.940625 0.0171875 0.04375
11 0.1328125 0.928125 0.0140625 0.0453125
11 0.1046875 0.915625 0.0140625 0.0453125
11 0.096875 0.8171875 0.0109375 0.0578125
11 0.13125 0.80625 0.0140625 0.0734375
11 0.1625 0.8203125 0.015625 0.0546875
11 0.203125 0.834375 0.0125 0.0546875
11 0.459375 0.8328125 0.0140625 0.0578125
11 0.5046875 0.84375 0.0140625 0.05625
11 0.684375 0.825 0.0140625 0.040625
11 0.7125 0.8265625 0.015625 0.0453125
11 0.740625 0.8265625 0.0171875 0.0453125
11 0.93125 0.721875 0.0140625 0.04375
11 0.428125 0.7109375 0.015625 0.040625
11 0.3921875 0.709375 0.0140625 0.0578125
11 0.3125 0.7 0.0125 0.0640625
11 0.284375 0.684375 0.0140625 0.0671875
11 0.203125 0.71875 0.0125 0.046875
11 0.16875 0.703125 0.0171875 0.0421875
11 0.1359375 0.71875 0.01875 0.0546875
11 0.0953125 0.725 0.015625 0.05
11 0.578125 0.7125 0.015625 0.0453125
11 0.603125 0.728125 0.0140625 0.046875
11 0.90625 0.625 0.0109375 0.0578125
11 0.875 0.6125 0.0125 0.065625
11 0.73125 0.6375 0.015625 0.053125
11 0.6875 0.6296875 0.0171875 0.046875
11 0.5828125 0.6140625 0.0140625 0.040625
11 0.55625 0.5984375 0.015625 0.0625
11 0.45625 0.61875 0.015625 0.0578125
11 0.4265625 0.6125 0.015625 0.0625
11 0.10625 0.575 0.01875 0.078125
11 0.134375 0.6 0.0109375 0.0625
11 0.16875 0.609375 0.0125 0.0578125
11 0.396875 0.609375 0.0140625 0.0578125
11 0.85 0.403125 0.015625 0.0578125
11 0.81875 0.3984375 0.0171875 0.0640625
11 0.7796875 0.3875 0.0171875 0.059375
11 0.58125 0.4015625 0.015625 0.059375
11 0.546875 0.396875 0.0140625 0.053125
11 0.515625 0.403125 0.0125 0.059375
11 0.4890625 0.4125 0.015625 0.053125
11 0.090625 0.271875 0.0140625 0.034375
11 0.11875 0.28125 0.0140625 0.046875
11 0.2546875 0.284375 0.0140625 0.05
11 0.2828125 0.284375 0.0140625 0.05
11 0.3125 0.284375 0.0125 0.0546875
11 0.4390625 0.3 0.0125 0.05
11 0.484375 0.284375 0.0125 0.0453125
11 0.5140625 0.2890625 0.0125 0.05625
11 0.5515625 0.2828125 0.0125 0.04375
11 0.584375 0.2953125 0.015625 0.0546875
11 0.628125 0.29375 0.0125 0.0453125
11 0.6546875 0.2921875 0.0125 0.0546875
11 0.684375 0.290625 0.015625 0.0578125
11 0.721875 0.28125 0.0125 0.0625
11 0.7171875 0.1953125 0.0140625 0.053125
11 0.6828125 0.1953125 0.0125 0.05
11 0.6515625 0.1796875 0.0125 0.0484375
11 0.621875 0.1953125 0.0125 0.0421875
11 0.575 0.1734375 0.0109375 0.0515625
11 0.55 0.1953125 0.0125 0.05
11 0.521875 0.203125 0.0125 0.0546875
11 0.484375 0.196875 0.0171875 0.0453125
11 0.309375 0.1796875 0.0125 0.04375
11 0.284375 0.16875 0.0140625 0.040625
11 0.2546875 0.16875 0.015625 0.040625
2 0.065625 0.0390625 0.0171875 0.0421875
2 0.3921875 0.115625 0.0140625 0.03125
2 0.6125 0.071875 0.01875 0.0421875
2 0.7640625 0.06875 0.015625 0.040625
2 0.8015625 0.0765625 0.0109375 0.0359375
2 0.8234375 0.06875 0.009375 0.040625
2 0.771875 0.23125 0.0140625 0.0203125
2 0.5 0.221875 0.015625 0.0359375
2 0.06875 0.1484375 0.0234375 0.0328125
2 0.0625 0.25625 0.0171875 0.040625
2 0.065625 0.371875 0.0203125 0.0484375
2 0.4171875 0.2828125 0.0125 0.0390625
2 0.709375 0.2578125 0.0125 0.0390625
11 0.775 0.29375 0.015625 0.0609375
11 0.8109375 0.2859375 0.0203125 0.05
11 0.85 0.28125 0.0140625 0.0515625
2 0.678125 0.375 0.0234375 0.046875
2 0.5625 0.3859375 0.0125 0.04375
2 0.353125 0.396875 0.0171875 0.0421875
2 0.071875 0.575 0.0203125 0.0375
2 0.4421875 0.603125 0.0140625 0.04375
2 0.4734375 0.60625 0.0140625 0.046875
2 0.709375 0.65625 0.015625 0.04375
2 0.8890625 0.6125 0.0125 0.05
2 0.9203125 0.6125 0.0109375 0.0359375
2 0.115625 0.7 0.0140625 0.0453125
2 0.06875 0.684375 0.0171875 0.0421875
2 0.0625 0.7984375 0.0171875 0.04375
2 0.1859375 0.81875 0.015625 0.040625
2 0.48125 0.828125 0.0171875 0.046875
2 0.084375 0.93125 0.015625 0.0375
2 0.0625 0.9140625 0.0171875 0.05
8 0.9125 0.925 0.025 0.065625
8 0.9078125 0.834375 0.025 0.05
8 0.840625 0.853125 0.03125 0.0703125
8 0.6171875 0.8328125 0.028125 0.053125
8 0.5625 0.8265625 0.0265625 0.053125
8 0.4078125 0.8078125 0.0296875 0.0765625
8 0.321875 0.815625 0.025 0.05
8 0.265625 0.8046875 0.0234375 0.0765625
8 0.184375 0.9125 0.03125 0.0734375
8 0.6890625 0.734375 0.0265625 0.053125
8 0.7609375 0.746875 0.03125 0.0546875
8 0.8375 0.728125 0.0296875 0.0515625
8 0.7625 0.6109375 0.028125 0.046875
8 0.615625 0.6296875 0.0265625 0.0515625
8 0.31875 0.60625 0.025 0.071875
8 0.10625 0.4 0.0375 0.0625
8 0.16875 0.415625 0.025 0.0609375
8 0.2390625 0.415625 0.0234375 0.053125
8 0.3 0.396875 0.0296875 0.0671875
8 0.378125 0.384375 0.021875 0.0484375
8 0.428125 0.396875 0.021875 0.05625
8 0.634375 0.390625 0.0203125 0.065625
8 0.7109375 0.39375 0.0203125 0.0703125
8 0.3625 0.284375 0.0265625 0.059375
8 0.165625 0.284375 0.028125 0.0671875
8 0.15625 0.20625 0.021875 0.0546875
8 0.1015625 0.178125 0.021875 0.0515625
8 0.3625 0.2125 0.028125 0.05625
8 0.421875 0.19375 0.028125 0.046875
5 0.2875 0.9421875 0.03125 0.040625
5 0.440625 0.95 0.0296875 0.040625
5 0.5890625 0.95 0.03125 0.0421875
2 0.1515625 0.5953125 0.0140625 0.046875
4 0.2703125 0.6046875 0.021875 0.053125
9 0.4859375 0.721875 0.021875 0.0328125
0 0.028125 0.925 0.0328125 0.078125
14 0.0453125 0.08125 0.0203125 0.075
14 0.04375 0.1875 0.021875 0.084375
14 0.05 0.6125 0.01875 0.090625
14 0.046875 0.73125 0.01875 0.0875
4 0.046875 0.84375 0.015625 0.059375
4 0.046875 0.30625 0.0140625 0.0609375
0 0.025 0.3796875 0.0296875 0.0765625