11 0.921875 0.9078125 0.0203125 0.046875
11 0.88125 0.884375 0.0171875 0.053125
11 0.7328125 0.9 0.0171875 0.0515625
11 0.684375 0.871875 0.0171875 0.053125
11 0.5390625 0.9125 0.0171875 0.0515625
11 0.503125 0.9125 0.0125 0.05
11 0.375 0.8875 0.0125 0.065625
11 0.265625 0.89375 0.01875 0.046875
3 0.15 0.9 0.0296875 0.0625
11 0.103125 0.903125 0.0125 0.0625
11 0.0625 0.91875 0.015625 0.040625
11 0.028125 0.91875 0.0203125 0.04375
11 0.025 0.7890625 0.0203125 0.0640625
11 0.0625 0.778125 0.0203125 0.0671875
11 0.1125 0.784375 0.0125 0.053125
11 0.1453125 0.803125 0.015625 0.065625
11 0.178125 0.784375 0.021875 0.0421875
11 0.215625 0.784375 0.015625 0.0625
11 0.259375 0.7890625 0.015625 0.046875
11 0.29375 0.7875 0.0140625 0.0515625
11 0.328125 0.7875 0.0234375 0.0484375
11 0.3734375 0.78125 0.0234375 0.0625
11 0.43125 0.7921875 0.0140625 0.0703125
11 0.4625 0.771875 0.0203125 0.0625
11 0.50625 0.771875 0.0203125 0.0671875
11 0.5453125 0.76875 0.015625 0.0625
11 0.459375 0.64375 0.0125 0.0640625
11 0.4296875 0.665625 0.021875 0.0484375
11 0.365625 0.659375 0.0203125 0.0578125
11 0.3375 0.671875 0.0140625 0.0796875
11 0.30625 0.6515625 0.01875 0.065625
11 0.278125 0.640625 0.015625 0.0671875
3 0.153125 0.68125 0.0296875 0.065625
11 0.1125 0.690625 0.01875 0.0703125
11 0.2390625 0.43125 0.0171875 0.0484375
11 0.3 0.4171875 0.015625 0.0625
11 0.390625 0.434375 0.015625 0.0515625
11 0.41875 0.425 0.0171875 0.05625
11 0.471875 0.415625 0.0140625 0.0609375
11 0.5390625 0.4078125 0.0140625 0.05625
11 0.415625 0.275 0.0203125 0.0546875
11 0.378125 0.2765625 0.0203125 0.0546875
11 0.4171875 0.184375 0.01875 0.0484375
11 0.371875 0.159375 0.015625 0.059375
11 0.58125 0.1640625 0.025 0.0625
11 0.240625 0.26875 0.01875 0.065625
11 0.234375 0.171875 0.0140625 0.06875
11 0.065625 0.28125 0.0125 0.0765625
11 0.028125 0.3015625 0.0234375 0.06875
11 0.071875 0.1671875 0.01875 0.06875
11 0.0328125 0.1625 0.021875 0.075
11 0.234375 0.04375 0.0171875 0.0546875
11 0.4078125 0.0375 0.0203125 0.05625
3 0.53125 0.9921875 0.0125 0.015625
3 0.546875 0.9921875 0.015625 0.015625
3 0.6046875 0.9859375 0.0140625 0.028125
3 0.6203125 0.9875 0.0171875 0.0234375
3 0.6375 0.990625 0.0125 0.0171875
3 0.6515625 0.990625 0.0140625 0.0171875
3 0.6875 0.98125 0.0125 0.0359375
3 0.70625 0.9875 0.0171875 0.025
3 0.721875 0.9921875 0.0109375 0.015625
3 0.79375 0.9828125 0.0125 0.034375
3 0.8140625 0.990625 0.015625 0.01875
3 0.828125 0.990625 0.0109375 0.0171875
3 0.86875 0.984375 0.0109375 0.03125
3 0.88359375 0.98984375 0.0140625 0.0203125
3 0.89921875 0.99296875 0.0109375 0.0140625
3 0.8375 0.884375 0.0171875 0.05625
3 0.81875 0.8765625 0.0125 0.05
3 0.8046875 0.8796875 0.0140625 0.0640625
3 0.790625 0.86875 0.015625 0.0625
3 0.64375 0.8875 0.0109375 0.0578125
3 0.63125 0.88125 0.0125 0.0453125
3 0.6171875 0.890625 0.015625 0.0515625
3 0.5953125 0.88125 0.0203125 0.05
3 0.471875 0.90625 0.0140625 0.0546875
3 0.4578125 0.9015625 0.0140625 0.05625
3 0.4375 0.909375 0.0140625 0.05
3 0.41875 0.903125 0.015625 0.06875
3 0.21875 0.9125 0.0109375 0.0625
3 0.2046875 0.9171875 0.0109375 0.05625
3 0.1921875 0.921875 0.009375 0.05625
3 0.178125 0.928125 0.0140625 0.05625
3 0.221875 0.65 0.0125 0.0625
3 0.209375 0.653125 0.0125 0.0671875
3 0.196875 0.6640625 0.009375 0.06875
3 0.1828125 0.671875 0.0109375 0.075
3 0.0734375 0.6828125 0.0125 0.071875
3 0.05625 0.6875 0.0109375 0.0703125
11 0.03125 0.7 0.0171875 0.06875
11 0.003125 0.703125 0.00625 0.075
3 0.009375 0.403125 0.0125 0.059375
3 0.034375 0.434375 0.0125 0.05625
3 0.0484375 0.43125 0.0109375 0.053125
3 0.0625 0.425 0.0109375 0.065625
3 0.078125 0.41875 0.01875 0.0734375
3 0.2 0.4203125 0.0234375 0.0421875
3 0.5125 0.425 0.0234375 0.0546875
3 0.5859375 0.403125 0.028125 0.059375
3 0.184375 0.2765625 0.028125 0.0453125
3 0.1890625 0.1875 0.034375 0.0484375
3 0.1875 0.0390625 0.028125 0.040625
8 0.30625 0.9 0.028125 0.0734375
8 0.6171875 0.790625 0.0328125 0.0734375
8 0.696875 0.7625 0.0359375 0.0765625
8 0.809375 0.771875 0.034375 0.0890625
8 0.89375 0.7640625 0.0359375 0.0875
8 0.91875 0.634375 0.0328125 0.0671875
8 0.8234375 0.659375 0.03125 0.0578125
8 0.7140625 0.653125 0.028125 0.0625
8 0.6125 0.646875 0.0359375 0.0609375
8 0.525 0.6359375 0.0265625 0.06875
8 0.15625 0.4125 0.028125 0.0765625
8 0.56875 0.2578125 0.0328125 0.065625
8 0.484375 0.265625 0.0265625 0.05625
8 0.3046875 0.3015625 0.0296875 0.0578125
8 0.1375 0.284375 0.0296875 0.0609375
8 0.140625 0.196875 0.028125 0.078125
8 0.309375 0.1640625 0.0234375 0.0796875
8 0.478125 0.171875 0.028125 0.05625
8 0.3140625 0.0296875 0.0296875 0.059375
8 0.140625 0.05 0.03125 0.0609375
8 0.046875 0.059375 0.0296875 0.05625
5 0.6796875 0.3828125 0.03125 0.05
5 0.678125 0.25625 0.03125 0.0484375
5 0.675 0.1421875 0.040625 0.0515625
5 0.6765625 0.0125 0.034375 0.025
5 0.525 0.0375 0.0421875 0.046875
2 0.66953125 0.98984375 0.0140625 0.0203125
2 0.7140625 0.878125 0.0171875 0.046875
2 0.4453125 0.878125 0.0109375 0.0375
2 0.353125 0.90625 0.0171875 0.0421875
2 0.88125 0.6140625 0.025 0.0453125
2 0.49375 0.625 0.021875 0.0515625
2 0.25625 0.653125 0.0171875 0.053125
2 0.1265625 0.43125 0.01875 0.05
2 0.53125 0.240625 0.0203125 0.05
2 0.2125 0.2515625 0.01875 0.0515625
13 0.34375 0.403125 0.0140625 0.06875
13 0.3625 0.4 0.01875 0.06875