3 0.2421875 0.934375 0.0109375 0.0609375
3 0.259375 0.9265625 0.015625 0.065625
3 0.390625 0.9375 0.0109375 0.071875
3 0.40625 0.9375 0.0125 0.0703125
3 0.5078125 0.946875 0.028125 0.0359375
3 0.590625 0.946875 0.0125 0.0609375
3 0.609375 0.9375 0.0125 0.0578125
3 0.1625 0.815625 0.0109375 0.0578125
3 0.18125 0.809375 0.0140625 0.0625
3 0.4375 0.803125 0.0140625 0.0578125
3 0.459375 0.796875 0.0140625 0.0625
3 0.184375 0.571875 0.0109375 0.059375
3 0.1671875 0.578125 0.0125 0.059375
3 0.3125 0.5984375 0.0140625 0.0671875
3 0.33125 0.590625 0.015625 0.078125
3 0.4484375 0.6109375 0.015625 0.071875
3 0.465625 0.6046875 0.0125 0.0703125
3 0.734375 0.609375 0.0140625 0.06875
3 0.753125 0.603125 0.0125 0.06875
3 0.928125 0.371875 0.015625 0.071875
3 0.909375 0.378125 0.0109375 0.075
3 0.76875 0.375 0.0171875 0.0671875
3 0.7515625 0.3703125 0.009375 0.071875
3 0.7375 0.36875 0.0078125 0.0890625
3 0.71875 0.34375 0.0171875 0.0625
3 0.69375 0.35625 0.015625 0.0625
3 0.6796875 0.346875 0.0109375 0.059375
3 0.665625 0.353125 0.0109375 0.0734375
3 0.65 0.346875 0.0171875 0.0640625
3 0.075 0.246875 0.0140625 0.0484375
3 0.09375 0.24375 0.0171875 0.059375
3 0.1125 0.25 0.0140625 0.0578125
3 0.1359375 0.2546875 0.021875 0.059375
3 0.3375 0.25625 0.015625 0.0484375
3 0.35625 0.246875 0.0125 0.0671875
3 0.36875 0.2453125 0.0125 0.0703125
3 0.3859375 0.246875 0.015625 0.05625
3 0.4125 0.2359375 0.0125 0.0609375
3 0.428125 0.253125 0.009375 0.0546875
3 0.4390625 0.25 0.0078125 0.0546875
3 0.45 0.2546875 0.0109375 0.0546875
3 0.490625 0.2390625 0.009375 0.0546875
3 0.503125 0.2546875 0.0140625 0.053125
3 0.5171875 0.253125 0.009375 0.0484375
3 0.53125 0.259375 0.0125 0.0640625
3 0.5625 0.234375 0.0125 0.0578125
3 0.575 0.2546875 0.0109375 0.05625
3 0.5875 0.246875 0.0109375 0.0640625
3 0.603125 0.253125 0.0125 0.059375
3 0.7234375 0.24375 0.0109375 0.05625
3 0.7375 0.2578125 0.0109375 0.0484375
3 0.75 0.25625 0.009375 0.0546875
3 0.765625 0.2625 0.0140625 0.05
3 0.6078125 0.109375 0.0125 0.0546875
3 0.59375 0.10625 0.0109375 0.0484375
3 0.5796875 0.10625 0.0109375 0.0609375
3 0.5625 0.1125 0.0140625 0.06875
3 0.4578125 0.1109375 0.0125 0.0578125
3 0.44375 0.109375 0.0125 0.0515625
3 0.428125 0.109375 0.0109375 0.059375
3 0.415625 0.11875 0.0109375 0.0734375
3 0.09609375 0.015625 0.0140625 0.03125
3 0.115625 0.01875 0.0125 0.0375
3 0.134375 0.025 0.015625 0.05
3 0.1875 0.0265625 0.0125 0.053125
3 0.2015625 0.034375 0.0125 0.06875
3 0.215625 0.0234375 0.0109375 0.046875
3 0.23125 0.0296875 0.0125 0.059375
3 0.2625 0.01875 0.015625 0.0375
3 0.28046875 0.03125 0.0140625 0.0625
3 0.296875 0.028125 0.0078125 0.05625
3 0.3125 0.0375 0.0125 0.065625
11 0.58984375 0.015625 0.0203125 0.03125
11 0.5625 0.028125 0.0140625 0.05625
11 0.52734375 0.021875 0.0140625 0.04375
11 0.49609375 0.015625 0.0171875 0.03125
11 0.3890625 0.0203125 0.015625 0.040625
11 0.3546875 0.0265625 0.01875 0.053125
11 0.1890625 0.121875 0.0125 0.0640625
11 0.225 0.13125 0.0140625 0.0625
11 0.2578125 0.1359375 0.0140625 0.0671875
11 0.296875 0.14375 0.01875 0.0734375
11 0.346875 0.134375 0.015625 0.046875
11 0.378125 0.115625 0.015625 0.065625
11 0.490625 0.128125 0.0140625 0.046875
11 0.515625 0.115625 0.015625 0.05625
11 0.65 0.13125 0.0234375 0.05
11 0.684375 0.14375 0.015625 0.05625
11 0.721875 0.1484375 0.0171875 0.0625
3 0.7734375 0.153125 0.0296875 0.0609375
11 0.290625 0.2375 0.0171875 0.053125
11 0.259375 0.2484375 0.0171875 0.0484375
11 0.21875 0.2515625 0.021875 0.0484375
11 0.1890625 0.228125 0.01875 0.0671875
11 0.0921875 0.3640625 0.01875 0.0703125
11 0.128125 0.346875 0.015625 0.0578125
11 0.3421875 0.353125 0.0140625 0.0640625
11 0.371875 0.3359375 0.0125 0.0625
11 0.828125 0.36875 0.0171875 0.0515625
11 0.8609375 0.3984375 0.0140625 0.0703125
11 0.884375 0.3875 0.0171875 0.0671875
11 0.7140625 0.6171875 0.0109375 0.0640625
11 0.69375 0.6296875 0.015625 0.0703125
3 0.6625 0.6046875 0.0234375 0.0359375
11 0.1390625 0.58125 0.015625 0.065625
11 0.10625 0.596875 0.01875 0.065625
11 0.0765625 0.5953125 0.0140625 0.0625
11 0.0765625 0.690625 0.0171875 0.059375
11 0.1125 0.6828125 0.0171875 0.059375
11 0.2265625 0.696875 0.0125 0.05
11 0.259375 0.7078125 0.0140625 0.065625
11 0.39375 0.721875 0.0125 0.0625
11 0.509375 0.715625 0.0140625 0.08125
11 0.540625 0.7140625 0.0125 0.0671875
11 0.571875 0.703125 0.0140625 0.0546875
11 0.60625 0.7125 0.0171875 0.071875
11 0.6640625 0.725 0.015625 0.075
11 0.6921875 0.7078125 0.0125 0.0515625
11 0.71875 0.709375 0.0109375 0.0546875
11 0.746875 0.728125 0.0140625 0.0671875
11 0.78125 0.73125 0.0125 0.0625
11 0.8125 0.7390625 0.0171875 0.0625
11 0.85625 0.74375 0.01875 0.0734375
11 0.8875 0.709375 0.015625 0.0640625
11 0.740625 0.8234375 0.0140625 0.0546875
11 0.7078125 0.828125 0.0125 0.046875
11 0.68125 0.809375 0.0125 0.05625
11 0.653125 0.81875 0.0140625 0.0671875
11 0.60625 0.81875 0.0125 0.0546875
11 0.5640625 0.828125 0.01875 0.040625
11 0.315625 0.796875 0.0203125 0.0515625
11 0.1359375 0.81875 0.0140625 0.04375
11 0.103125 0.784375 0.015625 0.0546875
11 0.0703125 0.80625 0.0171875 0.04375
11 0.08125 0.9375 0.0109375 0.065625
11 0.109375 0.9203125 0.0171875 0.0546875
11 0.565625 0.95 0.0125 0.0671875
11 0.54375 0.965625 0.01875 0.06875
11 0.6546875 0.965625 0.0171875 0.06875
11 0.6828125 0.921875 0.015625 0.0609375
11 0.79296875 0.96796875 0.0234375 0.0640625
11 0.8796875 0.9625 0.0203125 0.0640625
11 0.94375 0.96875 0.0140625 0.0625
11 0.9734375 0.953125 0.0125 0.065625
8 0.1453125 0.94375 0.0296875 0.0828125
8 0.296875 0.946875 0.034375 0.09375
8 0.434375 0.9640625 0.034375 0.071875
8 0.7171875 0.96875 0.028125 0.0609375
8 0.834375 0.96796875 0.028125 0.0640625
8 0.95 0.821875 0.021875 0.0859375
8 0.8640625 0.8234375 0.025 0.078125
8 0.79375 0.8296875 0.03125 0.0875
8 0.5078125 0.8125 0.03125 0.0578125
8 0.371875 0.803125 0.0296875 0.0546875
8 0.234375 0.8109375 0.03125 0.06875
8 0.159375 0.6921875 0.034375 0.0703125
8 0.3109375 0.7171875 0.028125 0.075
8 0.434375 0.725 0.028125 0.071875
8 0.9375 0.715625 0.0359375 0.075
8 0.946875 0.615625 0.028125 0.075
8 0.8625 0.6203125 0.028125 0.078125
8 0.803125 0.63125 0.0296875 0.075
8 0.5171875 0.6234375 0.0359375 0.08125
8 0.3859375 0.6234375 0.028125 0.0734375
8 0.2375 0.603125 0.0265625 0.0796875
8 0.1984375 0.3515625 0.0296875 0.06875
8 0.271875 0.35 0.028125 0.071875
8 0.4203125 0.34375 0.0265625 0.06875
8 0.5125 0.34375 0.028125 0.0765625
8 0.58125 0.371875 0.025 0.0640625
8 0.821875 0.265625 0.021875 0.0609375
8 0.653125 0.23125 0.025 0.059375
8 0.1 0.1125 0.028125 0.08125
8 0.834375 0.1375 0.0296875 0.08125
8 0.8359375 0.040625 0.03125 0.08125
8 0.7375 0.046875 0.03125 0.0875
8 0.6640625 0.03125 0.03125 0.0609375
8 0.4296875 0.03125 0.025 0.0625
2 0.0515625 0.025 0.015625 0.0484375
2 0.053125 0.140625 0.0203125 0.046875
2 0.21875 0.315625 0.015625 0.11875
2 0.0515625 0.2625 0.0171875 0.0515625
2 0.0546875 0.375 0.021875 0.0546875
2 0.240625 0.35625 0.0203125 0.05625
2 0.8046875 0.38125 0.01875 0.0453125
2 0.046875 0.5875 0.01875 0.0484375
2 0.05 0.709375 0.0203125 0.046875
2 0.0953125 0.7015625 0.015625 0.04375
2 0.921875 0.8421875 0.0203125 0.053125
2 0.08125 0.765625 0.0203125 0.0375
2 0.04375 0.834375 0.021875 0.040625
2 0.0484375 0.953125 0.0234375 0.0578125
14 0.01875 0.9078125 0.025 0.0875
14 0.0234375 0.7875 0.021875 0.0890625
14 0.0328125 0.33125 0.0171875 0.103125
14 0.03125 0.2125 0.0234375 0.1
0 0.015625 0.03125 0.03125 0.0609375
0 0.0140625 0.578125 0.028125 0.0859375
4 0.03125 0.671875 0.01875 0.05625
4 0.03125 0.090625 0.021875 0.065625
9 0.915625 0.0296875 0.028125 0.040625
9 0.896875 0.140625 0.0265625 0.040625
9 0.590625 0.596875 0.0265625 0.0375