11 0.91875 0.925 0.0140625 0.0703125
11 0.846875 0.915625 0.0171875 0.065625
11 0.759375 0.9140625 0.0125 0.0578125
11 0.5890625 0.928125 0.0125 0.053125
11 0.48125 0.93125 0.0140625 0.053125
11 0.096875 0.93125 0.0125 0.053125
11 0.084375 0.9203125 0.0078125 0.05
11 0.0734375 0.925 0.0109375 0.0453125
11 0.05 0.9328125 0.0171875 0.0453125
11 0.928125 0.7859375 0.0140625 0.0578125
11 0.89375 0.8046875 0.015625 0.040625
11 0.8515625 0.7875 0.0140625 0.0578125
11 0.8140625 0.7984375 0.0140625 0.040625
11 0.7546875 0.7984375 0.0125 0.04375
11 0.7234375 0.8 0.0125 0.0421875
11 0.590625 0.8109375 0.0125 0.0421875
11 0.553125 0.8 0.0171875 0.0578125
11 0.515625 0.79375 0.0125 0.0546875
11 0.4734375 0.8125 0.015625 0.040625
11 0.09375 0.809375 0.0125 0.0515625
11 0.928125 0.671875 0.0125 0.0546875
11 0.890625 0.6796875 0.0140625 0.059375
11 0.853125 0.6765625 0.0140625 0.0515625
11 0.809375 0.678125 0.015625 0.0625
11 0.7484375 0.7046875 0.0171875 0.04375
11 0.71875 0.7 0.0140625 0.0453125
11 0.5890625 0.6875 0.015625 0.0515625
11 0.5484375 0.684375 0.015625 0.0546875
11 0.5125 0.715625 0.0140625 0.0578125
11 0.46875 0.734375 0.0234375 0.075
11 0.4046875 0.725 0.0203125 0.078125
11 0.371875 0.69375 0.015625 0.0484375
11 0.3390625 0.709375 0.0140625 0.059375
11 0.303125 0.7296875 0.015625 0.06875
11 0.25 0.7234375 0.015625 0.065625
11 0.2125 0.71875 0.0171875 0.0578125
11 0.175 0.715625 0.0140625 0.0609375
11 0.1390625 0.715625 0.0140625 0.0625
11 0.0921875 0.721875 0.0140625 0.0359375
11 0.0625 0.71875 0.015625 0.04375
11 0.03125 0.703125 0.015625 0.059375
11 0.003125 0.70625 0.0046875 0.0609375
11 0.928125 0.58125 0.0140625 0.065625
11 0.890625 0.5625 0.015625 0.0515625
11 0.85 0.5875 0.0140625 0.0640625
11 0.8078125 0.596875 0.0140625 0.059375
11 0.740625 0.5984375 0.0203125 0.065625
11 0.7015625 0.584375 0.0171875 0.0546875
11 0.4046875 0.6046875 0.0125 0.0578125
11 0.371875 0.590625 0.0140625 0.0546875
11 0.34375 0.58125 0.015625 0.05
11 0.25 0.60625 0.0140625 0.046875
11 0.221875 0.58125 0.015625 0.0515625
11 0.065625 0.5875 0.0140625 0.053125
11 0.0359375 0.6078125 0.015625 0.0390625
11 0.759375 0.2375 0.015625 0.053125
11 0.46875 0.2625 0.021875 0.053125
11 0.415625 0.253125 0.0203125 0.0671875
11 0.3828125 0.259375 0.015625 0.0484375
11 0.35 0.240625 0.01875 0.0484375
11 0.31875 0.2625 0.015625 0.0515625
11 0.259375 0.26875 0.015625 0.0515625
11 0.2265625 0.26875 0.015625 0.0484375
11 0.1625 0.26875 0.0203125 0.0515625
11 0.19375 0.23125 0.0234375 0.0734375
11 0.1125 0.259375 0.0171875 0.04375
11 0.08125 0.240625 0.0140625 0.05625
11 0.0484375 0.2375 0.0171875 0.05625
11 0.0109375 0.2578125 0.01875 0.05
11 0.925 0.11875 0.0140625 0.0578125
11 0.884375 0.125 0.0171875 0.0640625
11 0.846875 0.1265625 0.0171875 0.059375
11 0.8109375 0.1265625 0.0140625 0.0640625
11 0.746875 0.146875 0.015625 0.065625
11 0.7078125 0.1296875 0.015625 0.053125
11 0.66875 0.13125 0.015625 0.053125
11 0.634375 0.15 0.0171875 0.0734375
11 0.571875 0.153125 0.01875 0.06875
11 0.5359375 0.134375 0.0125 0.059375
11 0.4953125 0.1296875 0.015625 0.053125
11 0.4640625 0.159375 0.0171875 0.06875
11 0.4078125 0.1578125 0.0140625 0.065625
11 0.3734375 0.1375 0.015625 0.059375
11 0.34375 0.15625 0.015625 0.0671875
11 0.3078125 0.134375 0.0171875 0.0625
11 0.253125 0.1421875 0.0140625 0.0671875
11 0.221875 0.1328125 0.015625 0.0625
11 0.190625 0.134375 0.0140625 0.059375
11 0.15625 0.13125 0.015625 0.0609375
11 0.10625 0.134375 0.015625 0.0546875
11 0.0734375 0.1546875 0.0171875 0.0703125
11 0.040625 0.15625 0.015625 0.06875
11 0.0109375 0.140625 0.0140625 0.0609375
11 0.0109375 0.0390625 0.0140625 0.0546875
11 0.04375 0.040625 0.0171875 0.0609375
11 0.103125 0.0390625 0.0171875 0.059375
11 0.15625 0.03125 0.0171875 0.059375
11 0.19375 0.025 0.015625 0.0484375
11 0.2265625 0.0296875 0.0140625 0.05625
11 0.253125 0.01875 0.015625 0.0359375
11 0.315625 0.046875 0.015625 0.05
11 0.3484375 0.0328125 0.015625 0.0515625
11 0.375 0.040625 0.015625 0.0453125
11 0.409375 0.053125 0.01875 0.06875
11 0.66875 0.046875 0.0203125 0.06875
11 0.70625 0.053125 0.0234375 0.071875
11 0.890625 0.0140625 0.021875 0.028125
11 0.925 0.01875 0.015625 0.0375
3 0.8875 0.9203125 0.0109375 0.0625
3 0.871875 0.9125 0.0109375 0.059375
3 0.825 0.9140625 0.0109375 0.05625
3 0.80625 0.90625 0.0140625 0.0609375
3 0.696875 0.915625 0.0125 0.0578125
3 0.678125 0.9234375 0.0109375 0.0578125
3 0.6640625 0.9296875 0.0125 0.0640625
3 0.65 0.9375 0.0125 0.06875
3 0.3375 0.9125 0.0109375 0.053125
3 0.321875 0.91875 0.009375 0.059375
3 0.30625 0.925 0.0125 0.0640625
3 0.246875 0.9375 0.009375 0.05625
3 0.234375 0.9421875 0.0109375 0.0671875
3 0.221875 0.93125 0.0109375 0.05625
3 0.20625 0.9296875 0.0140625 0.0671875
3 0.1828125 0.921875 0.0125 0.0609375
3 0.16875 0.9375 0.0125 0.078125
3 0.14375 0.9375 0.0125 0.05625
3 0.13125 0.94375 0.0140625 0.0703125
3 0.009375 0.8375 0.0109375 0.0453125
3 0.0203125 0.834375 0.0125 0.04375
3 0.371875 0.8265625 0.0109375 0.046875
3 0.3859375 0.8203125 0.009375 0.0453125
3 0.396875 0.8125 0.009375 0.04375
3 0.415625 0.79375 0.009375 0.05625
3 0.64375 0.825 0.0125 0.04375
3 0.6578125 0.8171875 0.0125 0.04375
3 0.671875 0.8125 0.0109375 0.0421875
3 0.684375 0.80625 0.0109375 0.0484375
3 0.0015625 0.6 0.003125 0.0484375
3 0.009375 0.603125 0.0125 0.05
3 0.0890625 0.6 0.0234375 0.03125
3 0.29375 0.603125 0.009375 0.04375
3 0.309375 0.60625 0.0109375 0.046875
3 0.459375 0.615625 0.0125 0.0609375
3 0.471875 0.60625 0.0109375 0.053125
3 0.484375 0.6125 0.0109375 0.071875
3 0.5015625 0.59375 0.0140625 0.0609375
3 0.5421875 0.6046875 0.0125 0.0640625
3 0.55625 0.6 0.0109375 0.053125
3 0.56875 0.6125 0.0109375 0.0703125
3 0.584375 0.60625 0.0125 0.0640625
3 0.759375 0.328125 0.009375 0.046875
3 0.921875 0.2359375 0.009375 0.059375
3 0.90625 0.24375 0.009375 0.0640625
3 0.89375 0.2375 0.0109375 0.0484375
3 0.878125 0.2421875 0.009375 0.0578125
3 0.840625 0.2296875 0.0109375 0.046875
3 0.8265625 0.240625 0.0125 0.0703125
3 0.8125 0.2421875 0.009375 0.0546875
3 0.7984375 0.25 0.0125 0.0625
3 0.7046875 0.259375 0.025 0.05625
3 0.66875 0.225 0.009375 0.0546875
3 0.653125 0.24375 0.0109375 0.075
3 0.640625 0.2421875 0.009375 0.059375
3 0.625 0.240625 0.0125 0.053125
3 0.74375 0.025 0.0234375 0.03125
3 0.6390625 0.0453125 0.0125 0.0578125
3 0.621875 0.034375 0.0125 0.0671875
3 0.5734375 0.0546875 0.0109375 0.071875
3 0.5578125 0.0625 0.0109375 0.0734375
3 0.5453125 0.0546875 0.009375 0.0546875
3 0.53125 0.065625 0.0140625 0.0609375
3 0.496875 0.0453125 0.0109375 0.0625
3 0.478125 0.059375 0.015625 0.075
3 0.465625 0.0609375 0.009375 0.0625
3 0.45 0.06875 0.0140625 0.0640625
11 0.075 0.025 0.0125 0.0484375
3 0.74375 0.3484375 0.0125 0.065625
3 0.7296875 0.3578125 0.009375 0.0625
3 0.709375 0.3671875 0.0125 0.05625
3 0.409375 0.371875 0.0125 0.071875
3 0.396875 0.3625 0.009375 0.05
3 0.384375 0.3578125 0.0078125 0.0484375
3 0.36875 0.3609375 0.0078125 0.0640625
3 0.346875 0.346875 0.0109375 0.0546875
3 0.334375 0.3578125 0.009375 0.0625
3 0.321875 0.3578125 0.009375 0.053125
3 0.30625 0.3640625 0.0109375 0.0546875
3 0.2625 0.3390625 0.0109375 0.05
3 0.246875 0.353125 0.009375 0.0609375
3 0.2359375 0.353125 0.009375 0.05
3 0.2234375 0.35625 0.0125 0.0578125
3 0.20625 0.33125 0.0125 0.0453125
3 0.1875 0.353125 0.0125 0.0640625
3 0.1765625 0.353125 0.0078125 0.053125
3 0.1625 0.3609375 0.009375 0.0546875
3 0.115625 0.35 0.0109375 0.0546875
3 0.1 0.359375 0.0125 0.0625
3 0.0890625 0.359375 0.009375 0.046875
3 0.075 0.3625 0.009375 0.0546875
3 0.046875 0.3515625 0.0109375 0.053125
3 0.03125 0.3625 0.0109375 0.0578125
3 0.01875 0.3625 0.009375 0.046875
3 0.00625 0.365625 0.0125 0.05625
8 0.534375 0.9375 0.0265625 0.078125
8 0.403125 0.9390625 0.03125 0.0703125
3 0.065625 0.81875 0.0234375 0.0390625
8 0.16875 0.825 0.0265625 0.053125
8 0.240625 0.803125 0.0265625 0.0609375
8 0.325 0.8 0.03125 0.0640625
8 0.665625 0.70625 0.028125 0.0546875
8 0.6546875 0.6046875 0.0265625 0.0734375
8 0.890625 0.3578125 0.0234375 0.0546875
8 0.821875 0.346875 0.03125 0.053125
8 0.671875 0.378125 0.028125 0.0765625
8 0.565625 0.38125 0.028125 0.078125
8 0.490625 0.375 0.0265625 0.0765625
14 0.571875 0.2578125 0.025 0.05
14 0.9765625 0.890625 0.021875 0.0890625
14 0.978125 0.778125 0.0203125 0.0953125
14 0.96875 0.334375 0.0171875 0.0984375
2 0.971875 0.2265625 0.01875 0.09375
2 0.95625 0.934375 0.0171875 0.046875
2 0.95625 0.81875 0.0171875 0.0421875
2 0.959375 0.70625 0.01875 0.034375
2 0.9546875 0.5875 0.021875 0.053125
2 0.946875 0.378125 0.01875 0.0453125
2 0.71875 0.3953125 0.009375 0.0328125
2 0.946875 0.26875 0.021875 0.053125
2 0.9546875 0.153125 0.01875 0.0515625
2 0.953125 0.034375 0.01875 0.0515625
2 0.6875 0.940625 0.0078125 0.0359375
2 0.859375 0.334375 0.0171875 0.046875
8 0.015625 0.9390625 0.028125 0.046875
4 0.3625 0.9125 0.015625 0.05625
9 0.8265625 0.0265625 0.0296875 0.0359375
3 0.7203125 0.915625 0.0234375 0.053125