3 0.50625 0.953125 0.0125 0.0625
3 0.4921875 0.959375 0.009375 0.0546875
3 0.475 0.965625 0.015625 0.0484375
3 0.4265625 0.9375 0.0109375 0.059375
3 0.3859375 0.940625 0.0109375 0.0578125
3 0.4125 0.940625 0.0109375 0.06875
3 0.4 0.934375 0.0125 0.05
3 0.365625 0.928125 0.0125 0.05625
3 0.35 0.940625 0.0125 0.0703125
3 0.3375 0.9421875 0.0109375 0.05625
3 0.321875 0.953125 0.0109375 0.0578125
3 0.5484375 0.8265625 0.0140625 0.053125
3 0.565625 0.81875 0.0125 0.053125
3 0.6421875 0.840625 0.0125 0.0515625
3 0.65625 0.8375 0.0125 0.053125
3 0.6671875 0.8390625 0.0109375 0.0453125
3 0.6796875 0.828125 0.0109375 0.059375
3 0.7 0.8375 0.0109375 0.053125
3 0.7140625 0.83125 0.0109375 0.0625
3 0.7265625 0.840625 0.0109375 0.046875
3 0.740625 0.8375 0.0109375 0.053125
3 0.790625 0.828125 0.0125 0.0546875
3 0.80625 0.825 0.0125 0.059375
3 0.81875 0.81875 0.009375 0.0625
3 0.834375 0.828125 0.0109375 0.05625
3 0.559375 0.721875 0.0125 0.0578125
3 0.540625 0.7125 0.0109375 0.0609375
3 0.246875 0.746875 0.0125 0.0625
3 0.2328125 0.7421875 0.0109375 0.0578125
3 0.196875 0.73125 0.0140625 0.05
3 0.184375 0.7375 0.0109375 0.05
3 0.171875 0.74375 0.0125 0.046875
3 0.1375 0.71875 0.0109375 0.059375
3 0.125 0.7265625 0.009375 0.065625
3 0.1125 0.71875 0.0109375 0.053125
3 0.0984375 0.7203125 0.0109375 0.0625
3 0.028125 0.64375 0.0125 0.0625
3 0.040625 0.634375 0.009375 0.0578125
3 0.0515625 0.6375 0.0109375 0.08125
3 0.06875 0.61875 0.0125 0.059375
3 0.090625 0.63125 0.0140625 0.075
3 0.103125 0.625 0.0109375 0.0625
3 0.1171875 0.6359375 0.0109375 0.078125
3 0.13125 0.6296875 0.0125 0.065625
3 0.165625 0.6265625 0.0125 0.059375
3 0.18125 0.6125 0.009375 0.0578125
3 0.196875 0.60625 0.0140625 0.0671875
3 0.90625 0.3609375 0.01875 0.028125
3 0.84375 0.38125 0.0109375 0.0609375
3 0.828125 0.375 0.0078125 0.065625
3 0.63125 0.3625 0.0234375 0.0390625
3 0.553125 0.38125 0.0125 0.0546875
3 0.534375 0.378125 0.015625 0.05625
3 0.34375 0.375 0.0265625 0.034375
3 0.2609375 0.3625 0.0109375 0.0546875
3 0.2453125 0.3546875 0.0125 0.0578125
3 0.009375 0.271875 0.01875 0.046875
3 0.1953125 0.246875 0.028125 0.0359375
3 0.6921875 0.1390625 0.015625 0.065625
3 0.6734375 0.134375 0.015625 0.059375
3 0.1984375 0.14375 0.0234375 0.0359375
3 0.1140625 0.159375 0.0125 0.046875
3 0.0890625 0.153125 0.0171875 0.05
3 0.0921875 0.028125 0.0125 0.05625
3 0.10625 0.034375 0.0109375 0.0609375
3 0.190625 0.03125 0.0265625 0.034375
3 0.3875 0.021875 0.0140625 0.04375
3 0.40625 0.0265625 0.0171875 0.053125
3 0.4875 0.01875 0.0265625 0.0359375
3 0.675 0.015625 0.0125 0.0296875
3 0.690625 0.01875 0.0140625 0.0359375
3 0.775 0.01875 0.0296875 0.0359375
11 0.909375 0.9375 0.015625 0.0609375
11 0.875 0.95 0.0171875 0.0484375
11 0.271875 0.96875 0.0140625 0.0515625
11 0.240625 0.959375 0.01875 0.05625
11 0.240625 0.83125 0.0140625 0.059375
11 0.275 0.834375 0.0171875 0.046875
11 0.5859375 0.828125 0.0140625 0.0484375
11 0.88125 0.8234375 0.0140625 0.05625
11 0.9125 0.8328125 0.01875 0.053125
11 0.91875 0.696875 0.015625 0.0453125
11 0.884375 0.68125 0.0140625 0.0546875
11 0.5875 0.7125 0.0171875 0.059375
11 0.275 0.73125 0.015625 0.0578125
11 0.06875 0.740625 0.015625 0.0421875
11 0.0375 0.746875 0.0140625 0.065625
11 0.878125 0.5796875 0.01875 0.0640625
11 0.9125 0.5859375 0.01875 0.06875
11 0.8765625 0.4015625 0.0125 0.0875
11 0.859375 0.3875 0.0140625 0.078125
11 0.775 0.3796875 0.01875 0.0703125
11 0.746875 0.35625 0.01875 0.0609375
11 0.6 0.365625 0.015625 0.06875
11 0.578125 0.353125 0.015625 0.0609375
11 0.4875 0.38125 0.0171875 0.0484375
11 0.465625 0.35625 0.0140625 0.0515625
11 0.3125 0.38125 0.0140625 0.059375
11 0.2890625 0.3671875 0.0125 0.059375
11 0.1828125 0.365625 0.0140625 0.05625
11 0.159375 0.371875 0.015625 0.046875
11 0.1359375 0.3625 0.0125 0.0609375
11 0.1 0.375 0.015625 0.0609375
11 0.04375 0.38125 0.0203125 0.0625
11 0.0203125 0.365625 0.0140625 0.0546875
11 0.05 0.2828125 0.0125 0.0453125
11 0.096875 0.259375 0.0171875 0.0484375
11 0.125 0.2578125 0.0140625 0.053125
11 0.159375 0.25625 0.0140625 0.053125
11 0.3140625 0.234375 0.0078125 0.05
11 0.34375 0.221875 0.01875 0.05
11 0.5375 0.259375 0.015625 0.0484375
11 0.56875 0.2375 0.015625 0.053125
11 0.603125 0.2390625 0.0125 0.0625
11 0.634375 0.24375 0.0125 0.0671875
11 0.91875 0.115625 0.0140625 0.0578125
11 0.8890625 0.146875 0.0171875 0.0671875
11 0.85625 0.15625 0.015625 0.08125
11 0.825 0.134375 0.0140625 0.0703125
11 0.71875 0.140625 0.0140625 0.075
11 0.340625 0.1546875 0.015625 0.0609375
11 0.30625 0.1578125 0.0203125 0.075
11 0.165625 0.14375 0.015625 0.059375
11 0.1328125 0.1625 0.0140625 0.053125
11 0.053125 0.15625 0.015625 0.04375
11 0.01875 0.16875 0.0203125 0.0640625
11 0.0484375 0.034375 0.015625 0.0671875
11 0.1328125 0.040625 0.0140625 0.0625
11 0.1609375 0.046875 0.015625 0.075
11 0.30625 0.025 0.015625 0.046875
11 0.340625 0.028125 0.0140625 0.05625
11 0.4328125 0.0296875 0.0140625 0.059375
11 0.4578125 0.0375 0.015625 0.0671875
11 0.6 0.01875 0.0125 0.0359375
11 0.62890625 0.01875 0.0171875 0.0375
11 0.884375 0.025 0.0140625 0.05
8 0.915625 0.034375 0.0140625 0.0671875
8 0.7703125 0.165625 0.03125 0.0765625
8 0.625 0.128125 0.0265625 0.0828125
8 0.5546875 0.134375 0.0359375 0.0578125
8 0.409375 0.1625 0.0296875 0.08125
8 0.4140625 0.2609375 0.028125 0.0734375
8 0.7 0.246875 0.0234375 0.0796875
8 0.7671875 0.2390625 0.028125 0.0546875
8 0.8453125 0.24375 0.01875 0.0515625
8 0.90625 0.26875 0.028125 0.0828125
8 0.5796875 0.60625 0.021875 0.075
8 0.646875 0.596875 0.021875 0.0734375
8 0.71875 0.6 0.028125 0.084375
8 0.809375 0.6015625 0.025 0.08125
8 0.83125 0.70625 0.0265625 0.08125
8 0.721875 0.703125 0.0265625 0.078125
8 0.659375 0.6953125 0.021875 0.06875
8 0.49375 0.7234375 0.025 0.08125
8 0.4 0.71875 0.0296875 0.090625
8 0.334375 0.7203125 0.028125 0.078125
8 0.059375 0.85625 0.025 0.075
8 0.11875 0.8609375 0.028125 0.075
8 0.1921875 0.8609375 0.025 0.08125
8 0.340625 0.825 0.0234375 0.05625
8 0.4078125 0.83125 0.0296875 0.0484375
9 0.5140625 0.828125 0.0234375 0.0578125
9 0.8265625 0.9421875 0.0234375 0.028125
9 0.575 0.946875 0.025 0.03125
9 0.2 0.959375 0.0234375 0.0328125
9 0.271875 0.6078125 0.015625 0.021875
9 0.4234375 0.375 0.021875 0.0265625
9 0.709375 0.3671875 0.0203125 0.025
9 0.475 0.2546875 0.0203125 0.028125
9 0.2578125 0.265625 0.021875 0.0296875
9 0.2484375 0.146875 0.0265625 0.0234375
9 0.475 0.14375 0.01875 0.021875
9 0.834375 0.015625 0.0265625 0.0234375
9 0.5515625 0.021875 0.015625 0.0234375
9 0.2578125 0.0296875 0.021875 0.025
6 0.6953125 0.953125 0.025 0.0296875
6 0.090625 0.975 0.025 0.028125
6 0.3703125 0.6125 0.0234375 0.0296875
9 0.4921875 0.6 0.028125 0.03125
2 0.946875 0.965625 0.01875 0.040625
2 0.946875 0.840625 0.021875 0.053125
2 0.9484375 0.725 0.0234375 0.05
2 0.6875 0.7125 0.0171875 0.040625
2 0.678125 0.609375 0.021875 0.0546875
2 0.9421875 0.5984375 0.0203125 0.059375
2 0.940625 0.3859375 0.021875 0.0453125
2 0.275 0.3765625 0.0140625 0.040625
2 0.203125 0.378125 0.015625 0.040625
2 0.1171875 0.39375 0.0140625 0.046875
2 0.103125 0.13125 0.0109375 0.0453125
2 0.1484375 0.14375 0.015625 0.040625
2 0.3625 0.209375 0.015625 0.040625
2 0.3609375 0.16875 0.0203125 0.0296875
2 0.9453125 0.271875 0.0171875 0.0484375
2 0.9515625 0.146875 0.0171875 0.046875
2 0.95 0.025 0.0171875 0.05
14 0.96875 0.9203125 0.021875 0.0921875
14 0.96875 0.803125 0.021875 0.0875
14 0.9625 0.334375 0.0171875 0.0890625
14 0.9671875 0.225 0.0203125 0.09375
0 0.984375 0.0265625 0.03125 0.053125
0 0.98125 0.60625 0.0328125 0.0578125
4 0.5265625 0.9234375 0.0125 0.0703125
4 0.21875 0.5875 0.0171875 0.0734375
4 0.96875 0.675 0.0234375 0.0671875
4 0.8453125 0.56875 0.021875 0.0671875