11 0.0578125 0.94375 0.015625 0.0671875
11 0.08125 0.95 0.015625 0.0484375
11 0.1046875 0.946875 0.0140625 0.0578125
11 0.134375 0.9546875 0.0171875 0.0609375
11 0.1890625 0.95625 0.0140625 0.0640625
11 0.215625 0.9390625 0.015625 0.0578125
11 0.9265625 0.828125 0.01875 0.04375
11 0.890625 0.8078125 0.015625 0.0484375
11 0.753125 0.821875 0.015625 0.046875
11 0.7109375 0.796875 0.015625 0.0484375
11 0.578125 0.8328125 0.015625 0.046875
11 0.5453125 0.834375 0.0109375 0.0453125
11 0.428125 0.8125 0.0109375 0.059375
11 0.3265625 0.815625 0.0171875 0.04375
3 0.221875 0.821875 0.0265625 0.0578125
11 0.178125 0.825 0.0109375 0.0578125
11 0.140625 0.840625 0.0140625 0.0375
11 0.109375 0.840625 0.01875 0.040625
11 0.0765625 0.8375 0.0140625 0.04375
11 0.078125 0.7296875 0.0140625 0.059375
11 0.10625 0.721875 0.01875 0.0578125
11 0.140625 0.7125 0.01875 0.059375
11 0.1875 0.7171875 0.0125 0.0484375
11 0.2171875 0.7328125 0.015625 0.059375
11 0.246875 0.715625 0.0203125 0.0390625
11 0.28125 0.715625 0.0140625 0.0578125
11 0.321875 0.721875 0.015625 0.0421875
11 0.353125 0.7203125 0.0140625 0.046875
11 0.384375 0.71875 0.021875 0.04375
11 0.425 0.7125 0.0203125 0.0578125
11 0.478125 0.7234375 0.0125 0.0640625
11 0.5078125 0.70625 0.01875 0.0578125
11 0.546875 0.7046875 0.01875 0.0625
11 0.5828125 0.703125 0.015625 0.0578125
11 0.5046875 0.5890625 0.0109375 0.059375
11 0.478125 0.609375 0.0203125 0.04375
11 0.41875 0.603125 0.01875 0.0515625
11 0.39375 0.6140625 0.0125 0.071875
11 0.3640625 0.5953125 0.015625 0.059375
11 0.3375 0.5859375 0.0140625 0.0625
3 0.225 0.621875 0.0265625 0.059375
11 0.1875 0.63125 0.0171875 0.0640625
11 0.303125 0.3953125 0.015625 0.04375
11 0.3578125 0.38125 0.015625 0.05625
11 0.440625 0.396875 0.015625 0.046875
11 0.46875 0.3875 0.015625 0.0515625
11 0.515625 0.3796875 0.0125 0.0546875
11 0.5765625 0.371875 0.0125 0.053125
11 0.4625 0.25 0.01875 0.05
11 0.428125 0.253125 0.01875 0.05
11 0.465625 0.1671875 0.0171875 0.04375
11 0.425 0.1453125 0.0140625 0.0546875
11 0.615625 0.15 0.0234375 0.05625
11 0.303125 0.246875 0.0171875 0.059375
11 0.296875 0.15625 0.0140625 0.0609375
11 0.14375 0.25625 0.0109375 0.0703125
11 0.1109375 0.275 0.0203125 0.0625
11 0.15 0.153125 0.0171875 0.0640625
11 0.115625 0.15 0.0203125 0.06875
11 0.078125 0.175 0.0203125 0.0578125
11 0.075 0.259375 0.0140625 0.053125
11 0.046875 0.253125 0.0171875 0.0515625
11 0.0453125 0.171875 0.0109375 0.0609375
11 0.296875 0.040625 0.015625 0.05
11 0.45625 0.034375 0.01875 0.0515625
3 0.325 0.9546875 0.0171875 0.071875
3 0.3375 0.9578125 0.009375 0.0796875
3 0.35 0.953125 0.0109375 0.0640625
3 0.3625 0.953125 0.0109375 0.078125
3 0.3875 0.9375 0.0125 0.0671875
3 0.4015625 0.9578125 0.0125 0.084375
3 0.415625 0.953125 0.009375 0.065625
3 0.428125 0.9625 0.015625 0.075
3 0.54375 0.93125 0.0125 0.05625
3 0.55625 0.93125 0.009375 0.0609375
3 0.571875 0.9265625 0.0109375 0.053125
3 0.584375 0.9296875 0.0125 0.0625
3 0.6375 0.915625 0.0140625 0.0578125
3 0.6515625 0.9265625 0.015625 0.0703125
3 0.665625 0.925 0.0109375 0.0546875
3 0.68125 0.928125 0.0125 0.065625
3 0.7125 0.9015625 0.0125 0.04375
3 0.7296875 0.925 0.015625 0.06875
3 0.7453125 0.925 0.0109375 0.053125
3 0.759375 0.93125 0.0109375 0.0546875
3 0.809375 0.9078125 0.0109375 0.0515625
3 0.828125 0.93125 0.0140625 0.071875
3 0.8421875 0.925 0.009375 0.0578125
3 0.8546875 0.93125 0.0109375 0.0578125
3 0.878125 0.9125 0.0109375 0.053125
3 0.89375 0.928125 0.0140625 0.0671875
3 0.90625 0.928125 0.009375 0.053125
3 0.921875 0.9328125 0.0125 0.0546875
3 0.85 0.8078125 0.015625 0.0515625
3 0.83125 0.8 0.0109375 0.046875
3 0.81875 0.803125 0.0125 0.059375
3 0.80625 0.79375 0.0125 0.05625
3 0.6734375 0.809375 0.0109375 0.0515625
3 0.6609375 0.80625 0.0109375 0.040625
3 0.6484375 0.8140625 0.0140625 0.046875
3 0.628125 0.80625 0.01875 0.04375
3 0.515625 0.828125 0.0125 0.05
3 0.503125 0.8234375 0.0125 0.0515625
3 0.484375 0.83125 0.0125 0.0453125
3 0.4671875 0.825 0.0140625 0.0625
3 0.284375 0.834375 0.0109375 0.0578125
3 0.271875 0.8375 0.009375 0.0515625
3 0.259375 0.8421875 0.0078125 0.0515625
3 0.246875 0.846875 0.0125 0.0515625
3 0.05 0.83125 0.0234375 0.0328125
3 0.05 0.7203125 0.025 0.0359375
3 0.2875 0.59375 0.0125 0.0578125
3 0.275 0.596875 0.0109375 0.0609375
3 0.2625 0.60625 0.0078125 0.0640625
3 0.2515625 0.6125 0.009375 0.06875
3 0.1515625 0.6234375 0.0125 0.065625
3 0.1359375 0.628125 0.009375 0.0625
11 0.1125 0.6390625 0.015625 0.0625
11 0.0828125 0.640625 0.0171875 0.06875
3 0.0515625 0.6203125 0.025 0.0421875
3 0.0546875 0.378125 0.0125 0.059375
3 0.06875 0.3765625 0.0109375 0.0609375
3 0.0796875 0.371875 0.009375 0.059375
3 0.09375 0.36875 0.0125 0.0546875
3 0.115625 0.396875 0.0109375 0.0515625
3 0.128125 0.3953125 0.009375 0.0484375
3 0.140625 0.3875 0.009375 0.059375
3 0.15625 0.3828125 0.0171875 0.0671875
3 0.265625 0.384375 0.021875 0.0390625
3 0.553125 0.3875 0.021875 0.0484375
3 0.61875 0.36875 0.025 0.0546875
3 0.253125 0.253125 0.025 0.040625
3 0.25625 0.171875 0.03125 0.0453125
3 0.25625 0.0359375 0.025 0.0375
8 0.246875 0.953125 0.03125 0.0765625
8 0.4875 0.9328125 0.025 0.0640625
8 0.3640625 0.8234375 0.025 0.0671875
8 0.6484375 0.721875 0.0296875 0.0671875
8 0.7203125 0.696875 0.0328125 0.0703125
8 0.8234375 0.7046875 0.03125 0.08125
8 0.9015625 0.696875 0.0328125 0.0796875
8 0.925 0.578125 0.0296875 0.0625
8 0.8375 0.603125 0.028125 0.0515625
8 0.7375 0.596875 0.0265625 0.0578125
8 0.64375 0.590625 0.03125 0.0546875
8 0.5625 0.58125 0.0234375 0.0640625
8 0.2265625 0.378125 0.025 0.0703125
8 0.603125 0.2359375 0.03125 0.0609375
8 0.5265625 0.24375 0.0234375 0.0515625
8 0.3625 0.275 0.0265625 0.053125
8 0.209375 0.259375 0.028125 0.0546875
8 0.2125 0.18125 0.0265625 0.071875
8 0.3671875 0.15 0.021875 0.0734375
8 0.5203125 0.15625 0.025 0.0515625
8 0.371875 0.028125 0.0265625 0.0546875
8 0.2125 0.0453125 0.028125 0.0546875
8 0.128125 0.053125 0.0265625 0.0515625
8 0.059375 0.04375 0.0265625 0.053125
5 0.70625 0.35 0.028125 0.0453125
5 0.703125 0.234375 0.028125 0.04375
5 0.7 0.1296875 0.0359375 0.0484375
5 0.703125 0.0109375 0.03125 0.021875
5 0.5625 0.034375 0.0390625 0.0421875
2 0.034375 0.9671875 0.021875 0.046875
2 0.11875 0.971875 0.0140625 0.0390625
2 0.696875 0.909375 0.0125 0.0328125
2 0.7375 0.8015625 0.0171875 0.0421875
2 0.490625 0.803125 0.009375 0.034375
2 0.4078125 0.828125 0.015625 0.0390625
2 0.890625 0.5609375 0.021875 0.0421875
2 0.534375 0.5703125 0.0203125 0.046875
2 0.31875 0.596875 0.015625 0.0484375
2 0.025 0.85 0.015625 0.0484375
2 0.025 0.7421875 0.0171875 0.04375
2 0.0234375 0.621875 0.0171875 0.04375
2 0.03125 0.4171875 0.0234375 0.0453125
2 0.2 0.39375 0.0171875 0.0453125
2 0.56875 0.21875 0.01875 0.0453125
2 0.2796875 0.2296875 0.015625 0.046875
2 0.0234375 0.303125 0.0234375 0.0359375
2 0.015625 0.18125 0.0296875 0.04375
2 0.01875 0.065625 0.021875 0.0484375
13 0.3984375 0.3671875 0.0125 0.0625
13 0.415625 0.365625 0.0171875 0.0625
14 0.009375 0.92109375 0.01875 0.0765625
14 0.00625 0.375 0.0125 0.09375
14 0.003125 0.259375 0.00625 0.0859375
14 0.0078125 0.8125 0.015625 0.0953125
12 0.00625 0.69296875 0.0125 0.0671875
12 0.003125 0.13359375 0.00625 0.0609375