3 0.471875 0.04375 0.0125 0.0609375
3 0.4875 0.0359375 0.009375 0.053125
3 0.503125 0.03125 0.015625 0.046875
3 0.55 0.05625 0.0109375 0.05625
3 0.5890625 0.053125 0.0109375 0.05625
3 0.5625 0.053125 0.0109375 0.0671875
3 0.575 0.059375 0.0109375 0.0484375
3 0.609375 0.065625 0.0125 0.053125
3 0.625 0.0546875 0.0125 0.0671875
3 0.6375 0.053125 0.0109375 0.0546875
3 0.65 0.04375 0.0109375 0.0546875
3 0.4328125 0.1640625 0.0140625 0.05
3 0.4171875 0.171875 0.0125 0.0515625
3 0.3421875 0.1515625 0.0125 0.0484375
3 0.3296875 0.1546875 0.0109375 0.0515625
3 0.31875 0.153125 0.009375 0.0421875
3 0.30625 0.1640625 0.009375 0.05625
3 0.2875 0.153125 0.0109375 0.0515625
3 0.2734375 0.1609375 0.0109375 0.059375
3 0.2609375 0.15 0.0109375 0.0453125
3 0.246875 0.153125 0.009375 0.0515625
3 0.1984375 0.1625 0.0109375 0.053125
3 0.184375 0.165625 0.0125 0.05625
3 0.171875 0.171875 0.009375 0.0609375
3 0.159375 0.1625 0.0109375 0.053125
3 0.421875 0.265625 0.0125 0.05625
3 0.4390625 0.2734375 0.0109375 0.059375
3 0.7234375 0.240625 0.0125 0.059375
3 0.7375 0.246875 0.0109375 0.05625
3 0.771875 0.25625 0.0125 0.0484375
3 0.7828125 0.25 0.0109375 0.0484375
3 0.796875 0.24375 0.0125 0.0453125
3 0.828125 0.26875 0.0109375 0.05625
3 0.840625 0.2609375 0.009375 0.0625
3 0.853125 0.26875 0.009375 0.0515625
3 0.865625 0.2671875 0.0109375 0.059375
3 0.934375 0.340625 0.0109375 0.059375
3 0.921875 0.3484375 0.009375 0.0546875
3 0.9125 0.346875 0.009375 0.078125
3 0.896875 0.365625 0.0125 0.05625
3 0.875 0.3515625 0.0140625 0.071875
3 0.8625 0.3578125 0.0109375 0.0609375
3 0.8484375 0.346875 0.0109375 0.075
3 0.834375 0.353125 0.0109375 0.0625
3 0.8015625 0.35625 0.0125 0.05625
3 0.7875 0.36875 0.009375 0.0546875
3 0.771875 0.3765625 0.0140625 0.065625
3 0.0875 0.6125 0.01875 0.0265625
3 0.1484375 0.59375 0.0109375 0.0578125
3 0.1625 0.6 0.00625 0.0640625
3 0.353125 0.6109375 0.021875 0.0375
3 0.428125 0.5921875 0.0140625 0.0515625
3 0.446875 0.596875 0.015625 0.053125
3 0.628125 0.6 0.0265625 0.0328125
3 0.709375 0.6109375 0.0109375 0.0515625
3 0.725 0.61875 0.0109375 0.05625
3 0.953125 0.6984375 0.0203125 0.0453125
3 0.771875 0.721875 0.0265625 0.034375
3 0.29375 0.8265625 0.015625 0.0625
3 0.3125 0.83125 0.015625 0.05625
3 0.7703125 0.821875 0.021875 0.034375
3 0.8515625 0.80625 0.0125 0.0453125
3 0.875 0.8125 0.015625 0.046875
3 0.875 0.934375 0.0140625 0.0546875
3 0.859375 0.928125 0.0109375 0.059375
3 0.7765625 0.93125 0.025 0.0328125
3 0.5875 0.946875 0.0140625 0.053125
3 0.56875 0.9390625 0.015625 0.0578125
3 0.490625 0.9421875 0.025 0.034375
3 0.3125 0.9578125 0.0125 0.0515625
3 0.296875 0.953125 0.0140625 0.05625
3 0.215625 0.94375 0.0296875 0.034375
11 0.084375 0.059375 0.0140625 0.059375
11 0.11875 0.0453125 0.0171875 0.046875
11 0.7 0.028125 0.0125 0.05
11 0.728125 0.0375 0.01875 0.0546875
11 0.728125 0.159375 0.0125 0.05625
11 0.6953125 0.15625 0.0171875 0.0453125
11 0.396875 0.1625 0.0125 0.046875
11 0.1125 0.16875 0.0140625 0.0546875
11 0.08125 0.159375 0.0171875 0.05
11 0.0765625 0.290625 0.0140625 0.04375
11 0.109375 0.3046875 0.0140625 0.053125
11 0.3953125 0.275 0.015625 0.05625
11 0.696875 0.25625 0.015625 0.05625
11 0.89375 0.2484375 0.015625 0.040625
11 0.925 0.2421875 0.0140625 0.0625
11 0.1140625 0.403125 0.0171875 0.0609375
11 0.08125 0.396875 0.01875 0.0671875
11 0.115625 0.575 0.0125 0.084375
11 0.13125 0.5875 0.0125 0.075
11 0.215625 0.59375 0.01875 0.06875
11 0.240625 0.615625 0.0171875 0.059375
11 0.3828125 0.609375 0.015625 0.065625
11 0.4046875 0.621875 0.0171875 0.059375
11 0.4921875 0.5921875 0.015625 0.046875
11 0.5125 0.615625 0.0125 0.0484375
11 0.659375 0.59375 0.0125 0.0578125
11 0.6828125 0.60625 0.0125 0.05625
11 0.784375 0.6078125 0.0140625 0.0546875
11 0.8078125 0.603125 0.0140625 0.04375
11 0.83125 0.6109375 0.0125 0.059375
11 0.865625 0.6 0.015625 0.059375
11 0.91875 0.59375 0.0203125 0.059375
11 0.9421875 0.609375 0.0140625 0.053125
11 0.9125 0.6875 0.0140625 0.04375
11 0.86875 0.7125 0.0171875 0.046875
11 0.840625 0.7125 0.0140625 0.0515625
11 0.809375 0.7125 0.0140625 0.0515625
11 0.659375 0.734375 0.009375 0.046875
11 0.63125 0.746875 0.0171875 0.046875
11 0.44375 0.709375 0.015625 0.046875
11 0.4140625 0.73125 0.015625 0.0515625
11 0.38125 0.7296875 0.0125 0.059375
11 0.35 0.7265625 0.0125 0.0640625
11 0.0765625 0.85 0.0125 0.05625
11 0.1046875 0.81875 0.0171875 0.0640625
11 0.1375 0.809375 0.015625 0.078125
11 0.1671875 0.83125 0.0140625 0.06875
11 0.26875 0.825 0.0140625 0.071875
11 0.6328125 0.8109375 0.015625 0.059375
11 0.665625 0.809375 0.01875 0.071875
11 0.8015625 0.821875 0.015625 0.0578125
11 0.834375 0.8046875 0.0140625 0.0515625
11 0.909375 0.809375 0.015625 0.0421875
11 0.94375 0.796875 0.01875 0.0625
11 0.915625 0.928125 0.015625 0.065625
11 0.8328125 0.9203125 0.0125 0.059375
11 0.80625 0.915625 0.015625 0.071875
11 0.665625 0.9359375 0.0140625 0.04375
11 0.634375 0.934375 0.0140625 0.0578125
11 0.54375 0.934375 0.0125 0.0625
11 0.51875 0.925 0.0140625 0.0640625
11 0.384375 0.95 0.0140625 0.046875
11 0.3546875 0.9515625 0.015625 0.0578125
11 0.1109375 0.940625 0.0140625 0.05625
8 0.078125 0.93125 0.0140625 0.06875
8 0.21875 0.8 0.03125 0.0734375
8 0.359375 0.8375 0.0265625 0.0796875
8 0.4265625 0.83125 0.034375 0.05625
8 0.565625 0.803125 0.028125 0.078125
8 0.5625 0.709375 0.0265625 0.0703125
8 0.2875 0.721875 0.021875 0.0765625
8 0.221875 0.7296875 0.028125 0.0515625
8 0.146875 0.7265625 0.01875 0.05
8 0.0875 0.703125 0.0265625 0.078125
8 0.403125 0.378125 0.021875 0.0734375
8 0.3390625 0.3875 0.021875 0.0703125
8 0.26875 0.384375 0.0265625 0.08125
8 0.18125 0.38125 0.0234375 0.078125
8 0.1609375 0.28125 0.025 0.078125
8 0.265625 0.284375 0.0265625 0.075
8 0.3265625 0.290625 0.021875 0.0671875
8 0.484375 0.2640625 0.025 0.078125
8 0.575 0.26875 0.028125 0.0875
8 0.6375 0.265625 0.028125 0.075
8 0.903125 0.1359375 0.025 0.071875
8 0.846875 0.13125 0.0265625 0.071875
8 0.775 0.13125 0.025 0.078125
8 0.6328125 0.165625 0.021875 0.0546875
8 0.56875 0.159375 0.028125 0.046875
9 0.465625 0.1625 0.0234375 0.0546875
9 0.165625 0.053125 0.021875 0.028125
9 0.40625 0.0484375 0.0234375 0.0296875
9 0.76875 0.0375 0.0234375 0.03125
9 0.7 0.375 0.015625 0.021875
9 0.553125 0.6 0.0203125 0.025
9 0.278125 0.60625 0.0203125 0.0234375
9 0.503125 0.715625 0.0203125 0.0265625
9 0.7125 0.703125 0.0203125 0.028125
9 0.721875 0.81875 0.0265625 0.0234375
9 0.503125 0.821875 0.0171875 0.021875
9 0.15625 0.9453125 0.025 0.0234375
9 0.4296875 0.9390625 0.015625 0.021875
9 0.7125 0.93125 0.0203125 0.0234375
6 0.290625 0.04375 0.0234375 0.028125
6 0.8734375 0.021875 0.0234375 0.0265625
6 0.603125 0.371875 0.0234375 0.0296875
9 0.4875 0.384375 0.028125 0.0296875
2 0.046875 0.0296875 0.0171875 0.0390625
2 0.05 0.15 0.021875 0.05
2 0.046875 0.2625 0.021875 0.0484375
2 0.3 0.2734375 0.015625 0.0390625
2 0.309375 0.3734375 0.021875 0.053125
2 0.053125 0.384375 0.0203125 0.0578125
2 0.053125 0.5890625 0.0203125 0.04375
2 0.696875 0.596875 0.0125 0.040625
2 0.765625 0.596875 0.015625 0.040625
2 0.8484375 0.58125 0.0140625 0.0453125
2 0.8625 0.8328125 0.0109375 0.0453125
2 0.81875 0.821875 0.0140625 0.0390625
2 0.6125 0.759375 0.0140625 0.0390625
2 0.6125 0.7984375 0.01875 0.028125
2 0.05 0.6984375 0.015625 0.046875
2 0.04375 0.81875 0.0171875 0.04375
2 0.046875 0.9390625 0.015625 0.053125
14 0.0265625 0.075 0.0203125 0.0890625
14 0.028125 0.1875 0.0203125 0.084375
14 0.034375 0.6375 0.015625 0.0859375
14 0.028125 0.74375 0.0203125 0.0890625
0 0.0140625 0.95 0.028125 0.084375
0 0.015625 0.375 0.03125 0.0546875
4 0.453125 0.071875 0.0140625 0.0671875
4 0.75 0.39375 0.015625 0.0703125
4 0.028125 0.3109375 0.021875 0.0640625
4 0.146875 0.4125 0.021875 0.065625