3 0.7625 0.059375 0.0125 0.0671875
3 0.7484375 0.0671875 0.0125 0.059375
3 0.4640625 0.0546875 0.0140625 0.0640625
3 0.45 0.05 0.0140625 0.078125
3 0.4375 0.0625 0.009375 0.06875
3 0.4234375 0.05 0.0125 0.0765625
3 0.40625 0.0640625 0.009375 0.0515625
3 0.39375 0.05 0.0125 0.08125
3 0.38125 0.053125 0.0078125 0.0640625
3 0.36875 0.04375 0.0109375 0.06875
3 0.15625 0.053125 0.0140625 0.059375
3 0.140625 0.065625 0.0140625 0.0640625
3 0.096875 0.0640625 0.009375 0.0609375
3 0.08125 0.071875 0.0109375 0.0640625
3 0.2375 0.19375 0.0125 0.0546875
3 0.221875 0.2015625 0.015625 0.0515625
3 0.896875 0.5875 0.0125 0.065625
3 0.8828125 0.59375 0.0109375 0.0578125
3 0.871875 0.5875 0.0109375 0.078125
3 0.859375 0.596875 0.0140625 0.0546875
3 0.6375 0.590625 0.015625 0.0859375
3 0.621875 0.6234375 0.0109375 0.046875
3 0.60625 0.6234375 0.009375 0.05625
3 0.5875 0.615625 0.009375 0.053125
3 0.55625 0.6265625 0.0265625 0.0421875
3 0.446875 0.61875 0.0109375 0.05625
3 0.434375 0.625 0.009375 0.0546875
3 0.3859375 0.625 0.0109375 0.0546875
3 0.371875 0.634375 0.009375 0.0546875
3 0.2859375 0.603125 0.0234375 0.05
3 0.2625 0.6125 0.0125 0.040625
3 0.25 0.615625 0.009375 0.0484375
3 0.2375 0.621875 0.009375 0.0515625
3 0.2234375 0.63125 0.0109375 0.0609375
3 0.25 0.7125 0.015625 0.04375
3 0.265625 0.7140625 0.0140625 0.05
3 0.51875 0.7171875 0.0109375 0.05625
3 0.534375 0.7125 0.0125 0.05
3 0.68125 0.7046875 0.0109375 0.0546875
3 0.696875 0.709375 0.0125 0.0546875
3 0.709375 0.709375 0.009375 0.0703125
3 0.725 0.728125 0.0125 0.059375
3 0.76875 0.7140625 0.0109375 0.059375
3 0.7828125 0.715625 0.0109375 0.0515625
3 0.796875 0.709375 0.0109375 0.0625
3 0.809375 0.7125 0.0125 0.0578125
3 0.63125 0.8171875 0.021875 0.0359375
3 0.2609375 0.81875 0.0109375 0.04375
3 0.24375 0.825 0.0109375 0.05
3 0.059375 0.8234375 0.0234375 0.05625
3 0.05625 0.921875 0.0109375 0.05625
3 0.06875 0.93125 0.009375 0.053125
3 0.0828125 0.928125 0.009375 0.0734375
3 0.096875 0.946875 0.0140625 0.05625
3 0.1296875 0.934375 0.0109375 0.0625
3 0.14375 0.9375 0.009375 0.05
3 0.15625 0.9296875 0.009375 0.0671875
3 0.171875 0.934375 0.0125 0.0640625
3 0.5203125 0.946875 0.0125 0.0546875
3 0.5375 0.940625 0.0125 0.059375
3 0.6328125 0.934375 0.0265625 0.0328125
11 0.284375 0.95 0.0125 0.05
11 0.3203125 0.934375 0.0125 0.059375
11 0.36875 0.940625 0.0125 0.0609375
11 0.4078125 0.94375 0.0125 0.0578125
11 0.440625 0.9390625 0.0109375 0.0421875
11 0.475 0.94375 0.0140625 0.059375
11 0.56875 0.9359375 0.0125 0.05625
11 0.6 0.921875 0.0140625 0.0671875
11 0.596875 0.80625 0.015625 0.059375
11 0.56875 0.81875 0.0109375 0.046875
11 0.5359375 0.8109375 0.0140625 0.071875
11 0.475 0.8140625 0.0125 0.05625
11 0.44375 0.8125 0.01875 0.065625
11 0.409375 0.81875 0.015625 0.05625
11 0.371875 0.8390625 0.0140625 0.053125
11 0.3265625 0.840625 0.0109375 0.053125
11 0.2203125 0.8328125 0.015625 0.046875
11 0.1734375 0.8375 0.0125 0.05625
11 0.1359375 0.840625 0.0140625 0.05
11 0.103125 0.834375 0.015625 0.0578125
11 0.06875 0.7296875 0.015625 0.04375
11 0.1 0.71875 0.0125 0.0421875
11 0.1296875 0.734375 0.025 0.05
11 0.175 0.740625 0.015625 0.05625
11 0.228125 0.7359375 0.0140625 0.059375
11 0.2953125 0.71875 0.0078125 0.05
11 0.3296875 0.7359375 0.015625 0.0546875
11 0.375 0.734375 0.015625 0.053125
11 0.409375 0.728125 0.0140625 0.04375
11 0.446875 0.725 0.015625 0.0484375
11 0.4765625 0.71875 0.0140625 0.0484375
11 0.565625 0.7078125 0.015625 0.04375
11 0.5984375 0.721875 0.0171875 0.0484375
11 0.63125 0.721875 0.015625 0.0546875
11 0.803125 0.590625 0.0171875 0.0546875
11 0.76875 0.571875 0.0171875 0.059375
11 0.725 0.571875 0.0171875 0.06875
11 0.68125 0.584375 0.015625 0.071875
11 0.5625 0.59375 0.0125 0.0296875
11 0.528125 0.609375 0.0125 0.0546875
11 0.478125 0.6140625 0.0140625 0.0578125
11 0.409375 0.621875 0.0109375 0.0625
11 0.325 0.628125 0.015625 0.0546875
11 0.1578125 0.628125 0.0140625 0.05
11 0.06875 0.63125 0.01875 0.0515625
11 0.0296875 0.20625 0.0125 0.0515625
11 0.05 0.1875 0.0140625 0.0578125
11 0.084375 0.196875 0.0140625 0.059375
11 0.121875 0.1984375 0.0140625 0.0515625
11 0.1515625 0.19375 0.0140625 0.0453125
11 0.178125 0.196875 0.0140625 0.0546875
11 0.265625 0.190625 0.0125 0.05625
11 0.2953125 0.1875 0.0140625 0.059375
11 0.80625 0.0359375 0.015625 0.06875
11 0.7859375 0.05 0.0125 0.0625
11 0.703125 0.059375 0.0140625 0.0640625
11 0.6765625 0.05625 0.0125 0.04375
11 0.65625 0.0625 0.0109375 0.0578125
11 0.625 0.05 0.0140625 0.053125
11 0.578125 0.0515625 0.0203125 0.0625
11 0.55 0.0703125 0.0125 0.05625
11 0.321875 0.0609375 0.0140625 0.0671875
11 0.290625 0.075 0.0125 0.0578125
11 0.18125 0.046875 0.015625 0.06875
11 0.115625 0.0546875 0.015625 0.0625
8 0.040625 0.059375 0.025 0.0765625
8 0.25625 0.040625 0.0359375 0.071875
8 0.5234375 0.05 0.0265625 0.0703125
3 0.8390625 0.053125 0.0265625 0.0296875
8 0.1203125 0.621875 0.028125 0.075
8 0.884375 0.7125 0.0234375 0.0765625
11 0.284375 0.8421875 0.0234375 0.053125
8 0.240625 0.93125 0.025 0.075
3 0.3265625 0.184375 0.0296875 0.0375
6 0.803125 0.159375 0.0203125 0.028125
6 0.6640625 0.1671875 0.0234375 0.021875
6 0.54375 0.171875 0.028125 0.0234375
6 0.41875 0.171875 0.021875 0.021875
6 0.26875 0.28125 0.021875 0.021875
6 0.128125 0.284375 0.0265625 0.025
6 0.41875 0.2765625 0.021875 0.03125
6 0.54375 0.275 0.028125 0.0296875
6 0.6578125 0.265625 0.0171875 0.0296875
6 0.7984375 0.26875 0.0234375 0.0234375
6 0.803125 0.3734375 0.0203125 0.0203125
6 0.6609375 0.378125 0.01875 0.0234375
6 0.534375 0.384375 0.0203125 0.0234375
6 0.415625 0.3859375 0.0296875 0.025
6 0.2734375 0.3875 0.021875 0.025
6 0.1375 0.39375 0.025 0.025
6 0.740625 0.91875 0.0203125 0.021875
6 0.740625 0.815625 0.0203125 0.0203125
9 0.8875 0.925 0.0234375 0.028125
9 0.88125 0.821875 0.0265625 0.0359375
9 0.0375 0.4 0.0234375 0.028125
2 0.703125 0.56875 0.0140625 0.04375
2 0.5953125 0.596875 0.00625 0.0390625
2 0.6140625 0.6 0.0078125 0.0359375
2 0.6484375 0.709375 0.0140625 0.0421875
2 0.74375 0.7125 0.01875 0.0484375
2 0.9296875 0.915625 0.0203125 0.04375
2 0.9296875 0.8 0.015625 0.05
2 0.925 0.684375 0.015625 0.05625
2 0.928125 0.571875 0.0171875 0.0546875
2 0.3890625 0.921875 0.0171875 0.0484375
2 0.9 0.3765625 0.0125 0.0453125
2 0.903125 0.259375 0.0171875 0.0375
2 0.9 0.146875 0.0140625 0.04375
2 0.9 0.0375 0.0171875 0.0328125
2 0.640625 0.03125 0.0125 0.0375
2 0.253125 0.184375 0.0109375 0.046875
2 0.19375 0.1875 0.0140625 0.05
2 0.1015625 0.178125 0.0140625 0.04375
2 0.1796875 0.6125 0.01875 0.046875
2 0.0875 0.6171875 0.0140625 0.053125
2 0.3125 0.74375 0.015625 0.04375
14 0.921875 0.071875 0.0203125 0.0796875
14 0.9203125 0.1859375 0.0171875 0.0828125
14 0.9484375 0.6125 0.01875 0.090625
14 0.946875 0.7265625 0.021875 0.084375
0 0.9671875 0.9265625 0.0328125 0.0765625
0 0.9390625 0.3828125 0.0375 0.0921875
4 0.915625 0.303125 0.0203125 0.0640625
4 0.946875 0.846875 0.01875 0.0609375