13 0.378125 0.0203125 0.0265625 0.040625
3 0.4125 0.0375 0.0296875 0.053125
3 0.4375 0.8859375 0.0296875 0.05
3 0.6671875 0.45625 0.028125 0.05
3 0.46875 0.0484375 0.034375 0.05
0 0.0328125 0.53125 0.0375 0.046875
8 0.840625 0.8625 0.0265625 0.0453125
3 0.08125 0.234375 0.0296875 0.0546875
3 0.5640625 0.871875 0.03125 0.0515625
13 0.85 0.45625 0.0265625 0.05
13 0.3703125 0.4484375 0.028125 0.05
3 0.759375 0.04375 0.0359375 0.0515625
13 0.234375 0.85625 0.025 0.046875
0 0.0328125 0.103125 0.0375 0.0453125
11 0.890625 0.465625 0.03125 0.05
13 0.1109375 0.859375 0.025 0.0484375
8 0.8375 0.978125 0.028125 0.04375
3 0.13125 0.028125 0.0359375 0.0546875
14 0.034375 0.034375 0.0359375 0.06875
13 0.628125 0.45625 0.0265625 0.0546875
13 0.165625 0.221875 0.0265625 0.0515625
8 0.075 0.0984375 0.028125 0.0453125
8 0.078125 0.528125 0.0265625 0.0453125
13 0.65625 0.653125 0.0265625 0.053125
13 0.5328125 0.653125 0.025 0.053125
13 0.6265625 0.228125 0.0265625 0.053125
3 0.553125 0.03125 0.0328125 0.05
13 0.165625 0.45 0.0265625 0.053125
3 0.8375 0.64375 0.028125 0.046875
3 0.6671875 0.228125 0.028125 0.05
3 0.4875 0.875 0.0375 0.0703125
13 0.40625 0.45 0.025 0.0515625
3 0.20625 0.446875 0.0296875 0.053125
3 0.721875 0.4625 0.0296875 0.053125
8 0.8375 0.0359375 0.028125 0.04375
3 0.3203125 0.44375 0.0328125 0.0515625
8 0.071875 0.978125 0.0296875 0.04375
3 0.3828125 0.6484375 0.028125 0.046875
0 0.03125 0.33125 0.0359375 0.0453125
13 0.371875 0.2203125 0.028125 0.05
3 0.271875 0.859375 0.0265625 0.0515625
13 0.1328125 0.45625 0.0296875 0.053125
3 0.25625 0.4375 0.028125 0.0484375
3 0.784375 0.65625 0.03125 0.053125
14 0.03125 0.453125 0.0390625 0.078125
3 0.38125 0.8828125 0.03125 0.06875
13 0.5890625 0.45625 0.0265625 0.05
11 0.665625 0.525 0.028125 0.04375
3 0.20625 0.21875 0.028125 0.0515625
8 0.328125 0.971875 0.0296875 0.04375
3 0.328125 0.659375 0.0296875 0.053125
3 0.271875 0.659375 0.028125 0.053125
3 0.85 0.228125 0.0265625 0.046875
13 0.634375 0.0296875 0.0375 0.0515625
3 0.63125 0.8828125 0.0359375 0.05
14 0.03125 0.653125 0.0390625 0.078125
3 0.784375 0.2328125 0.0328125 0.0515625
11 0.19375 0.0359375 0.0296875 0.046875
13 0.075 0.859375 0.028125 0.0515625
8 0.8390625 0.0984375 0.0265625 0.04375
3 0.146875 0.659375 0.028125 0.0546875
13 0.2 0.859375 0.028125 0.053125
3 0.6015625 0.65 0.0265625 0.0515625
3 0.071875 0.03125 0.028125 0.0515625
3 0.078125 0.4625 0.034375 0.0578125
3 0.146875 0.859375 0.028125 0.053125
11 0.78125 0.5328125 0.0265625 0.046875
3 0.784375 0.459375 0.034375 0.053125
8 0.778125 0.746875 0.0265625 0.046875
13 0.690625 0.653125 0.0234375 0.0484375
13 0.590625 0.2296875 0.0265625 0.046875
14 0.03125 0.8671875 0.0375 0.078125
13 0.1359375 0.228125 0.0296875 0.0515625
13 0.565625 0.6515625 0.025 0.046875
11 0.8953125 0.65625 0.028125 0.05
11 0.7796875 0.3453125 0.025 0.0453125
8 0.0734375 0.759375 0.028125 0.0453125
13 0.2 0.659375 0.028125 0.0546875
8 0.2765625 0.109375 0.028125 0.046875
14 0.03125 0.225 0.0375 0.075
13 0.340625 0.021875 0.028125 0.04375
11 0.44375 0.2203125 0.0265625 0.046875
8 0.328125 0.75 0.028125 0.0484375
3 0.721875 0.2359375 0.0296875 0.05
11 0.6859375 0.1046875 0.028125 0.046875
8 0.078125 0.328125 0.025 0.0453125
3 0.25625 0.2078125 0.028125 0.0453125
3 0.5375 0.45 0.028125 0.05
0 0.034375 0.978125 0.0390625 0.04375
3 0.690625 0.03125 0.028125 0.0484375
11 0.890625 0.23125 0.025 0.0484375
13 0.109375 0.65625 0.0265625 0.0484375
3 0.7265625 0.653125 0.0265625 0.0546875
11 0.3125 0.3375 0.028125 0.046875
0 0.03125 0.74375 0.0359375 0.046875
13 0.2359375 0.65625 0.025 0.0484375
13 0.79375 0.85625 0.0296875 0.0484375
13 0.40625 0.221875 0.025 0.05
11 0.665625 0.325 0.028125 0.0453125
11 0.440625 0.659375 0.028125 0.0484375
11 0.44375 0.446875 0.0265625 0.0453125
8 0.5296875 0.7546875 0.025 0.046875
11 0.4421875 0.528125 0.028125 0.0453125
11 0.890625 0.528125 0.0265625 0.04375
3 0.328125 0.890625 0.0296875 0.0578125
13 0.075 0.659375 0.028125 0.05
3 0.28125 0.021875 0.03125 0.04375
8 0.53125 0.3375 0.0265625 0.046875
3 0.31875 0.215625 0.0296875 0.046875
11 0.55 0.11875 0.0265625 0.0453125
11 0.3125 0.534375 0.028125 0.0453125
3 0.5375 0.225 0.028125 0.05
3 0.7125 0.853125 0.0359375 0.046875
11 0.44375 0.3265625 0.028125 0.04375
11 0.8875 0.334375 0.0265625 0.046875
8 0.53125 0.5375 0.0265625 0.0453125