0 0.0953125 0.31875 0.034375 0.0453125
0 0.046875 0.515625 0.0375 0.046875
14 0.046875 0.44375 0.0359375 0.0765625
3 0.459375 0.234375 0.028125 0.053125
3 0.68125 0.640625 0.028125 0.0515625
3 0.275 0.84375 0.028125 0.046875
13 0.428125 0.2125 0.025 0.04375
3 0.68125 0.865625 0.0296875 0.0515625
13 0.390625 0.43125 0.025 0.046875
14 0.096875 0.225 0.034375 0.078125
8 0.096875 0.93125 0.028125 0.04375
3 0.43125 0.45 0.0296875 0.053125
3 0.775 0.453125 0.0359375 0.0515625
3 0.5125 0.240625 0.03125 0.0484375
3 0.209375 0.2234375 0.03125 0.0515625
13 0.6453125 0.6421875 0.025 0.0515625
14 0.046875 0.865625 0.0375 0.075
3 0.684375 0.228125 0.0296875 0.05
13 0.6515625 0.440625 0.034375 0.0515625
13 0.60625 0.6375 0.028125 0.05
13 0.390625 0.2171875 0.028125 0.0484375
13 0.6484375 0.2265625 0.03125 0.0515625
8 0.096875 0.740625 0.0265625 0.04375
0 0.046875 0.9359375 0.0375 0.046875
13 0.64375 0.865625 0.0265625 0.0546875
3 0.853125 0.21875 0.028125 0.05
3 0.1484375 0.440625 0.0359375 0.053125
0 0.046875 0.74375 0.0359375 0.046875
3 0.3328125 0.8546875 0.0296875 0.0484375
3 0.221875 0.8578125 0.0296875 0.053125
13 0.425 0.8609375 0.0265625 0.0515625
8 0.090625 0.50625 0.0265625 0.04375
8 0.159375 0.315625 0.025 0.0453125
13 0.603125 0.86875 0.028125 0.0515625
3 0.7046875 0.4453125 0.0296875 0.0484375
3 0.4875 0.45625 0.034375 0.0484375
3 0.275 0.615625 0.028125 0.046875
3 0.8 0.2125 0.03125 0.0484375
13 0.184375 0.8625 0.0265625 0.053125
13 0.3875 0.85625 0.028125 0.05
3 0.7359375 0.23125 0.0328125 0.046875
8 0.3375 0.3265625 0.028125 0.046875
13 0.3875 0.628125 0.0265625 0.046875
11 0.4578125 0.8546875 0.028125 0.046875
3 0.2234375 0.621875 0.0296875 0.05
14 0.046875 0.6375 0.0359375 0.0765625
13 0.353125 0.43125 0.028125 0.05
13 0.1515625 0.8671875 0.028125 0.053125
13 0.1515625 0.6390625 0.028125 0.053125
11 0.9125 0.2203125 0.0265625 0.046875
13 0.1875 0.634375 0.0265625 0.0515625
3 0.58125 0.228125 0.028125 0.0484375
3 0.7375 0.875 0.03125 0.053125
11 0.2125 0.446875 0.0296875 0.046875
11 0.9046875 0.64375 0.0265625 0.0484375
3 0.425 0.6328125 0.0265625 0.05
11 0.9046875 0.875 0.0296875 0.046875
11 0.79375 0.940625 0.0265625 0.046875
8 0.79375 0.321875 0.028125 0.046875
11 0.79375 0.753125 0.0265625 0.0453125
3 0.553125 0.859375 0.03125 0.05
3 0.740625 0.6484375 0.0296875 0.05
3 0.803125 0.8703125 0.034375 0.0515625
8 0.578125 0.334375 0.0265625 0.04375
11 0.4578125 0.628125 0.028125 0.0484375
8 0.853125 0.50625 0.0265625 0.04375
13 0.86875 0.6359375 0.0265625 0.0484375
11 0.45625 0.7359375 0.028125 0.04375
3 0.86875 0.86875 0.0265625 0.05
11 0.6796875 0.7359375 0.0296875 0.04375
11 0.2625 0.23125 0.0265625 0.0453125
11 0.903125 0.740625 0.025 0.0453125
3 0.5671875 0.44375 0.0328125 0.046875
3 0.090625 0.440625 0.028125 0.05
11 0.45625 0.934375 0.0296875 0.0453125
11 0.9046875 0.934375 0.0296875 0.04375
3 0.803125 0.6390625 0.034375 0.0515625
3 0.55 0.63125 0.0296875 0.05
11 0.6796875 0.93125 0.0296875 0.04375
3 0.2953125 0.4328125 0.0328125 0.05
8 0.290625 0.5171875 0.0296875 0.046875
11 0.33125 0.94375 0.0265625 0.0453125
11 0.546875 0.9453125 0.025 0.0453125
11 0.546875 0.7453125 0.0265625 0.0453125
3 0.159375 0.2234375 0.0265625 0.0484375
3 0.3328125 0.61875 0.0296875 0.0484375
8 0.8546875 0.45 0.028125 0.0453125
3 0.096875 0.86875 0.0328125 0.0578125
11 0.3296875 0.7453125 0.025 0.04375
11 0.5625 0.528125 0.0265625 0.04375
11 0.703125 0.5125 0.028125 0.046875
3 0.34375 0.2171875 0.0328125 0.0484375
3 0.096875 0.640625 0.0328125 0.05625