0 0.0296875 0.7296875 0.0390625 0.046875
0 0.075 0.109375 0.034375 0.04375
14 0.075 0.028125 0.0359375 0.0546875
3 0.4421875 0.025 0.03125 0.0484375
0 0.028125 0.3015625 0.0359375 0.0453125
13 0.375 0.21875 0.0265625 0.0453125
3 0.4140625 0.240625 0.0328125 0.0546875
0 0.028125 0.94375 0.034375 0.0453125
3 0.2015625 0.646875 0.0296875 0.0515625
0 0.028125 0.5328125 0.0375 0.046875
3 0.128125 0.23125 0.034375 0.053125
3 0.6640625 0.6578125 0.028125 0.05
14 0.028125 0.23125 0.0375 0.078125
13 0.3703125 0.65 0.0328125 0.0484375
3 0.2015625 0.4203125 0.0296875 0.05
13 0.36875 0.421875 0.03125 0.046875
13 0.625 0.659375 0.0265625 0.0546875
13 0.403125 0.421875 0.0265625 0.0515625
3 0.665625 0.4296875 0.0296875 0.05
3 0.465625 0.25 0.034375 0.05
8 0.14375 0.10625 0.025 0.04375
3 0.49375 0.03125 0.034375 0.05
11 0.24375 0.021875 0.0296875 0.0421875
3 0.3125 0.640625 0.03125 0.05
13 0.23125 0.8578125 0.0265625 0.0484375
3 0.328125 0.85625 0.03125 0.05625
14 0.0296875 0.6546875 0.0390625 0.078125
13 0.196875 0.85625 0.028125 0.0546875
3 0.3796875 0.8453125 0.028125 0.046875
3 0.2515625 0.6375 0.028125 0.0484375
13 0.403125 0.6515625 0.0265625 0.053125
13 0.10625 0.8578125 0.025 0.0484375
3 0.8375 0.8484375 0.028125 0.0453125
13 0.846875 0.65625 0.0265625 0.05
3 0.26875 0.85625 0.028125 0.0546875
14 0.0296875 0.85 0.0390625 0.0796875
8 0.834375 0.2375 0.028125 0.0453125
13 0.165625 0.4234375 0.025 0.05
8 0.075 0.725 0.028125 0.046875
11 0.684375 0.30625 0.03125 0.046875
3 0.075 0.434375 0.0328125 0.0546875
3 0.715625 0.665625 0.03125 0.0515625
3 0.14375 0.85625 0.028125 0.0546875
3 0.7578125 0.24375 0.034375 0.053125
11 0.890625 0.85625 0.028125 0.05
13 0.3375 0.221875 0.0296875 0.0484375
11 0.4375 0.8609375 0.028125 0.0484375
13 0.63125 0.23125 0.0359375 0.0515625
8 0.275 0.309375 0.0296875 0.046875
11 0.6625 0.725 0.028125 0.04375
3 0.6828125 0.234375 0.028125 0.0484375
3 0.55 0.23125 0.03125 0.0484375
3 0.78125 0.85625 0.03125 0.053125
13 0.8484375 0.4296875 0.0265625 0.0484375
3 0.075 0.6625 0.034375 0.0578125
13 0.625 0.43125 0.028125 0.0546875
13 0.6546875 0.85625 0.0265625 0.0515625
3 0.71875 0.021875 0.0328125 0.04375
13 0.128125 0.65625 0.028125 0.0515625
8 0.075 0.528125 0.0265625 0.04375
13 0.1296875 0.428125 0.0296875 0.0515625
8 0.321875 0.1171875 0.0296875 0.046875
11 0.8859375 0.53125 0.0265625 0.0484375
8 0.071875 0.2953125 0.028125 0.046875
11 0.8875 0.6625 0.0296875 0.046875
14 0.028125 0.428125 0.0359375 0.078125
3 0.315625 0.4171875 0.03125 0.0484375
13 0.5296875 0.85625 0.0265625 0.0546875
3 0.25625 0.40625 0.0296875 0.0453125
3 0.5984375 0.8515625 0.025 0.053125
3 0.7234375 0.8515625 0.0265625 0.053125
13 0.1625 0.653125 0.0265625 0.0515625
11 0.8875 0.4328125 0.028125 0.0484375
8 0.3234375 0.946875 0.0296875 0.046875
11 0.440625 0.7234375 0.028125 0.0453125
8 0.528125 0.95625 0.0265625 0.046875
3 0.534375 0.653125 0.028125 0.05
8 0.840625 0.3 0.028125 0.0453125
3 0.78125 0.434375 0.03125 0.05
13 0.5890625 0.6578125 0.028125 0.05
3 0.78125 0.659375 0.03125 0.0546875
13 0.6875 0.8546875 0.021875 0.0453125
8 0.7765625 0.94375 0.028125 0.0484375
11 0.8875 0.7234375 0.028125 0.04375
3 0.7171875 0.4375 0.0296875 0.0515625
11 0.4390625 0.646875 0.0265625 0.046875
13 0.071875 0.85625 0.028125 0.05
11 0.7765625 0.73125 0.0265625 0.046875
13 0.5859375 0.43125 0.0265625 0.046875
11 0.7765625 0.546875 0.025 0.0453125
13 0.5609375 0.85 0.025 0.0484375
8 0.06875 0.959375 0.0265625 0.0453125
11 0.190625 0.240625 0.0296875 0.046875
11 0.440625 0.421875 0.0265625 0.046875
11 0.546875 0.31875 0.0265625 0.04375
11 0.6625 0.528125 0.028125 0.0453125
8 0.778125 0.1125 0.028125 0.0484375
3 0.0703125 0.2296875 0.0265625 0.05
8 0.5625 0.125 0.0265625 0.046875
11 0.440625 0.528125 0.028125 0.0453125
11 0.309375 0.7375 0.0296875 0.046875
11 0.309375 0.5359375 0.028125 0.046875
3 0.534375 0.425 0.028125 0.05
3 0.28125 0.2234375 0.0328125 0.0484375
8 0.528125 0.7390625 0.0265625 0.0453125
8 0.528125 0.5375 0.0265625 0.0453125