14 0.10625 0.534375 0.0390625 0.078125
0 0.103125 0.4125 0.0359375 0.046875
0 0.1046875 0.609375 0.0375 0.046875
0 0.103125 0.825 0.0359375 0.04375
14 0.10625 0.303125 0.0390625 0.078125
3 0.50625 0.9671875 0.028125 0.0453125
14 0.10625 0.73125 0.0390625 0.078125
0 0.1046875 0.18125 0.0375 0.0453125
14 0.10625 0.1125 0.0390625 0.0765625
3 0.2 0.1125 0.0328125 0.053125
3 0.48125 0.121875 0.03125 0.0546875
3 0.759375 0.1125 0.03125 0.0484375
3 0.2765625 0.525 0.028125 0.053125
3 0.278125 0.296875 0.028125 0.05
3 0.328125 0.51875 0.028125 0.046875
3 0.2703125 0.9375 0.0296875 0.0546875
13 0.446875 0.1 0.0265625 0.0453125
3 0.7375 0.5375 0.028125 0.05
3 0.328125 0.2875 0.0265625 0.0453125
14 0.1046875 0.946875 0.0359375 0.078125
3 0.39375 0.9734375 0.0296875 0.053125
3 0.54375 0.128125 0.03125 0.0484375
13 0.1796875 0.734375 0.025 0.046875
3 0.740625 0.309375 0.0296875 0.0484375
3 0.453125 0.7265625 0.0265625 0.0484375
13 0.44375 0.303125 0.025 0.0453125
13 0.475 0.3 0.025 0.0484375
8 0.909375 0.940625 0.0265625 0.0453125
13 0.2375 0.5328125 0.0265625 0.0515625
8 0.909375 0.175 0.0265625 0.04375
8 0.1484375 0.175 0.028125 0.0453125
11 0.85 0.6125 0.028125 0.046875
13 0.3078125 0.7375 0.025 0.05
3 0.2171875 0.940625 0.0265625 0.0546875
3 0.90625 0.7234375 0.0265625 0.04375
3 0.603125 0.5328125 0.028125 0.05
13 0.30625 0.9359375 0.025 0.0484375
13 0.4125 0.103125 0.0296875 0.05
3 0.79375 0.31875 0.0296875 0.0484375
11 0.509375 0.740625 0.028125 0.0484375
13 0.6625 0.5375 0.0265625 0.05
3 0.8296875 0.1234375 0.034375 0.0515625
3 0.703125 0.9640625 0.0328125 0.046875
3 0.63125 0.95 0.0265625 0.0515625
13 0.44375 0.53125 0.025 0.046875
13 0.6015625 0.7328125 0.028125 0.0515625
3 0.79375 0.546875 0.03125 0.05
13 0.475 0.5328125 0.025 0.05
11 0.9625 0.54375 0.0296875 0.046875
13 0.1828125 0.934375 0.025 0.05
13 0.7 0.3125 0.0265625 0.0546875
13 0.2703125 0.740625 0.0296875 0.0546875
13 0.20625 0.30625 0.028125 0.0515625
8 0.146875 0.409375 0.028125 0.0453125
13 0.2046875 0.534375 0.028125 0.0515625
3 0.384375 0.296875 0.03125 0.0484375
8 0.3953125 0.828125 0.028125 0.0484375
8 0.15 0.6046875 0.028125 0.0453125
11 0.759375 0.1828125 0.028125 0.046875
11 0.265625 0.1171875 0.028125 0.0453125
13 0.925 0.30625 0.0265625 0.046875
3 0.85625 0.7375 0.0296875 0.053125
3 0.4 0.7375 0.03125 0.05625
11 0.9578125 0.4125 0.0265625 0.046875
3 0.671875 0.728125 0.028125 0.053125
3 0.559375 0.95625 0.0359375 0.0671875
8 0.8484375 0.8234375 0.028125 0.046875
8 0.90625 0.115625 0.028125 0.0453125
3 0.2171875 0.7359375 0.0265625 0.053125
13 0.9234375 0.534375 0.0265625 0.0484375
3 0.3421875 0.9375 0.025 0.0515625
3 0.15 0.540625 0.0359375 0.059375
13 0.6375 0.734375 0.025 0.046875
13 0.6625 0.309375 0.0265625 0.05
13 0.7 0.5359375 0.0265625 0.0515625
8 0.6 0.8375 0.028125 0.046875
13 0.70625 0.1125 0.0359375 0.0515625
11 0.5125 0.296875 0.0265625 0.0453125
3 0.35 0.103125 0.0328125 0.0515625
13 0.7265625 0.73125 0.0265625 0.0515625
3 0.45 0.9625 0.0296875 0.0640625
13 0.8625 0.9375 0.0265625 0.0484375
8 0.346875 0.1875 0.0296875 0.0484375
11 0.9625 0.734375 0.0265625 0.05
11 0.85 0.4234375 0.0265625 0.0453125
11 0.734375 0.603125 0.0296875 0.04375
11 0.61875 0.196875 0.0265625 0.04375
13 0.7625 0.734375 0.0234375 0.04375
11 0.959375 0.603125 0.028125 0.04375
11 0.734375 0.40625 0.0296875 0.04375
11 0.384375 0.615625 0.028125 0.046875
11 0.5125 0.5296875 0.0265625 0.046875
13 0.240625 0.30625 0.025 0.046875
3 0.384375 0.525 0.0296875 0.0484375
11 0.5125 0.4078125 0.0296875 0.04375
8 0.146875 0.8390625 0.0265625 0.0453125
11 0.5125 0.603125 0.0296875 0.04375
11 0.9625 0.3125 0.028125 0.046875
3 0.15 0.3109375 0.0328125 0.0546875
3 0.3421875 0.740625 0.0265625 0.0546875
13 0.146875 0.940625 0.028125 0.0546875
3 0.7953125 0.73125 0.0265625 0.053125
3 0.621875 0.1140625 0.0296875 0.0484375
11 0.384375 0.415625 0.0265625 0.046875
13 0.146875 0.7375 0.0296875 0.046875
3 0.146875 0.109375 0.0265625 0.05
3 0.85625 0.3125 0.03125 0.053125
3 0.85625 0.540625 0.03125 0.0546875
3 0.6015625 0.30625 0.028125 0.0484375
8 0.6015625 0.6140625 0.0265625 0.04375
8 0.6015625 0.41875 0.0265625 0.04375
3 0.7828125 0.934375 0.0359375 0.046875