0 0.13125 0.09375 0.0328125 0.0453125
0 0.0875 0.93125 0.0375 0.046875
0 0.084375 0.2890625 0.0359375 0.0453125
3 0.465625 0.225 0.0296875 0.0515625
8 0.196875 0.09375 0.025 0.0453125
0 0.0875 0.7171875 0.0375 0.0453125
8 0.128125 0.2828125 0.0265625 0.04375
3 0.25625 0.634375 0.03125 0.0515625
13 0.43125 0.20625 0.0265625 0.046875
3 0.7765625 0.6515625 0.0296875 0.053125
13 0.646875 0.41875 0.0265625 0.0484375
13 0.646875 0.646875 0.028125 0.0484375
13 0.390625 0.209375 0.028125 0.0484375
3 0.71875 0.64375 0.028125 0.05
3 0.25625 0.40625 0.03125 0.0515625
3 0.13125 0.65 0.0328125 0.05625
14 0.0890625 0.640625 0.0390625 0.075
3 0.521875 0.234375 0.034375 0.05
3 0.8125 0.2296875 0.034375 0.05
3 0.3140625 0.61875 0.0296875 0.0453125
3 0.890625 0.83125 0.0265625 0.046875
14 0.0875 0.4125 0.0375 0.075
13 0.678125 0.41875 0.0265625 0.053125
13 0.425 0.4078125 0.028125 0.046875
3 0.1828125 0.2171875 0.0359375 0.053125
13 0.1859375 0.64375 0.028125 0.0515625
13 0.678125 0.646875 0.025 0.0515625
3 0.4359375 0.8328125 0.0265625 0.0484375
13 0.425 0.634375 0.0265625 0.0484375
13 0.690625 0.215625 0.0359375 0.0515625
13 0.615625 0.840625 0.025 0.0484375
13 0.5828125 0.8390625 0.0265625 0.053125
13 0.221875 0.409375 0.0265625 0.05
3 0.71875 0.415625 0.028125 0.05
13 0.1859375 0.415625 0.028125 0.0515625
8 0.890625 0.2234375 0.028125 0.0453125
11 0.94375 0.6515625 0.0296875 0.046875
8 0.8328125 0.1 0.0265625 0.046875
8 0.8375 0.928125 0.0265625 0.0453125
11 0.496875 0.63125 0.0265625 0.046875
13 0.746875 0.840625 0.025 0.046875
13 0.253125 0.846875 0.028125 0.0515625
11 0.246875 0.2234375 0.0296875 0.046875
3 0.3140625 0.390625 0.028125 0.0453125
8 0.13125 0.515625 0.0265625 0.04375
8 0.3765625 0.103125 0.028125 0.0453125
3 0.36875 0.6234375 0.03125 0.05
0 0.084375 0.51875 0.0359375 0.046875
13 0.459375 0.6375 0.025 0.0515625
11 0.8328125 0.71875 0.0265625 0.046875
11 0.496875 0.4046875 0.0265625 0.046875
3 0.7765625 0.425 0.028125 0.05
13 0.459375 0.409375 0.025 0.05
13 0.70625 0.8421875 0.028125 0.0546875
11 0.834375 0.5328125 0.0265625 0.046875
8 0.33125 0.29375 0.028125 0.046875
11 0.94375 0.4203125 0.028125 0.0484375
11 0.946875 0.8390625 0.0265625 0.05
13 0.221875 0.640625 0.028125 0.053125
3 0.60625 0.21875 0.0328125 0.05
13 0.1640625 0.8421875 0.025 0.0484375
3 0.8359375 0.840625 0.03125 0.053125
3 0.196875 0.84375 0.028125 0.0546875
8 0.61875 0.109375 0.028125 0.04375
8 0.5796875 0.9421875 0.028125 0.0453125
13 0.2890625 0.840625 0.025 0.0453125
11 0.49375 0.84375 0.028125 0.0484375
8 0.125 0.946875 0.028125 0.0453125
14 0.084375 0.2203125 0.0375 0.078125
13 0.903125 0.64375 0.0265625 0.05
3 0.778125 0.840625 0.025 0.0546875
3 0.125 0.2171875 0.028125 0.05
14 0.0890625 0.840625 0.0390625 0.075
8 0.1296875 0.7125 0.028125 0.04375
3 0.74375 0.221875 0.0296875 0.0484375
3 0.6546875 0.8375 0.0265625 0.0546875
3 0.325 0.84375 0.028125 0.053125
3 0.8375 0.415625 0.0328125 0.0515625
8 0.89375 0.2875 0.028125 0.0421875
8 0.378125 0.9359375 0.028125 0.0484375
13 0.128125 0.846875 0.028125 0.0484375
3 0.378125 0.846875 0.03125 0.0546875
11 0.496875 0.7125 0.028125 0.04375
3 0.13125 0.421875 0.0328125 0.0546875
11 0.71875 0.7125 0.028125 0.04375
3 0.8421875 0.646875 0.0328125 0.05
11 0.9390625 0.521875 0.028125 0.0453125
11 0.94375 0.7125 0.028125 0.04375
11 0.36875 0.521875 0.028125 0.04375
11 0.36875 0.721875 0.028125 0.0453125
11 0.5828125 0.721875 0.025 0.04375
11 0.7390625 0.290625 0.028125 0.046875
11 0.603125 0.303125 0.0265625 0.0453125
11 0.71875 0.5109375 0.028125 0.0421875
13 0.903125 0.415625 0.0265625 0.046875
11 0.496875 0.5125 0.0296875 0.04375
3 0.5875 0.409375 0.028125 0.0484375
3 0.590625 0.6375 0.0296875 0.05
3 0.371875 0.4 0.03125 0.0515625
3 0.334375 0.209375 0.03125 0.05
11 0.58125 0.5234375 0.0265625 0.0453125