3 0.165625 0.640625 0.028125 0.05
3 0.375 0.2375 0.03125 0.0546875
3 0.1640625 0.4125 0.028125 0.05
13 0.1265625 0.646875 0.025 0.0484375
3 0.71875 0.240625 0.034375 0.053125
3 0.625 0.653125 0.0296875 0.05
13 0.125 0.41875 0.025 0.0484375
3 0.0359375 0.43125 0.034375 0.0546875
3 0.034375 0.659375 0.034375 0.0546875
3 0.4296875 0.24375 0.034375 0.05
3 0.340625 0.840625 0.028125 0.0484375
13 0.3625 0.646875 0.025 0.05
3 0.0875 0.225 0.034375 0.053125
3 0.228125 0.85625 0.0265625 0.053125
0 0.034375 0.10625 0.0359375 0.0453125
13 0.55 0.425 0.0265625 0.0484375
3 0.68125 0.853125 0.028125 0.053125
13 0.090625 0.425 0.028125 0.0484375
8 0.796875 0.290625 0.0265625 0.0453125
3 0.0296875 0.2265625 0.0296875 0.05
3 0.625 0.425 0.0296875 0.0484375
11 0.846875 0.659375 0.0296875 0.046875
13 0.303125 0.21875 0.03125 0.0484375
3 0.746875 0.853125 0.03125 0.053125
3 0.55625 0.853125 0.028125 0.053125
3 0.275 0.6375 0.03125 0.05
3 0.646875 0.2296875 0.028125 0.0484375
3 0.678125 0.6609375 0.0296875 0.0515625
3 0.103125 0.85625 0.0265625 0.053125
3 0.79375 0.84375 0.028125 0.0453125
3 0.290625 0.85625 0.03125 0.0546875
13 0.5953125 0.2265625 0.034375 0.0515625
13 0.03125 0.85 0.0296875 0.0515625
13 0.196875 0.8546875 0.025 0.0484375
13 0.334375 0.215625 0.025 0.046875
13 0.55 0.653125 0.028125 0.0484375
3 0.2171875 0.6296875 0.0265625 0.046875
13 0.584375 0.65625 0.0265625 0.0515625
3 0.6796875 0.434375 0.028125 0.05
13 0.15625 0.85625 0.0265625 0.053125
11 0.153125 0.234375 0.028125 0.046875
13 0.615625 0.846875 0.028125 0.0546875
8 0.034375 0.5234375 0.0265625 0.04375
13 0.8125 0.6515625 0.028125 0.0484375
8 0.7375 0.940625 0.0265625 0.046875
13 0.328125 0.646875 0.025 0.046875
8 0.103125 0.103125 0.025 0.0453125
8 0.7375 0.1078125 0.028125 0.0484375
13 0.584375 0.428125 0.0265625 0.0515625
13 0.09375 0.653125 0.0265625 0.0484375
13 0.328125 0.41875 0.0265625 0.046875
8 0.79375 0.23125 0.028125 0.0453125
11 0.8515625 0.8515625 0.028125 0.05
8 0.28125 0.1109375 0.028125 0.0453125
13 0.3625 0.41875 0.025 0.0484375
8 0.284375 0.94375 0.0265625 0.0484375
11 0.4 0.64375 0.028125 0.046875
3 0.21875 0.40625 0.028125 0.046875
8 0.03125 0.959375 0.0265625 0.046875
11 0.846875 0.428125 0.0265625 0.0484375
13 0.490625 0.846875 0.0265625 0.0546875
8 0.034375 0.725 0.028125 0.04375
11 0.4 0.415625 0.028125 0.0453125
3 0.240625 0.21875 0.034375 0.05
13 0.0671875 0.85 0.025 0.046875
13 0.65 0.8453125 0.025 0.0453125
8 0.234375 0.30625 0.028125 0.046875
3 0.275 0.4109375 0.0296875 0.05
11 0.396875 0.853125 0.028125 0.05
3 0.5140625 0.228125 0.0328125 0.0484375
8 0.521875 0.11875 0.028125 0.0453125
13 0.8125 0.425 0.025 0.046875
13 0.521875 0.84375 0.025 0.046875
3 0.746875 0.428125 0.0328125 0.053125
8 0.03125 0.296875 0.03125 0.0453125
3 0.746875 0.65625 0.03125 0.05
11 0.7375 0.728125 0.0265625 0.046875
11 0.85 0.53125 0.028125 0.0484375
11 0.7375 0.5421875 0.0265625 0.0453125
8 0.484375 0.9484375 0.0265625 0.05
11 0.4 0.7203125 0.028125 0.04375
11 0.621875 0.71875 0.028125 0.04375
11 0.271875 0.73125 0.028125 0.0453125
11 0.4 0.5203125 0.028125 0.04375
11 0.646875 0.3 0.028125 0.046875
11 0.846875 0.721875 0.0265625 0.04375
11 0.271875 0.53125 0.0265625 0.046875
3 0.490625 0.6484375 0.0296875 0.0484375
11 0.50625 0.309375 0.0265625 0.04375
11 0.4890625 0.73125 0.0265625 0.0453125
3 0.490625 0.421875 0.028125 0.0484375
11 0.61875 0.5234375 0.028125 0.04375
8 0.4875 0.534375 0.0265625 0.046875