0 0.0625 0.6625 0.0390625 0.046875
0 0.0609375 0.434375 0.0375 0.046875
3 0.1625 0.3625 0.034375 0.053125
3 0.521875 0.1625 0.0328125 0.0484375
0 0.0625 0.8625 0.0390625 0.0453125
3 0.471875 0.15625 0.0296875 0.053125
14 0.0625 0.55625 0.0375 0.078125
3 0.86875 0.1359375 0.0265625 0.05
13 0.65625 0.5625 0.0265625 0.0546875
3 0.7015625 0.1515625 0.028125 0.05
14 0.0625 0.784375 0.0390625 0.0765625
3 0.4453125 0.3703125 0.0328125 0.053125
3 0.2875 0.540625 0.028125 0.04375
0 0.109375 0.24375 0.034375 0.046875
3 0.75 0.5671875 0.028125 0.0515625
11 0.925 0.14375 0.028125 0.0453125
3 0.5 0.3796875 0.034375 0.05
3 0.6984375 0.7875 0.0296875 0.05
13 0.40625 0.3484375 0.0265625 0.0453125
13 0.409375 0.1375 0.028125 0.05
8 0.175 0.2359375 0.025 0.04375
3 0.2234375 0.146875 0.03125 0.053125
3 0.7875 0.375 0.034375 0.0515625
3 0.2875 0.765625 0.028125 0.046875
13 0.4375 0.78125 0.025 0.0515625
3 0.2359375 0.778125 0.03125 0.0515625
8 0.109375 0.8546875 0.028125 0.0453125
13 0.36875 0.353125 0.028125 0.0484375
13 0.61875 0.7875 0.028125 0.0515625
3 0.696875 0.559375 0.028125 0.05
8 0.86875 0.36875 0.028125 0.0421875
13 0.4 0.55 0.028125 0.046875
3 0.1046875 0.3625 0.028125 0.0515625
3 0.2359375 0.55 0.03125 0.0515625
3 0.3140625 0.353125 0.0328125 0.05
3 0.8140625 0.134375 0.0296875 0.046875
13 0.65625 0.790625 0.0265625 0.0546875
3 0.7171875 0.365625 0.0296875 0.0484375
3 0.171875 0.146875 0.025 0.05
13 0.61875 0.559375 0.028125 0.0515625
13 0.196875 0.7828125 0.0265625 0.05
13 0.1640625 0.559375 0.0296875 0.0515625
13 0.665625 0.3625 0.034375 0.05
3 0.75 0.153125 0.03125 0.046875
3 0.75 0.79375 0.0296875 0.0515625
14 0.059375 0.3625 0.0375 0.0765625
8 0.871875 0.4296875 0.028125 0.0453125
13 0.88125 0.7875 0.0265625 0.05
13 0.4421875 0.134375 0.0234375 0.0453125
11 0.471875 0.778125 0.0265625 0.046875
11 0.91875 0.5640625 0.028125 0.0484375
13 0.4 0.778125 0.028125 0.046875
3 0.109375 0.790625 0.034375 0.0578125
11 0.8125 0.8640625 0.028125 0.046875
3 0.565625 0.78125 0.03125 0.05
11 0.225 0.3703125 0.0296875 0.046875
13 0.196875 0.553125 0.025 0.0515625
13 0.1640625 0.7890625 0.028125 0.053125
13 0.4375 0.553125 0.025 0.0515625
8 0.35 0.2484375 0.028125 0.046875
8 0.10625 0.43125 0.028125 0.0453125
13 0.659375 0.1453125 0.03125 0.0515625
11 0.91875 0.6640625 0.028125 0.0484375
8 0.109375 0.659375 0.0265625 0.04375
3 0.565625 0.5546875 0.028125 0.05
11 0.921875 0.8546875 0.0296875 0.0453125
11 0.278125 0.15625 0.0265625 0.046875
11 0.8125 0.675 0.0265625 0.046875
11 0.4734375 0.85625 0.0296875 0.0453125
8 0.59375 0.253125 0.028125 0.0453125
8 0.3046875 0.440625 0.0296875 0.0484375
11 0.696875 0.659375 0.0296875 0.04375
3 0.109375 0.5625 0.034375 0.05625
8 0.8078125 0.240625 0.028125 0.046875
3 0.346875 0.7734375 0.03125 0.053125
11 0.921875 0.79375 0.03125 0.0484375
3 0.815625 0.790625 0.034375 0.0515625
11 0.71875 0.4359375 0.028125 0.0484375
11 0.34375 0.865625 0.028125 0.0453125
3 0.6 0.15 0.03125 0.0515625
3 0.3546875 0.1359375 0.03125 0.053125
11 0.471875 0.55 0.0265625 0.0453125
11 0.696875 0.85625 0.03125 0.04375
3 0.578125 0.3625 0.028125 0.0484375
11 0.5609375 0.865625 0.0265625 0.0453125
3 0.346875 0.546875 0.03125 0.05
14 0.109375 0.146875 0.034375 0.078125
11 0.5765625 0.4484375 0.025 0.04375
11 0.34375 0.66875 0.028125 0.0453125
11 0.559375 0.66875 0.0265625 0.0453125
11 0.4703125 0.6578125 0.028125 0.04375
13 0.884375 0.559375 0.0265625 0.046875
3 0.815625 0.5609375 0.034375 0.0515625