0 0.03125 0.5390625 0.0390625 0.0453125
0 0.03125 0.109375 0.0375 0.0453125
0 0.03125 0.3375 0.0375 0.0453125
13 0.3765625 0.025 0.028125 0.0484375
3 0.665625 0.4625 0.0296875 0.05
3 0.3796875 0.890625 0.03125 0.0671875
0 0.03125 0.75625 0.0375 0.046875
3 0.203125 0.453125 0.03125 0.0515625
3 0.4375 0.89375 0.0296875 0.0484375
11 0.6640625 0.3359375 0.0296875 0.04375
3 0.665625 0.234375 0.028125 0.05
8 0.8390625 0.8703125 0.028125 0.046875
13 0.36875 0.45625 0.0265625 0.0484375
3 0.2546875 0.2171875 0.028125 0.0453125
3 0.253125 0.4453125 0.028125 0.0453125
3 0.4125 0.05 0.0296875 0.0546875
3 0.63125 0.8921875 0.034375 0.0515625
3 0.14375 0.8703125 0.028125 0.0515625
8 0.075 0.534375 0.028125 0.04375
3 0.5625 0.88125 0.0296875 0.0546875
13 0.53125 0.6625 0.028125 0.0546875
8 0.8375 0.10625 0.028125 0.0453125
3 0.759375 0.0515625 0.034375 0.0515625
3 0.725 0.6609375 0.0265625 0.0515625
13 0.5625 0.659375 0.025 0.0484375
3 0.36875 0.228125 0.025 0.046875
8 0.0765625 0.334375 0.0265625 0.04375
3 0.128125 0.0375 0.034375 0.053125
13 0.109375 0.86875 0.025 0.0484375
13 0.625 0.2375 0.0265625 0.0546875
3 0.4859375 0.8828125 0.0359375 0.06875
8 0.834375 0.0453125 0.028125 0.04375
3 0.2703125 0.6671875 0.0265625 0.0546875
13 0.85 0.4625 0.0265625 0.0484375
3 0.46875 0.05625 0.034375 0.0484375
3 0.6 0.6625 0.0265625 0.0515625
13 0.85 0.234375 0.025 0.046875
3 0.3765625 0.65625 0.028125 0.05
3 0.2703125 0.86875 0.0265625 0.053125
13 0.1296875 0.4625 0.028125 0.0546875
13 0.625 0.465625 0.0265625 0.05625
13 0.6875 0.659375 0.0234375 0.046875
3 0.721875 0.24375 0.0296875 0.0515625
3 0.6890625 0.04375 0.03125 0.0484375
13 0.1640625 0.459375 0.0265625 0.0515625
13 0.1984375 0.865625 0.028125 0.053125
13 0.234375 0.8671875 0.025 0.0484375
13 0.1296875 0.234375 0.028125 0.053125
8 0.071875 0.76875 0.0265625 0.0453125
3 0.5515625 0.0421875 0.03125 0.0484375
3 0.203125 0.2265625 0.028125 0.05
3 0.0796875 0.46875 0.0328125 0.05625
11 0.190625 0.046875 0.0296875 0.046875
3 0.31875 0.45 0.03125 0.05
13 0.1640625 0.23125 0.025 0.05
3 0.78125 0.6625 0.03125 0.0515625
3 0.325 0.9 0.03125 0.059375
13 0.403125 0.4578125 0.0265625 0.0515625
3 0.14375 0.665625 0.028125 0.053125
13 0.3375 0.0265625 0.03125 0.053125
11 0.8875 0.240625 0.0265625 0.0484375
3 0.834375 0.653125 0.0296875 0.046875
13 0.5875 0.4625 0.028125 0.05
11 0.778125 0.353125 0.0234375 0.04375
13 0.234375 0.6640625 0.025 0.0484375
8 0.325 0.75625 0.0296875 0.0484375
3 0.071875 0.0375 0.028125 0.0515625
13 0.071875 0.865625 0.0265625 0.0546875
14 0.0296875 0.459375 0.0390625 0.075
3 0.721875 0.471875 0.03125 0.0515625
8 0.0703125 0.10625 0.0296875 0.046875
13 0.634375 0.0375 0.0390625 0.0515625
11 0.8921875 0.6625 0.028125 0.05
13 0.65625 0.6625 0.028125 0.053125
8 0.778125 0.753125 0.028125 0.046875
3 0.328125 0.665625 0.03125 0.0578125
13 0.0734375 0.6625 0.0296875 0.0515625
13 0.2 0.665625 0.028125 0.0546875
11 0.4390625 0.665625 0.0296875 0.05
11 0.440625 0.4546875 0.028125 0.0484375
11 0.684375 0.1125 0.028125 0.046875
11 0.8875 0.471875 0.0296875 0.0484375
13 0.790625 0.8671875 0.028125 0.0484375
11 0.440625 0.2265625 0.0265625 0.0453125
11 0.3109375 0.5453125 0.028125 0.0453125
11 0.6640625 0.534375 0.028125 0.0453125
11 0.8890625 0.534375 0.028125 0.0453125
13 0.5875 0.234375 0.0265625 0.05
11 0.440625 0.534375 0.028125 0.04375
8 0.275 0.115625 0.0296875 0.0453125
3 0.284375 0.0265625 0.0359375 0.053125
11 0.778125 0.540625 0.028125 0.0484375
11 0.3109375 0.3453125 0.028125 0.0453125
3 0.0765625 0.240625 0.0328125 0.0578125
11 0.5484375 0.125 0.025 0.04375
8 0.528125 0.765625 0.0265625 0.046875
3 0.534375 0.23125 0.0265625 0.05
13 0.1078125 0.6640625 0.025 0.0484375
14 0.0296875 0.659375 0.0375 0.0765625
14 0.0296875 0.234375 0.0359375 0.0765625
14 0.028125 0.0390625 0.0375 0.078125
11 0.8875 0.340625 0.0265625 0.046875
11 0.440625 0.334375 0.0265625 0.04375
3 0.7828125 0.4671875 0.034375 0.0515625
13 0.4078125 0.228125 0.0234375 0.05
3 0.534375 0.45625 0.0296875 0.05
3 0.7828125 0.2375 0.0359375 0.0546875
14 0.0296875 0.878125 0.0359375 0.0796875
11 0.53125 0.54375 0.0265625 0.04375
11 0.53125 0.34375 0.025 0.0453125
3 0.3140625 0.221875 0.0296875 0.046875
3 0.709375 0.859375 0.0390625 0.046875