0 0.05 0.3875 0.0375 0.0453125
0 0.046875 0.190625 0.0390625 0.046875
3 0.6828125 0.0875 0.028125 0.0515625
3 0.853125 0.5 0.028125 0.0453125
3 0.34375 0.753125 0.0296875 0.05625
3 0.2765625 0.0625 0.028125 0.0453125
3 0.6828125 0.3125 0.0296875 0.05
3 0.453125 0.74375 0.028125 0.046875
3 0.4 0.503125 0.028125 0.046875
3 0.3984375 0.740625 0.03125 0.0671875
0 0.046875 0.8359375 0.0375 0.0453125
13 0.5796875 0.509375 0.0265625 0.05
8 0.096875 0.378125 0.028125 0.0453125
13 0.221875 0.51875 0.028125 0.0546875
13 0.7046875 0.5109375 0.025 0.046875
3 0.2765625 0.290625 0.0296875 0.046875
13 0.221875 0.7125 0.028125 0.053125
13 0.425 0.3078125 0.0265625 0.0515625
13 0.8125 0.715625 0.0296875 0.05
3 0.7390625 0.090625 0.0296875 0.053125
3 0.65 0.740625 0.0359375 0.05
13 0.671875 0.5078125 0.028125 0.0546875
3 0.1640625 0.5140625 0.028125 0.05625
13 0.6453125 0.3140625 0.0265625 0.0546875
3 0.3453125 0.5125 0.03125 0.05625
3 0.8 0.509375 0.0296875 0.0546875
13 0.25625 0.715625 0.025 0.046875
8 0.85625 0.71875 0.0265625 0.0453125
14 0.0515625 0.08125 0.0390625 0.078125
13 0.609375 0.3140625 0.028125 0.0484375
14 0.046875 0.5125 0.0359375 0.0765625
13 0.184375 0.30625 0.025 0.05
8 0.0984375 0.1859375 0.0265625 0.0453125
3 0.5078125 0.7296875 0.0375 0.0671875
11 0.9125 0.509375 0.0296875 0.0484375
3 0.225 0.303125 0.028125 0.053125
13 0.55 0.509375 0.0265625 0.0546875
14 0.0515625 0.30625 0.0390625 0.0765625
13 0.646875 0.0890625 0.025 0.0546875
0 0.05 0.603125 0.0375 0.0453125
13 0.425 0.0796875 0.025 0.0515625
13 0.2515625 0.5109375 0.025 0.05
13 0.1875 0.075 0.025 0.046875
3 0.334375 0.3015625 0.03125 0.0515625
3 0.7390625 0.31875 0.0296875 0.0515625
13 0.153125 0.08125 0.028125 0.0515625
13 0.1265625 0.5125 0.025 0.0484375
13 0.1265625 0.715625 0.025 0.0484375
3 0.2875 0.7171875 0.0265625 0.0515625
3 0.578125 0.728125 0.028125 0.0515625
11 0.45625 0.51875 0.0296875 0.0484375
13 0.153125 0.3125 0.028125 0.053125
8 0.3453125 0.828125 0.0296875 0.04375
13 0.384375 0.071875 0.025 0.0484375
3 0.159375 0.7125 0.028125 0.0515625
3 0.334375 0.065625 0.0296875 0.05
8 0.546875 0.6125 0.028125 0.0453125
3 0.2234375 0.071875 0.0296875 0.0515625
13 0.3875 0.303125 0.028125 0.0484375
3 0.553125 0.309375 0.0296875 0.0484375
11 0.459375 0.303125 0.0265625 0.046875
8 0.34375 0.6015625 0.028125 0.0484375
13 0.60625 0.0859375 0.028125 0.0515625
3 0.615625 0.509375 0.0265625 0.053125
11 0.68125 0.1828125 0.028125 0.04375
8 0.796875 0.6015625 0.028125 0.05
11 0.90625 0.3828125 0.0296875 0.0453125
3 0.2890625 0.5125 0.028125 0.05625
11 0.90625 0.0875 0.0265625 0.0484375
3 0.8015625 0.3140625 0.034375 0.053125
11 0.4578125 0.38125 0.0296875 0.0453125
3 0.740625 0.509375 0.0265625 0.053125
11 0.8 0.3890625 0.028125 0.0484375
11 0.903125 0.1875 0.0265625 0.046875
14 0.05 0.725 0.0375 0.078125
8 0.85625 0.8390625 0.025 0.0484375
8 0.0875 0.61875 0.028125 0.046875
13 0.8703125 0.3125 0.028125 0.05
11 0.796875 0.203125 0.0265625 0.0453125
8 0.578125 0.846875 0.0265625 0.0453125
11 0.459375 0.075 0.0265625 0.046875
3 0.5515625 0.078125 0.028125 0.05
13 0.09375 0.7171875 0.0265625 0.0546875
11 0.68125 0.38125 0.03125 0.0453125
11 0.33125 0.39375 0.0265625 0.0453125
11 0.90625 0.321875 0.03125 0.0484375
3 0.096875 0.315625 0.034375 0.059375
8 0.0890625 0.834375 0.025 0.046875
11 0.459375 0.18125 0.028125 0.0453125
11 0.5484375 0.1921875 0.0265625 0.0453125
13 0.871875 0.0875 0.028125 0.0484375
11 0.5484375 0.3921875 0.0265625 0.0453125
3 0.096875 0.0875 0.034375 0.05625
13 0.09375 0.5125 0.028125 0.05
11 0.33125 0.1921875 0.0265625 0.0453125
3 0.803125 0.0859375 0.034375 0.053125
3 0.7296875 0.7125 0.0359375 0.0453125