0 0.115625 0.546875 0.0359375 0.04375
3 0.7546875 0.2609375 0.0296875 0.05
0 0.1625 0.35 0.0328125 0.04375
14 0.11875 0.66875 0.0390625 0.0765625
13 0.459375 0.459375 0.0265625 0.046875
3 0.290625 0.890625 0.0296875 0.05
0 0.11875 0.9734375 0.0390625 0.046875
3 0.290625 0.6609375 0.028125 0.05
3 0.278125 0.25625 0.0328125 0.0515625
3 0.84375 0.4859375 0.034375 0.0515625
14 0.11875 0.475 0.0359375 0.0765625
13 0.496875 0.2484375 0.0234375 0.04375
14 0.11875 0.896875 0.0375 0.075
3 0.5546875 0.4875 0.034375 0.05
11 0.3984375 0.97734375 0.028125 0.0453125
3 0.4984375 0.484375 0.03125 0.0546875
3 0.75 0.896875 0.028125 0.05
3 0.1609375 0.6734375 0.034375 0.05625
3 0.528125 0.26875 0.0296875 0.053125
8 0.9234375 0.48125 0.028125 0.0453125
8 0.925 0.540625 0.028125 0.04375
13 0.4609375 0.25 0.028125 0.0484375
3 0.1546875 0.471875 0.028125 0.05
3 0.809375 0.2640625 0.0328125 0.0484375
11 0.3984375 0.7796875 0.028125 0.046875
13 0.21875 0.6703125 0.0265625 0.0515625
3 0.8046875 0.90625 0.0296875 0.0515625
13 0.25 0.665625 0.025 0.05
3 0.1625 0.903125 0.034375 0.0578125
13 0.425 0.465625 0.0296875 0.0484375
13 0.7125 0.25625 0.0328125 0.05
3 0.8046875 0.6796875 0.028125 0.046875
3 0.34375 0.8796875 0.028125 0.046875
11 0.975 0.909375 0.0296875 0.046875
8 0.1609375 0.540625 0.028125 0.04375
13 0.2515625 0.8921875 0.025 0.05
13 0.7125 0.671875 0.025 0.053125
11 0.98125 0.2546875 0.028125 0.046875
3 0.653125 0.259375 0.0328125 0.0515625
13 0.4546875 0.890625 0.0265625 0.046875
13 0.7203125 0.471875 0.034375 0.0515625
3 0.75 0.66875 0.0296875 0.05
11 0.975 0.96875 0.0265625 0.04375
13 0.21875 0.8984375 0.028125 0.0515625
8 0.1640625 0.9671875 0.0296875 0.0453125
0 0.1171875 0.7734375 0.0359375 0.0484375
3 0.215625 0.475 0.034375 0.0515625
11 0.334375 0.2640625 0.0296875 0.0484375
13 0.4921875 0.6640625 0.025 0.0515625
8 0.228125 0.346875 0.0265625 0.0453125
13 0.675 0.896875 0.028125 0.05
3 0.34375 0.65 0.028125 0.046875
3 0.5765625 0.271875 0.034375 0.0484375
13 0.709375 0.9 0.0265625 0.0515625
13 0.675 0.66875 0.0265625 0.0484375
3 0.771875 0.475 0.028125 0.0484375
13 0.453125 0.6625 0.0265625 0.046875
3 0.8703125 0.24375 0.0296875 0.0484375
11 0.75 0.96875 0.028125 0.0453125
11 0.528125 0.6609375 0.0265625 0.04375
3 0.9234375 0.246875 0.028125 0.05
3 0.365625 0.4640625 0.0328125 0.05
13 0.9375 0.896875 0.0265625 0.05
3 0.403125 0.884375 0.0296875 0.0515625
8 0.8625 0.35625 0.028125 0.0484375
3 0.871875 0.9 0.0328125 0.053125
8 0.409375 0.35625 0.028125 0.046875
13 0.4875 0.89375 0.0234375 0.0484375
11 0.525 0.965625 0.028125 0.046875
11 0.2796875 0.48125 0.028125 0.0453125
11 0.528125 0.890625 0.028125 0.0484375
11 0.771875 0.546875 0.028125 0.0484375
3 0.403125 0.65625 0.0296875 0.05
3 0.634375 0.475 0.03125 0.05
8 0.1625 0.76875 0.0265625 0.04375
11 0.8625 0.7875 0.0265625 0.0453125
3 0.225 0.2546875 0.0296875 0.0484375
11 0.615625 0.978125 0.0265625 0.04375
11 0.525 0.76875 0.028125 0.0453125
11 0.975 0.775 0.0265625 0.046875
8 0.3609375 0.553125 0.0296875 0.046875
14 0.159375 0.2625 0.0328125 0.078125
8 0.6515625 0.36875 0.028125 0.0453125
11 0.865625 0.975 0.0265625 0.046875
13 0.9375 0.6703125 0.025 0.046875
3 0.615625 0.89375 0.028125 0.05
3 0.4140625 0.246875 0.0328125 0.05
11 0.9765625 0.6734375 0.0265625 0.0484375
3 0.615625 0.665625 0.028125 0.05
3 0.871875 0.675 0.0328125 0.0515625
11 0.7515625 0.7671875 0.028125 0.04375
11 0.6125 0.778125 0.0265625 0.046875
11 0.63125 0.559375 0.0265625 0.04375