3 0.3734375 0.728125 0.03125 0.06875
13 0.1953125 0.7046875 0.0265625 0.0515625
0 0.021875 0.59375 0.0390625 0.046875
13 0.103125 0.70625 0.025 0.0484375
3 0.428125 0.7328125 0.0296875 0.0484375
3 0.246875 0.28125 0.028125 0.0453125
0 0.021875 0.378125 0.0359375 0.046875
3 0.6578125 0.303125 0.0296875 0.05
3 0.375 0.49375 0.0265625 0.046875
3 0.321875 0.5015625 0.03125 0.05625
0 0.021875 0.178125 0.0375 0.046875
3 0.828125 0.490625 0.0296875 0.046875
13 0.228125 0.70625 0.025 0.0484375
3 0.134375 0.5015625 0.0265625 0.053125
3 0.65625 0.071875 0.028125 0.0515625
3 0.19375 0.0640625 0.0296875 0.0515625
3 0.134375 0.703125 0.028125 0.0546875
13 0.6171875 0.3046875 0.0265625 0.053125
13 0.784375 0.70625 0.0296875 0.05
13 0.5546875 0.5015625 0.025 0.0484375
3 0.621875 0.7296875 0.0359375 0.05
8 0.065625 0.36875 0.0265625 0.04375
3 0.31875 0.74375 0.03125 0.05625
3 0.48125 0.7234375 0.0328125 0.0671875
13 0.065625 0.7078125 0.0265625 0.0546875
13 0.6796875 0.503125 0.025 0.0453125
3 0.2 0.296875 0.0296875 0.05
13 0.15625 0.071875 0.025 0.05
3 0.709375 0.3125 0.03125 0.0515625
0 0.0203125 0.825 0.0375 0.0453125
13 0.615625 0.0796875 0.0265625 0.0546875
3 0.309375 0.29375 0.03125 0.05
8 0.065625 0.1703125 0.0265625 0.0453125
13 0.5796875 0.0703125 0.0265625 0.05
3 0.709375 0.0859375 0.03125 0.0515625
11 0.434375 0.29375 0.0265625 0.046875
13 0.196875 0.5 0.025 0.053125
8 0.834375 0.70625 0.0265625 0.046875
13 0.396875 0.2953125 0.025 0.0515625
3 0.246875 0.053125 0.028125 0.046875
13 0.65 0.496875 0.0265625 0.053125
11 0.434375 0.065625 0.0265625 0.046875
13 0.5203125 0.5 0.0265625 0.0546875
14 0.0234375 0.2984375 0.0375 0.075
13 0.5796875 0.30625 0.0265625 0.0484375
13 0.365625 0.065625 0.0265625 0.0453125
11 0.884375 0.5 0.028125 0.05
13 0.125 0.0734375 0.028125 0.053125
11 0.88125 0.078125 0.028125 0.05
13 0.3625 0.29375 0.0265625 0.05
13 0.396875 0.0671875 0.025 0.0515625
3 0.2625 0.7078125 0.0265625 0.0515625
3 0.259375 0.5015625 0.0265625 0.053125
11 0.88125 0.309375 0.0296875 0.046875
3 0.553125 0.715625 0.028125 0.0515625
3 0.7734375 0.5 0.03125 0.053125
8 0.0640625 0.609375 0.028125 0.0453125
8 0.828125 0.8265625 0.0265625 0.0484375
13 0.15625 0.3 0.0265625 0.0515625
11 0.771875 0.38125 0.028125 0.046875
13 0.1234375 0.3046875 0.0296875 0.0515625
11 0.43125 0.50625 0.0296875 0.0484375
8 0.31875 0.590625 0.028125 0.0484375
3 0.775 0.30625 0.0328125 0.0515625
3 0.7765625 0.078125 0.034375 0.0546875
8 0.771875 0.5890625 0.028125 0.046875
13 0.228125 0.503125 0.0234375 0.046875
11 0.878125 0.175 0.025 0.0453125
13 0.846875 0.30625 0.0265625 0.0484375
8 0.521875 0.6 0.028125 0.046875
11 0.771875 0.190625 0.028125 0.046875
8 0.321875 0.825 0.0296875 0.04375
13 0.1015625 0.503125 0.0234375 0.0484375
3 0.06875 0.30625 0.0328125 0.05625
3 0.590625 0.496875 0.025 0.0515625
8 0.0640625 0.828125 0.025 0.0484375
14 0.021875 0.5 0.0359375 0.075
13 0.846875 0.071875 0.0265625 0.05
14 0.021875 0.0703125 0.0390625 0.078125
11 0.303125 0.384375 0.028125 0.0453125
14 0.021875 0.715625 0.0375 0.0796875
11 0.434375 0.1734375 0.028125 0.04375
3 0.528125 0.3015625 0.03125 0.05
11 0.434375 0.375 0.0296875 0.0453125
8 0.553125 0.8375 0.025 0.0421875
13 0.065625 0.503125 0.0265625 0.0515625
3 0.715625 0.496875 0.0265625 0.0515625
3 0.065625 0.08125 0.0328125 0.05625
11 0.88125 0.3703125 0.028125 0.0453125
11 0.65625 0.36875 0.028125 0.04375
11 0.5203125 0.184375 0.0265625 0.0453125
11 0.521875 0.384375 0.0265625 0.0453125
11 0.65625 0.1765625 0.0296875 0.0453125
11 0.303125 0.184375 0.0265625 0.0453125
3 0.528125 0.065625 0.0296875 0.05
3 0.309375 0.05625 0.03125 0.0515625
3 0.7046875 0.6984375 0.0359375 0.046875