13 0.4015625 0.3625 0.025 0.0453125
13 0.4375 0.1453125 0.0234375 0.04375
0 0.0578125 0.44375 0.0359375 0.0453125
3 0.1046875 0.8 0.03125 0.0578125
0 0.10625 0.253125 0.034375 0.0453125
3 0.496875 0.3875 0.034375 0.05
0 0.0578125 0.86875 0.0359375 0.04375
3 0.51875 0.171875 0.034375 0.0484375
3 0.2203125 0.153125 0.03125 0.053125
13 0.653125 0.56875 0.0265625 0.0515625
3 0.46875 0.1625 0.0296875 0.0515625
3 0.690625 0.7953125 0.028125 0.05
3 0.1046875 0.5734375 0.034375 0.0546875
3 0.69375 0.15625 0.028125 0.0484375
3 0.440625 0.38125 0.0296875 0.053125
3 0.690625 0.56875 0.028125 0.05
0 0.0578125 0.66875 0.0375 0.046875
14 0.1046875 0.15625 0.034375 0.0765625
13 0.6125 0.796875 0.0265625 0.05
13 0.653125 0.8015625 0.0265625 0.0546875
3 0.784375 0.384375 0.034375 0.0515625
13 0.65625 0.153125 0.0296875 0.05
3 0.7453125 0.1625 0.034375 0.0484375
13 0.4328125 0.5625 0.025 0.05
13 0.159375 0.5671875 0.0296875 0.0515625
13 0.396875 0.7875 0.028125 0.0484375
14 0.05625 0.79375 0.0375 0.075
13 0.3625 0.3640625 0.028125 0.05
3 0.7453125 0.8078125 0.03125 0.05
13 0.159375 0.7953125 0.0296875 0.0515625
8 0.8609375 0.378125 0.028125 0.04375
8 0.103125 0.865625 0.0265625 0.04375
13 0.6125 0.56875 0.025 0.0484375
3 0.23125 0.5578125 0.028125 0.0515625
13 0.39375 0.559375 0.028125 0.0484375
3 0.59375 0.159375 0.0296875 0.0484375
3 0.80625 0.1421875 0.0296875 0.046875
3 0.7453125 0.575 0.0296875 0.0515625
8 0.16875 0.246875 0.025 0.04375
3 0.2875 0.55 0.028125 0.0453125
8 0.103125 0.4390625 0.028125 0.04375
13 0.43125 0.79375 0.0265625 0.0515625
13 0.878125 0.7984375 0.0265625 0.0484375
11 0.921875 0.153125 0.0296875 0.046875
13 0.878125 0.5671875 0.0265625 0.0484375
11 0.9140625 0.865625 0.028125 0.0453125
8 0.346875 0.25625 0.0296875 0.0453125
3 0.865625 0.1453125 0.028125 0.0484375
11 0.465625 0.7875 0.0265625 0.0453125
8 0.1046875 0.66875 0.025 0.04375
3 0.2875 0.778125 0.028125 0.0453125
14 0.0546875 0.565625 0.0375 0.075
13 0.196875 0.7921875 0.0265625 0.0484375
13 0.196875 0.5640625 0.025 0.05
3 0.153125 0.3703125 0.0328125 0.0515625
3 0.7109375 0.371875 0.03125 0.046875
11 0.915625 0.675 0.028125 0.046875
11 0.6890625 0.865625 0.028125 0.04375
8 0.8625 0.4375 0.0265625 0.0453125
3 0.23125 0.7859375 0.028125 0.0515625
11 0.915625 0.80625 0.03125 0.0484375
11 0.221875 0.378125 0.028125 0.046875
3 0.559375 0.5625 0.028125 0.0515625
13 0.6609375 0.36875 0.0359375 0.0515625
11 0.80625 0.8734375 0.025 0.046875
3 0.1671875 0.15625 0.025 0.05
11 0.275 0.1625 0.028125 0.046875
3 0.809375 0.571875 0.034375 0.0515625
8 0.803125 0.2515625 0.0265625 0.046875
3 0.8078125 0.7984375 0.0328125 0.0515625
11 0.80625 0.684375 0.0265625 0.0453125
11 0.465625 0.865625 0.028125 0.0453125
13 0.40625 0.14375 0.028125 0.0484375
3 0.5765625 0.375 0.034375 0.05
8 0.590625 0.265625 0.0265625 0.0453125
3 0.35 0.146875 0.03125 0.0484375
8 0.3 0.45 0.028125 0.046875
11 0.7125 0.446875 0.028125 0.0484375
3 0.34375 0.55625 0.0296875 0.05
11 0.465625 0.559375 0.0265625 0.04375
11 0.571875 0.45625 0.0265625 0.0453125
11 0.9171875 0.571875 0.028125 0.046875
3 0.1 0.371875 0.028125 0.0515625
11 0.465625 0.665625 0.028125 0.04375
11 0.55625 0.878125 0.0265625 0.0453125
14 0.0578125 0.375 0.0375 0.078125
11 0.3390625 0.878125 0.028125 0.046875
3 0.559375 0.790625 0.0296875 0.05
3 0.3078125 0.359375 0.0328125 0.053125
11 0.690625 0.665625 0.028125 0.04375
11 0.55625 0.678125 0.025 0.0453125
11 0.3390625 0.678125 0.0265625 0.046875
3 0.34375 0.784375 0.03125 0.05