14 0.065625 0.20625 0.0390625 0.078125
0 0.065625 0.7234375 0.0375 0.04375
8 0.875 0.840625 0.028125 0.046875
0 0.065625 0.50625 0.0390625 0.046875
14 0.065625 0.8453125 0.0375 0.078125
3 0.46875 0.865625 0.0296875 0.0484375
0 0.065625 0.0796875 0.0375 0.0453125
14 0.065625 0.4328125 0.0390625 0.0765625
0 0.065625 0.309375 0.0375 0.046875
14 0.065625 0.6296875 0.0390625 0.078125
3 0.790625 0.0234375 0.0375 0.046875
8 0.871875 0.01875 0.03125 0.0375
3 0.446875 0.021875 0.03125 0.04375
3 0.503125 0.025 0.0359375 0.0484375
3 0.1125 0.209375 0.0359375 0.0578125
3 0.815625 0.628125 0.0296875 0.0515625
3 0.2375 0.19375 0.028125 0.05
8 0.359375 0.953125 0.028125 0.04375
3 0.634375 0.6328125 0.0265625 0.0546875
13 0.6890625 0.625 0.025 0.0515625
3 0.35625 0.871875 0.03125 0.0578125
3 0.753125 0.215625 0.0296875 0.0515625
3 0.4171875 0.625 0.028125 0.046875
3 0.2375 0.4265625 0.028125 0.0515625
13 0.265625 0.840625 0.0265625 0.05
3 0.759375 0.6328125 0.0265625 0.0546875
3 0.521875 0.8546875 0.0359375 0.06875
13 0.828125 0.834375 0.0296875 0.05
3 0.290625 0.184375 0.0265625 0.04375
3 0.29375 0.4171875 0.028125 0.0453125
13 0.140625 0.840625 0.025 0.053125
13 0.440625 0.2015625 0.025 0.0515625
3 0.871875 0.621875 0.028125 0.0453125
3 0.703125 0.2078125 0.028125 0.0484375
13 0.6625 0.209375 0.0265625 0.053125
8 0.109375 0.078125 0.028125 0.046875
13 0.165625 0.4375 0.028125 0.0515625
13 0.109375 0.8421875 0.028125 0.05625
3 0.415625 0.8625 0.034375 0.06875
8 0.871875 0.9578125 0.028125 0.05
3 0.665625 0.8609375 0.034375 0.05
3 0.35 0.190625 0.0296875 0.05
3 0.18125 0.8421875 0.0265625 0.05625
11 0.925 0.4421875 0.03125 0.046875
13 0.109375 0.6375 0.0296875 0.05
8 0.875 0.078125 0.0265625 0.04375
13 0.2 0.203125 0.025 0.0515625
0 0.0625 0.9515625 0.0359375 0.0453125
3 0.178125 0.634375 0.0265625 0.053125
11 0.921875 0.309375 0.028125 0.046875
13 0.440625 0.43125 0.025 0.0515625
13 0.40625 0.428125 0.025 0.0453125
8 0.1125 0.503125 0.0265625 0.04375
13 0.40625 0.2 0.0265625 0.0453125
3 0.5984375 0.85 0.0296875 0.0546875
8 0.596875 0.971875 0.028125 0.0453125
3 0.7015625 0.434375 0.028125 0.0484375
3 0.1125 0.440625 0.034375 0.059375
13 0.265625 0.6375 0.025 0.05
13 0.234375 0.8375 0.028125 0.053125
3 0.3640625 0.634375 0.0328125 0.0578125
13 0.1640625 0.2078125 0.0265625 0.0515625
3 0.75625 0.44375 0.028125 0.0484375
13 0.2 0.43125 0.025 0.05
11 0.925 0.2078125 0.028125 0.0484375
13 0.234375 0.634375 0.028125 0.0546875
3 0.884375 0.2046875 0.028125 0.05
3 0.3046875 0.8421875 0.0265625 0.05625
11 0.815625 0.509375 0.028125 0.046875
13 0.14375 0.6328125 0.025 0.0484375
13 0.5640625 0.6296875 0.0265625 0.0546875
8 0.815625 0.721875 0.028125 0.0484375
11 0.928125 0.63125 0.0265625 0.0484375
8 0.3125 0.0890625 0.0296875 0.046875
8 0.5625 0.734375 0.028125 0.0484375
3 0.30625 0.6375 0.0265625 0.0546875
11 0.471875 0.6390625 0.028125 0.0484375
13 0.621875 0.434375 0.028125 0.0515625
11 0.4765625 0.428125 0.028125 0.046875
13 0.6234375 0.20625 0.028125 0.0484375
13 0.5984375 0.63125 0.025 0.046875
13 0.659375 0.4375 0.0265625 0.053125
8 0.35625 0.721875 0.028125 0.0484375
13 0.7234375 0.63125 0.0234375 0.04375
11 0.815625 0.321875 0.0265625 0.046875
3 0.3484375 0.4234375 0.03125 0.0484375
8 0.1109375 0.30625 0.0265625 0.0453125
11 0.925 0.503125 0.0296875 0.04375
11 0.346875 0.3125 0.028125 0.046875
11 0.721875 0.08125 0.0296875 0.0484375
11 0.478125 0.1984375 0.028125 0.0453125
13 0.884375 0.434375 0.0265625 0.046875
11 0.346875 0.5125 0.0296875 0.046875
8 0.10625 0.9546875 0.0234375 0.046875
8 0.10625 0.7375 0.025 0.0453125
11 0.4765625 0.30625 0.028125 0.04375
3 0.56875 0.43125 0.0296875 0.0515625
11 0.4734375 0.503125 0.0296875 0.0453125
3 0.815625 0.2125 0.0328125 0.053125
11 0.7 0.303125 0.028125 0.0453125
3 0.56875 0.203125 0.0296875 0.05
11 0.5640625 0.5171875 0.0265625 0.0453125
11 0.5796875 0.09375 0.0265625 0.0453125
11 0.5640625 0.3171875 0.0265625 0.0453125
11 0.7 0.503125 0.0296875 0.04375
3 0.81875 0.4375 0.0359375 0.053125
3 0.74375 0.8328125 0.0359375 0.0453125