0 0.1 0.353125 0.0359375 0.0453125
3 0.7546875 0.284375 0.03125 0.0484375
3 0.325 0.6859375 0.028125 0.0453125
3 0.478125 0.2921875 0.03125 0.0546875
13 0.478125 0.053125 0.025 0.046875
13 0.4453125 0.0546875 0.0265625 0.0484375
3 0.9015625 0.89375 0.0265625 0.0453125
3 0.509375 0.0765625 0.028125 0.0546875
3 0.734375 0.0703125 0.025 0.05
3 0.446875 0.896875 0.028125 0.046875
3 0.734375 0.478125 0.028125 0.05
3 0.325 0.4578125 0.028125 0.0453125
0 0.1 0.58125 0.0359375 0.0484375
0 0.14375 0.1625 0.034375 0.0453125
0 0.0984375 0.78125 0.0375 0.0453125
13 0.696875 0.065625 0.034375 0.053125
3 0.825 0.29375 0.0375 0.053125
3 0.5375 0.3 0.034375 0.05
13 0.44375 0.275 0.0265625 0.0453125
13 0.7578125 0.9 0.025 0.046875
3 0.71875 0.903125 0.0265625 0.0546875
3 0.7875 0.06875 0.03125 0.046875
3 0.1953125 0.2828125 0.034375 0.053125
3 0.3796875 0.69375 0.03125 0.05
11 0.2625 0.2875 0.0296875 0.0484375
3 0.7875 0.7171875 0.0296875 0.0515625
11 0.5046875 0.9125 0.028125 0.05
14 0.1 0.703125 0.0375 0.078125
3 0.2125 0.909375 0.0265625 0.0546875
13 0.6328125 0.9 0.025 0.0484375
13 0.4375 0.7 0.0265625 0.046875
3 0.559375 0.0875 0.0328125 0.05
14 0.146875 0.06875 0.034375 0.0765625
3 0.26875 0.696875 0.0296875 0.05
8 0.140625 0.3484375 0.028125 0.0453125
3 0.6 0.703125 0.0296875 0.05
13 0.2328125 0.7 0.0265625 0.0515625
11 0.959375 0.0625 0.0265625 0.04375
8 0.146875 0.778125 0.025 0.04375
3 0.73125 0.709375 0.0296875 0.05
13 0.65625 0.478125 0.0265625 0.0484375
13 0.196875 0.709375 0.0265625 0.0515625
14 0.1 0.2875 0.0359375 0.075
3 0.26875 0.909375 0.028125 0.053125
3 0.271875 0.4703125 0.028125 0.0515625
14 0.1 0.475 0.0359375 0.0765625
13 0.4078125 0.271875 0.028125 0.0484375
13 0.6921875 0.70625 0.025 0.053125
3 0.2609375 0.065625 0.0296875 0.0515625
13 0.4703125 0.703125 0.025 0.0515625
3 0.3 0.909375 0.0234375 0.0484375
13 0.175 0.909375 0.025 0.0484375
3 0.7875 0.4890625 0.0296875 0.0515625
13 0.6921875 0.4796875 0.025 0.0515625
13 0.196875 0.48125 0.0265625 0.05
8 0.2109375 0.1578125 0.025 0.04375
13 0.4375 0.471875 0.0265625 0.046875
13 0.59375 0.903125 0.028125 0.05625
13 0.696875 0.2875 0.0359375 0.0515625
13 0.471875 0.475 0.025 0.05
3 0.903125 0.0578125 0.028125 0.05
3 0.390625 0.9078125 0.03125 0.05625
8 0.3421875 0.3625 0.0296875 0.046875
13 0.234375 0.4734375 0.0265625 0.0484375
3 0.378125 0.465625 0.03125 0.0515625
13 0.65625 0.70625 0.028125 0.05
11 0.8453125 0.596875 0.0265625 0.04375
8 0.1453125 0.5765625 0.025 0.04375
3 0.8484375 0.903125 0.0296875 0.0515625
11 0.8453125 0.784375 0.0265625 0.0484375
3 0.6375 0.065625 0.0328125 0.05
3 0.615625 0.284375 0.028125 0.0484375
11 0.9546875 0.715625 0.0296875 0.046875
3 0.3375 0.9109375 0.0265625 0.0546875
3 0.85 0.484375 0.0328125 0.05
3 0.1421875 0.28125 0.028125 0.05
8 0.84375 0.1640625 0.028125 0.046875
3 0.7921875 0.903125 0.025 0.0515625
11 0.5078125 0.7 0.028125 0.046875
3 0.846875 0.053125 0.03125 0.0484375
11 0.953125 0.584375 0.028125 0.046875
13 0.91875 0.478125 0.0265625 0.046875
8 0.903125 0.3484375 0.028125 0.0453125
11 0.5078125 0.775 0.0296875 0.0453125
11 0.509375 0.46875 0.028125 0.0484375
8 0.3875 0.16875 0.0296875 0.046875
11 0.3125 0.075 0.0265625 0.046875
11 0.95625 0.484375 0.028125 0.0484375
3 0.6671875 0.903125 0.0234375 0.0515625
8 0.9015625 0.2875 0.028125 0.0453125
8 0.628125 0.175 0.025 0.0453125
11 0.959375 0.90625 0.0265625 0.0484375
11 0.734375 0.5765625 0.0296875 0.0453125
13 0.14375 0.9078125 0.028125 0.05
14 0.1 0.903125 0.0375 0.078125
11 0.734375 0.778125 0.0296875 0.0453125
11 0.7546875 0.3578125 0.0296875 0.046875
11 0.95625 0.7765625 0.028125 0.04375
11 0.3796875 0.5890625 0.0265625 0.046875
3 0.8484375 0.7125 0.0328125 0.0515625
13 0.91875 0.709375 0.028125 0.05
11 0.6140625 0.3671875 0.0265625 0.046875
11 0.5078125 0.578125 0.028125 0.04375
3 0.6 0.4734375 0.0296875 0.05
3 0.1453125 0.715625 0.0328125 0.0578125
11 0.596875 0.5875 0.0265625 0.046875
3 0.146875 0.48125 0.0328125 0.05625
11 0.38125 0.784375 0.028125 0.0453125
11 0.596875 0.7859375 0.0265625 0.0453125
3 0.2078125 0.0625 0.025 0.0484375
3 0.39375 0.0578125 0.03125 0.046875
3 0.346875 0.275 0.034375 0.053125