0 0.1125 0.971875 0.0359375 0.0484375
3 0.153125 0.45625 0.0328125 0.0546875
0 0.1109375 0.328125 0.0375 0.046875
13 0.703125 0.453125 0.025 0.0515625
0 0.1578125 0.134375 0.034375 0.0453125
0 0.1109375 0.753125 0.0375 0.046875
3 0.49375 0.265625 0.03125 0.053125
13 0.703125 0.68125 0.025 0.0515625
3 0.521875 0.05 0.028125 0.0546875
13 0.421875 0.2453125 0.0265625 0.046875
3 0.8375 0.26875 0.034375 0.0515625
8 0.153125 0.98125 0.028125 0.0375
3 0.271875 0.0375 0.03125 0.0515625
3 0.55 0.271875 0.0359375 0.0484375
3 0.7453125 0.04375 0.0265625 0.0484375
3 0.63125 0.2546875 0.028125 0.0484375
13 0.453125 0.24375 0.025 0.04375
3 0.409375 0.8828125 0.03125 0.0546875
8 0.221875 0.13125 0.025 0.0453125
14 0.153125 0.0375 0.0328125 0.0734375
13 0.1515625 0.88125 0.0265625 0.0484375
8 0.15625 0.321875 0.0265625 0.0453125
3 0.9140625 0.0265625 0.028125 0.053125
3 0.571875 0.05625 0.034375 0.0484375
3 0.284375 0.4421875 0.03125 0.0515625
13 0.490625 0.025 0.025 0.0484375
13 0.6703125 0.68125 0.028125 0.0484375
13 0.246875 0.675 0.028125 0.053125
3 0.8 0.6859375 0.0296875 0.053125
3 0.1546875 0.684375 0.0328125 0.059375
13 0.7375 0.878125 0.0265625 0.0515625
3 0.9125 0.8671875 0.0265625 0.046875
3 0.2875 0.66875 0.03125 0.0515625
14 0.1109375 0.253125 0.0375 0.0765625
13 0.284375 0.8828125 0.025 0.0515625
3 0.865625 0.8796875 0.0328125 0.0515625
13 0.7078125 0.0375 0.034375 0.0515625
0 0.1109375 0.5546875 0.0375 0.046875
13 0.6453125 0.8765625 0.025 0.05
3 0.74375 0.678125 0.0296875 0.05
13 0.7703125 0.8765625 0.0234375 0.046875
3 0.2109375 0.253125 0.03125 0.053125
14 0.1125 0.6765625 0.0390625 0.0765625
8 0.60625 0.978125 0.028125 0.0421875
3 0.3375 0.43125 0.028125 0.046875
13 0.715625 0.253125 0.0328125 0.0515625
3 0.459375 0.871875 0.028125 0.046875
3 0.865625 0.45625 0.03125 0.05
3 0.4078125 0.0265625 0.0328125 0.053125
3 0.3375 0.659375 0.0296875 0.046875
3 0.859375 0.025 0.03125 0.0484375
13 0.45 0.6703125 0.0265625 0.0484375
13 0.246875 0.446875 0.028125 0.053125
13 0.2125 0.678125 0.028125 0.0515625
11 0.5203125 0.6703125 0.028125 0.0484375
3 0.7984375 0.046875 0.0328125 0.046875
11 0.328125 0.04375 0.028125 0.0484375
13 0.6703125 0.453125 0.0265625 0.046875
3 0.765625 0.259375 0.03125 0.0484375
3 0.2203125 0.0375 0.0265625 0.0484375
11 0.9703125 0.6890625 0.0296875 0.0484375
11 0.975 0.0328125 0.028125 0.046875
8 0.915625 0.321875 0.0265625 0.04375
13 0.45 0.4421875 0.0265625 0.0453125
3 0.6765625 0.878125 0.0265625 0.053125
14 0.1125 0.4484375 0.0375 0.075
11 0.85625 0.753125 0.028125 0.046875
3 0.8015625 0.878125 0.0265625 0.053125
11 0.51875 0.44375 0.028125 0.046875
8 0.85625 0.1375 0.0265625 0.046875
11 0.51875 0.746875 0.0296875 0.04375
13 0.4859375 0.6765625 0.025 0.0515625
3 0.865625 0.6828125 0.0328125 0.05
14 0.1125 0.875 0.0375 0.0765625
11 0.2734375 0.2625 0.0296875 0.046875
8 0.3546875 0.33125 0.0265625 0.046875
3 0.225 0.88125 0.0265625 0.0546875
8 0.40625 0.975 0.0296875 0.0484375
8 0.915625 0.259375 0.0265625 0.0453125
11 0.975 0.878125 0.028125 0.05
3 0.1484375 0.253125 0.028125 0.0515625
13 0.4859375 0.44375 0.025 0.05
13 0.93125 0.6796875 0.0265625 0.05
13 0.609375 0.8765625 0.028125 0.0546875
8 0.859375 0.971875 0.028125 0.0484375
8 0.1578125 0.55 0.0265625 0.04375
11 0.515625 0.8828125 0.028125 0.0484375
3 0.39375 0.665625 0.0328125 0.05
3 0.74375 0.4515625 0.028125 0.05
13 0.2125 0.45 0.028125 0.0515625
11 0.96875 0.55625 0.0265625 0.046875
13 0.45625 0.0265625 0.0296875 0.053125
11 0.85625 0.5671875 0.0265625 0.0453125
8 0.4 0.140625 0.028125 0.0453125
11 0.609375 0.7578125 0.0265625 0.0453125
3 0.8 0.459375 0.0296875 0.05
13 0.315625 0.88125 0.0234375 0.046875
13 0.1875 0.88125 0.0234375 0.0484375
8 0.646875 0.1453125 0.0265625 0.04375
3 0.35 0.88125 0.028125 0.053125
8 0.15625 0.75 0.028125 0.04375
11 0.9703125 0.4546875 0.0265625 0.0484375
11 0.51875 0.55 0.028125 0.04375
11 0.9703125 0.746875 0.028125 0.04375
3 0.6484375 0.0421875 0.0328125 0.0484375
3 0.6125 0.446875 0.0296875 0.0484375
13 0.93125 0.4515625 0.0265625 0.0484375
3 0.39375 0.4375 0.03125 0.0515625
3 0.609375 0.675 0.0296875 0.05
11 0.625 0.340625 0.0265625 0.0453125
3 0.3609375 0.24375 0.0328125 0.05
11 0.3921875 0.7578125 0.028125 0.0453125
11 0.7421875 0.55 0.0296875 0.04375
11 0.765625 0.3296875 0.028125 0.046875
11 0.3921875 0.5609375 0.028125 0.0453125
11 0.7421875 0.746875 0.0296875 0.04375
11 0.60625 0.5609375 0.0265625 0.046875