0 0.0390625 0.0203125 0.034375 0.040625
13 0.128125 0.5625 0.025 0.0515625
3 0.796875 0.7546875 0.0296875 0.046875
13 0.128125 0.334375 0.025 0.05
3 0.628125 0.565625 0.03125 0.05
13 0.3390625 0.1328125 0.0265625 0.0453125
13 0.615625 0.765625 0.028125 0.053125
13 0.196875 0.9703125 0.0234375 0.046875
3 0.378125 0.153125 0.0296875 0.053125
3 0.34375 0.759375 0.028125 0.0484375
13 0.1 0.5671875 0.028125 0.0515625
3 0.1078125 0.97421875 0.028125 0.0515625
13 0.5984375 0.140625 0.0359375 0.0515625
3 0.096875 0.140625 0.034375 0.053125
8 0.8015625 0.9734375 0.0265625 0.04375
13 0.040625 0.971875 0.0265625 0.0515625
11 0.85 0.5734375 0.0296875 0.046875
13 0.071875 0.9703125 0.0234375 0.0453125
13 0.1625 0.975 0.025 0.05
3 0.221875 0.546875 0.028125 0.0453125
3 0.63125 0.340625 0.028125 0.0484375
3 0.721875 0.15625 0.0359375 0.0515625
8 0.8 0.209375 0.0265625 0.0453125
13 0.81875 0.565625 0.0265625 0.05
3 0.5625 0.7609375 0.028125 0.053125
3 0.75 0.765625 0.0328125 0.05625
13 0.5265625 0.7625 0.025 0.046875
13 0.3 0.1328125 0.0296875 0.05
13 0.1 0.3390625 0.028125 0.053125
13 0.5875 0.56875 0.025 0.0515625
13 0.49375 0.7609375 0.0265625 0.0515625
3 0.109375 0.7703125 0.028125 0.0515625
3 0.684375 0.575 0.03125 0.0515625
13 0.6546875 0.7625 0.025 0.046875
13 0.553125 0.5671875 0.0265625 0.05
3 0.16875 0.5578125 0.028125 0.0515625
3 0.284375 0.553125 0.0296875 0.05
11 0.628125 0.4375 0.028125 0.0453125
8 0.1078125 0.01875 0.028125 0.0375
13 0.5875 0.340625 0.0265625 0.053125
8 0.034375 0.8734375 0.0265625 0.0453125
3 0.434375 0.159375 0.0359375 0.0484375
13 0.196875 0.7671875 0.025 0.046875
8 0.2875 0.8578125 0.028125 0.05
3 0.671875 0.9625 0.0359375 0.0484375
11 0.740625 0.45625 0.0265625 0.0453125
11 0.85625 0.765625 0.0296875 0.0484375
3 0.16875 0.3296875 0.0296875 0.05
8 0.746875 0.8578125 0.028125 0.046875
3 0.2328125 0.7703125 0.028125 0.0515625
13 0.334375 0.33125 0.028125 0.046875
13 0.759375 0.971875 0.028125 0.046875
13 0.371875 0.559375 0.025 0.0515625
3 0.0375 0.14375 0.0296875 0.0515625
13 0.36875 0.33125 0.025 0.05
3 0.4984375 0.5625 0.0296875 0.0515625
3 0.684375 0.3484375 0.0296875 0.0484375
3 0.296875 0.7703125 0.03125 0.053125
3 0.2328125 0.9734375 0.0265625 0.0515625
11 0.159375 0.15 0.0296875 0.0453125
11 0.403125 0.559375 0.0265625 0.046875
13 0.334375 0.559375 0.0296875 0.05
11 0.628125 0.634375 0.028125 0.04375
3 0.221875 0.31875 0.0265625 0.04375
11 0.5125 0.228125 0.0265625 0.0453125
8 0.2390625 0.221875 0.0296875 0.0484375
3 0.6875 0.7609375 0.0265625 0.053125
13 0.5546875 0.3390625 0.028125 0.05
8 0.740625 0.021875 0.028125 0.04375
8 0.2859375 0.025 0.0296875 0.0484375
8 0.0390625 0.6375 0.0265625 0.04375
11 0.8515625 0.6375 0.028125 0.04375
11 0.403125 0.33125 0.0265625 0.046875
11 0.403125 0.7703125 0.028125 0.046875
13 0.1625 0.7703125 0.028125 0.0515625
11 0.6515625 0.2171875 0.028125 0.046875
13 0.815625 0.3390625 0.0265625 0.046875
3 0.6515625 0.146875 0.03125 0.05
8 0.5296875 0.034375 0.0265625 0.0453125
11 0.740625 0.640625 0.028125 0.046875
8 0.8015625 0.15 0.0296875 0.046875
11 0.278125 0.6453125 0.0265625 0.04375
13 0.071875 0.76875 0.0234375 0.046875
3 0.5140625 0.1453125 0.034375 0.05
11 0.403125 0.6375 0.028125 0.04375
3 0.75 0.56875 0.0359375 0.0515625
3 0.496875 0.334375 0.028125 0.0484375
3 0.04375 0.571875 0.0328125 0.0578125
8 0.490625 0.86875 0.028125 0.0453125
11 0.85 0.34375 0.0265625 0.05
11 0.490625 0.446875 0.028125 0.0453125
8 0.0421875 0.4375 0.0265625 0.04375
3 0.2828125 0.3265625 0.028125 0.046875
13 0.0390625 0.76875 0.03125 0.0484375
11 0.403125 0.4375 0.028125 0.04375
3 0.75 0.3421875 0.034375 0.0515625
3 0.040625 0.34375 0.0328125 0.0546875
11 0.8484375 0.44375 0.0265625 0.0453125
11 0.2765625 0.45 0.028125 0.0453125
11 0.490625 0.646875 0.0265625 0.04375
3 0.24375 0.1328125 0.034375 0.0515625
8 0.0375 0.209375 0.028125 0.04375