0 0.165625 0.2234375 0.0328125 0.0421875
13 0.4984375 0.1171875 0.0234375 0.04375
13 0.4625 0.3328125 0.0265625 0.046875
3 0.925 0.95625 0.028125 0.0453125
3 0.23125 0.9734375 0.028125 0.053125
3 0.871875 0.971875 0.0296875 0.0515625
3 0.290625 0.7625 0.028125 0.05
3 0.3546875 0.9734375 0.028125 0.053125
0 0.11875 0.84375 0.0359375 0.0453125
13 0.7125 0.128125 0.03125 0.0515625
3 0.53125 0.140625 0.028125 0.053125
13 0.653125 0.9671875 0.025 0.05
3 0.290625 0.53125 0.028125 0.05
3 0.228125 0.128125 0.028125 0.0515625
3 0.465625 0.959375 0.028125 0.0484375
13 0.221875 0.76875 0.0296875 0.053125
3 0.5 0.35625 0.03125 0.0546875
13 0.221875 0.54375 0.028125 0.0515625
3 0.809375 0.96875 0.028125 0.0546875
13 0.2515625 0.7671875 0.025 0.0515625
3 0.684375 0.96875 0.0265625 0.053125
0 0.11875 0.415625 0.0359375 0.0453125
13 0.25 0.540625 0.0265625 0.0515625
3 0.80625 0.78125 0.0296875 0.05
3 0.75 0.54375 0.028125 0.05
13 0.778125 0.9671875 0.0234375 0.05
3 0.80625 0.134375 0.03125 0.0484375
3 0.75 0.7703125 0.0296875 0.05
3 0.3453125 0.7515625 0.0296875 0.046875
3 0.746875 0.96875 0.0265625 0.0546875
3 0.578125 0.1453125 0.0328125 0.0484375
3 0.3453125 0.5234375 0.0296875 0.0453125
3 0.55625 0.3625 0.0359375 0.05
3 0.65625 0.13125 0.028125 0.05
8 0.228125 0.21875 0.025 0.04375
8 0.925 0.353125 0.0296875 0.046875
3 0.753125 0.13125 0.028125 0.05
13 0.715625 0.771875 0.0265625 0.0546875
3 0.4171875 0.971875 0.03125 0.0546875
3 0.21875 0.34375 0.034375 0.053125
13 0.45625 0.7625 0.028125 0.0484375
3 0.871875 0.1171875 0.0296875 0.0484375
13 0.159375 0.9734375 0.0296875 0.053125
3 0.80625 0.5515625 0.0296875 0.05
14 0.165625 0.1296875 0.0359375 0.0765625
3 0.2828125 0.1296875 0.0296875 0.0515625
0 0.11875 0.646875 0.0359375 0.046875
3 0.1625 0.7765625 0.0328125 0.0578125
13 0.6140625 0.96875 0.0265625 0.05625
3 0.2875 0.9734375 0.028125 0.053125
13 0.4265625 0.3359375 0.03125 0.05
13 0.4625 0.1203125 0.0265625 0.046875
11 0.978125 0.778125 0.0296875 0.046875
11 0.9765625 0.6453125 0.028125 0.046875
14 0.11875 0.3484375 0.0359375 0.075
3 0.84375 0.359375 0.0359375 0.0515625
13 0.490625 0.765625 0.0234375 0.05
14 0.1203125 0.76875 0.0359375 0.0765625
3 0.775 0.35 0.03125 0.046875
3 0.1625 0.546875 0.0359375 0.05625
8 0.165625 0.8375 0.0265625 0.0453125
13 0.721875 0.3453125 0.0359375 0.0515625
13 0.715625 0.546875 0.0265625 0.0515625
13 0.9390625 0.54375 0.0265625 0.046875
11 0.53125 0.7625 0.0265625 0.0453125
11 0.978125 0.8375 0.0265625 0.04375
8 0.1625 0.4125 0.028125 0.0453125
3 0.15625 0.346875 0.0296875 0.05
11 0.753125 0.8375 0.028125 0.0453125
11 0.3359375 0.1359375 0.028125 0.046875
13 0.45625 0.534375 0.0265625 0.046875
8 0.1640625 0.640625 0.0265625 0.04375
11 0.28125 0.353125 0.028125 0.046875
3 0.40625 0.759375 0.0296875 0.05
11 0.528125 0.975 0.028125 0.05
8 0.4125 0.23125 0.028125 0.04375
3 0.925 0.1203125 0.028125 0.0484375
11 0.5296875 0.8375 0.0265625 0.0453125
3 0.415625 0.1203125 0.03125 0.05
14 0.11875 0.96484375 0.0375 0.0703125
11 0.53125 0.534375 0.0265625 0.046875
3 0.40625 0.53125 0.028125 0.0484375
13 0.675 0.771875 0.0265625 0.0484375
13 0.490625 0.5375 0.025 0.0515625
3 0.365625 0.3359375 0.034375 0.0515625
13 0.3234375 0.971875 0.0234375 0.0484375
11 0.775 0.41875 0.0296875 0.046875
8 0.365625 0.4234375 0.0296875 0.046875
13 0.675 0.54375 0.0265625 0.0484375
11 0.634375 0.4328125 0.025 0.0453125
8 0.86875 0.2265625 0.0296875 0.0484375
13 0.19375 0.971875 0.0234375 0.0484375
8 0.925 0.4125 0.028125 0.0453125
11 0.8671875 0.6609375 0.0265625 0.04375
3 0.6203125 0.534375 0.028125 0.05
11 0.5265625 0.6390625 0.028125 0.04375
13 0.9390625 0.771875 0.025 0.046875
11 0.98125 0.971875 0.028125 0.05
3 0.6203125 0.765625 0.0296875 0.05
11 0.75 0.640625 0.0296875 0.04375
11 0.98125 0.128125 0.0265625 0.0453125
14 0.11875 0.540625 0.0375 0.075
11 0.978125 0.546875 0.0265625 0.046875
11 0.4 0.85 0.028125 0.046875
8 0.653125 0.2375 0.0265625 0.0453125
11 0.615625 0.65 0.0265625 0.0453125
11 0.8671875 0.8453125 0.028125 0.046875
3 0.875 0.546875 0.0359375 0.0515625
11 0.4 0.653125 0.0265625 0.046875
3 0.6375 0.346875 0.0359375 0.05
3 0.8734375 0.775 0.034375 0.0515625
11 0.6125 0.8515625 0.0265625 0.0453125