0 0.015625 0.775 0.03125 0.046875
0 0.015625 0.575 0.03125 0.046875
0 0.015625 0.3484375 0.03125 0.04375
3 0.0578125 0.478125 0.0359375 0.05625
3 0.175 0.0609375 0.03125 0.0515625
3 0.428125 0.0703125 0.028125 0.0515625
0 0.059375 0.159375 0.0328125 0.0453125
3 0.0609375 0.709375 0.034375 0.0578125
3 0.653125 0.065625 0.028125 0.05
3 0.3953125 0.284375 0.0296875 0.053125
3 0.453125 0.29375 0.034375 0.05
13 0.053125 0.903125 0.028125 0.05
3 0.1875 0.4640625 0.028125 0.05
13 0.3890625 0.696875 0.025 0.0515625
13 0.60625 0.703125 0.0265625 0.0515625
3 0.3125 0.903125 0.03125 0.05625
13 0.325 0.2671875 0.0296875 0.0484375
3 0.55 0.0625 0.0328125 0.0515625
3 0.309375 0.05 0.03125 0.0484375
8 0.125 0.153125 0.0265625 0.04375
13 0.153125 0.7 0.0265625 0.05
3 0.2390625 0.68125 0.028125 0.046875
3 0.0515625 0.275 0.028125 0.0515625
13 0.1859375 0.90625 0.0265625 0.0546875
3 0.65 0.703125 0.0296875 0.05
3 0.1875 0.6921875 0.0296875 0.05
13 0.153125 0.471875 0.0265625 0.05
14 0.015625 0.46953125 0.03125 0.0796875
3 0.1125 0.278125 0.0359375 0.053125
3 0.3625 0.89375 0.025 0.046875
3 0.740625 0.290625 0.0328125 0.053125
13 0.6046875 0.475 0.0265625 0.0515625
11 0.425 0.4671875 0.028125 0.0453125
3 0.7671875 0.9 0.03125 0.053125
3 0.815625 0.890625 0.028125 0.0453125
14 0.015625 0.278125 0.03125 0.078125
13 0.35625 0.2671875 0.025 0.0453125
14 0.059375 0.0625 0.0359375 0.0796875
13 0.3625 0.053125 0.028125 0.05
13 0.3890625 0.4703125 0.025 0.05
3 0.765625 0.05 0.03125 0.046875
3 0.2390625 0.453125 0.028125 0.0453125
11 0.871875 0.7125 0.03125 0.046875
3 0.534375 0.284375 0.028125 0.05
3 0.5796875 0.9 0.0265625 0.053125
13 0.5125 0.9 0.0265625 0.053125
13 0.39375 0.05 0.025 0.0453125
3 0.7046875 0.06875 0.03125 0.046875
3 0.65 0.4734375 0.028125 0.05
13 0.115625 0.4765625 0.028125 0.0515625
3 0.66875 0.28125 0.0296875 0.0484375
11 0.175 0.2859375 0.028125 0.046875
13 0.546875 0.896875 0.025 0.0484375
3 0.475 0.078125 0.0328125 0.05
13 0.640625 0.9 0.0265625 0.0515625
3 0.121875 0.0609375 0.0265625 0.0484375
3 0.2609375 0.265625 0.034375 0.05
3 0.70625 0.7125 0.03125 0.0515625
3 0.703125 0.9 0.0265625 0.053125
3 0.296875 0.6875 0.03125 0.05
13 0.571875 0.4765625 0.0265625 0.046875
11 0.425 0.6953125 0.028125 0.046875
8 0.821875 0.34375 0.0265625 0.0453125
3 0.8171875 0.05 0.0296875 0.05
13 0.575 0.7015625 0.0296875 0.0484375
3 0.1265625 0.903125 0.028125 0.0546875
11 0.23125 0.06875 0.028125 0.0453125
8 0.7625 0.159375 0.028125 0.046875
8 0.8203125 0.284375 0.028125 0.0453125
11 0.878125 0.0578125 0.0296875 0.046875
14 0.0171875 0.703125 0.034375 0.0796875
3 0.76875 0.7046875 0.034375 0.0515625
14 0.015625 0.89609375 0.03125 0.0796875
3 0.7 0.48125 0.028125 0.05
8 0.0578125 0.34375 0.028125 0.0453125
13 0.35 0.465625 0.0265625 0.0453125
13 0.615625 0.275 0.034375 0.053125
13 0.21875 0.903125 0.025 0.046875
13 0.834375 0.703125 0.028125 0.046875
8 0.303125 0.1625 0.028125 0.046875
11 0.425 0.571875 0.028125 0.04375
3 0.25 0.903125 0.025 0.0515625
13 0.115625 0.7015625 0.028125 0.05
11 0.425 0.771875 0.028125 0.04375
11 0.7625 0.778125 0.0265625 0.046875
8 0.546875 0.1703125 0.0265625 0.04375
11 0.878125 0.903125 0.028125 0.05
3 0.76875 0.4765625 0.034375 0.053125
11 0.871875 0.578125 0.028125 0.046875
13 0.35 0.69375 0.0265625 0.0484375
8 0.059375 0.771875 0.028125 0.04375
11 0.425 0.90625 0.028125 0.05
13 0.09375 0.903125 0.0234375 0.046875
8 0.05625 0.571875 0.0265625 0.0453125
11 0.7625 0.590625 0.0265625 0.0453125
8 0.25625 0.3546875 0.028125 0.0453125
13 0.609375 0.059375 0.0359375 0.0515625
11 0.871875 0.48125 0.028125 0.05
11 0.8734375 0.771875 0.028125 0.04375
13 0.834375 0.4734375 0.0265625 0.05
13 0.671875 0.896875 0.0234375 0.046875
3 0.296875 0.4609375 0.03125 0.0484375
11 0.53125 0.365625 0.025 0.0453125
3 0.5203125 0.46875 0.028125 0.0484375
11 0.5125 0.784375 0.0265625 0.0453125
11 0.29375 0.5828125 0.028125 0.0453125
11 0.6484375 0.771875 0.028125 0.04375
11 0.66875 0.3515625 0.0296875 0.05
11 0.6484375 0.571875 0.028125 0.04375
11 0.2953125 0.784375 0.028125 0.046875
3 0.5203125 0.696875 0.0296875 0.0484375
11 0.5125 0.5828125 0.0265625 0.0453125