13 0.378125 0.359375 0.025 0.0515625
3 0.228125 0.571875 0.0265625 0.04375
3 0.3796875 0.175 0.0296875 0.053125
13 0.171875 0.7953125 0.028125 0.0515625
3 0.634375 0.59375 0.028125 0.0484375
3 0.175 0.3546875 0.028125 0.05
3 0.690625 0.603125 0.03125 0.05
3 0.1 0.16875 0.034375 0.0515625
8 0.1125 0.04375 0.0265625 0.0453125
3 0.175 0.5828125 0.028125 0.05
3 0.634375 0.3671875 0.028125 0.05
3 0.728125 0.18125 0.0359375 0.053125
13 0.1375 0.3625 0.0265625 0.05
0 0.046875 0.046875 0.0328125 0.04375
13 0.3453125 0.15625 0.025 0.0453125
13 0.378125 0.5890625 0.025 0.0515625
11 0.4125 0.6625 0.028125 0.046875
3 0.35 0.784375 0.025 0.046875
8 0.0453125 0.6640625 0.028125 0.0453125
13 0.309375 0.1625 0.03125 0.05
3 0.440625 0.184375 0.034375 0.05
3 0.65625 0.16875 0.0296875 0.0484375
8 0.0484375 0.465625 0.025 0.04375
11 0.4140625 0.5875 0.0265625 0.04375
8 0.75 0.88125 0.0296875 0.05
3 0.103125 0.3671875 0.028125 0.0515625
3 0.690625 0.371875 0.0296875 0.05
3 0.803125 0.78125 0.028125 0.046875
13 0.596875 0.36875 0.025 0.053125
13 0.559375 0.5921875 0.028125 0.05
13 0.5 0.790625 0.0265625 0.0546875
3 0.228125 0.34375 0.028125 0.0453125
13 0.821875 0.59375 0.0265625 0.05
11 0.746875 0.48125 0.0265625 0.046875
13 0.59375 0.59375 0.028125 0.053125
8 0.5375 0.0625 0.0265625 0.0453125
8 0.04375 0.234375 0.028125 0.0453125
11 0.6328125 0.6625 0.028125 0.0453125
13 0.5609375 0.3671875 0.0265625 0.046875
11 0.865625 0.79375 0.028125 0.05
11 0.4125 0.4625 0.028125 0.0453125
13 0.6 0.165625 0.0359375 0.0515625
11 0.4125 0.359375 0.0265625 0.046875
13 0.08125 0.79375 0.0234375 0.0484375
13 0.103125 0.59375 0.028125 0.05
13 0.1359375 0.5875 0.0265625 0.0515625
11 0.746875 0.6703125 0.028125 0.0484375
3 0.3015625 0.79375 0.03125 0.0546875
3 0.7515625 0.790625 0.03125 0.053125
3 0.04375 0.1671875 0.028125 0.0515625
8 0.809375 0.175 0.028125 0.04375
8 0.746875 0.05 0.028125 0.0484375
11 0.85625 0.6 0.03125 0.0484375
3 0.50625 0.5859375 0.028125 0.053125
3 0.290625 0.578125 0.0296875 0.046875
3 0.5203125 0.1703125 0.0328125 0.05
13 0.340625 0.5828125 0.0265625 0.046875
3 0.25 0.1609375 0.034375 0.0484375
13 0.534375 0.7875 0.025 0.0484375
8 0.296875 0.05 0.0296875 0.046875
8 0.2984375 0.8859375 0.028125 0.0484375
13 0.340625 0.35625 0.0265625 0.046875
8 0.809375 0.234375 0.028125 0.04375
11 0.8578125 0.6625 0.0265625 0.04375
3 0.0484375 0.36875 0.0328125 0.0546875
11 0.4078125 0.796875 0.0296875 0.0484375
11 0.1625 0.175 0.0296875 0.0484375
13 0.625 0.790625 0.0265625 0.0546875
13 0.20625 0.79375 0.0234375 0.046875
3 0.115625 0.79375 0.028125 0.0515625
11 0.859375 0.371875 0.0265625 0.0484375
8 0.040625 0.9 0.0265625 0.0453125
11 0.284375 0.6734375 0.028125 0.046875
3 0.240625 0.79375 0.0265625 0.0515625
3 0.0484375 0.596875 0.0359375 0.059375
13 0.6609375 0.7875 0.0234375 0.046875
11 0.2828125 0.4734375 0.028125 0.046875
3 0.50625 0.359375 0.028125 0.0515625
8 0.246875 0.246875 0.0296875 0.0484375
3 0.56875 0.790625 0.0265625 0.053125
8 0.496875 0.8921875 0.028125 0.0453125
3 0.290625 0.3515625 0.0296875 0.0484375
11 0.65625 0.240625 0.028125 0.046875
11 0.515625 0.253125 0.0265625 0.0453125
13 0.821875 0.36875 0.028125 0.046875
11 0.5 0.4734375 0.028125 0.046875
3 0.75625 0.59375 0.0328125 0.0515625
3 0.75625 0.3671875 0.0328125 0.0515625
3 0.69375 0.790625 0.028125 0.0546875
11 0.85625 0.46875 0.0265625 0.046875
13 0.046875 0.79375 0.028125 0.0515625
11 0.5 0.675 0.028125 0.0453125
11 0.6328125 0.4625 0.028125 0.0453125