11 0.8 0.309375 0.0390625 0.0671875
3 0.0203125 0.340625 0.040625 0.0703125
11 0.6140625 0.55625 0.0390625 0.0671875
11 0.2625 0.559375 0.040625 0.0671875
11 0.2625 0.31875 0.040625 0.0703125
3 0.1953125 0.565625 0.0484375 0.0703125
3 0.55 0.05625 0.046875 0.0671875
3 0.7234375 0.3125 0.046875 0.06875
3 0.196875 0.309375 0.0484375 0.06875
3 0.365625 0.065625 0.0484375 0.071875
11 0.615625 0.0625 0.040625 0.0703125
3 0.5515625 0.55625 0.046875 0.0671875
11 0.446875 0.3109375 0.0390625 0.06875
11 0.090625 0.309375 0.0390625 0.0671875
11 0.9671875 0.571875 0.040625 0.0703125
11 0.2625 0.0625 0.040625 0.0703125
3 0.01875 0.075 0.0375 0.075
11 0.446875 0.059375 0.0390625 0.0671875
3 0.359375 0.58125 0.0390625 0.0734375
11 0.090625 0.571875 0.040625 0.0703125
11 0.965625 0.334375 0.0375 0.0671875
3 0.721875 0.565625 0.046875 0.0703125
11 0.9671875 0.0625 0.040625 0.0703125
11 0.8 0.5828125 0.04375 0.0703125
3 0.9 0.33125 0.0421875 0.0734375
11 0.440625 0.578125 0.0375 0.0671875
11 0.7984375 0.084375 0.0453125 0.071875
3 0.36875 0.3046875 0.046875 0.0671875
11 0.615625 0.3140625 0.040625 0.06875
3 0.7203125 0.075 0.046875 0.071875
3 0.1953125 0.0671875 0.0484375 0.0703125
11 0.090625 0.071875 0.040625 0.0734375
3 0.9046875 0.565625 0.046875 0.0703125
3 0.553125 0.325 0.0453125 0.06875
11 0.0234375 0.834375 0.0453125 0.0640625
4 0.2 0.815625 0.0328125 0.0421875
3 0.01875 0.56796875 0.0375 0.0703125
3 0.903125 0.0578125 0.0484375 0.06875