3 0.7 0.353125 0.0484375 0.0671875
3 0.696875 0.8515625 0.0484375 0.0671875
3 0.3421875 0.1125 0.0484375 0.0703125
3 0.34375 0.6 0.0484375 0.0671875
3 0.5125 0.6 0.05 0.0671875
11 0.403125 0.10625 0.0421875 0.0703125
11 0.94375 0.875 0.0421875 0.0703125
3 0.696875 0.1015625 0.0484375 0.0671875
11 0.065625 0.3578125 0.040625 0.065625
3 0.34375 0.359375 0.046875 0.071875
11 0.065625 0.85625 0.040625 0.065625
3 0.1640625 0.371875 0.0484375 0.0703125
11 0.759375 0.359375 0.0421875 0.0703125
11 0.234375 0.11875 0.0421875 0.071875
11 0.759375 0.85 0.040625 0.0671875
3 0.3421875 0.8625 0.0484375 0.071875
3 0.515625 0.35625 0.05 0.0734375
11 0.9453125 0.3765625 0.0421875 0.0703125
3 0.1640625 0.8625 0.05 0.06875
3 0.1640625 0.11875 0.05 0.071875
3 0.5140625 0.109375 0.05 0.071875
11 0.7625 0.60625 0.04375 0.0703125
11 0.4046875 0.35625 0.040625 0.0703125
11 0.234375 0.86875 0.040625 0.0671875
11 0.759375 0.1078125 0.04375 0.0703125
11 0.40625 0.609375 0.0421875 0.0703125
11 0.2375 0.6 0.0390625 0.065625
11 0.9453125 0.125 0.04375 0.0703125
3 0.86875 0.8609375 0.0484375 0.0703125
3 0.7 0.615625 0.046875 0.071875
11 0.946875 0.6015625 0.0390625 0.0671875
11 0.5875 0.1015625 0.040625 0.0671875
11 0.234375 0.3703125 0.0421875 0.0703125
3 0.1625 0.6328125 0.0484375 0.06875
3 0.8640625 0.3703125 0.046875 0.0734375
11 0.590625 0.353125 0.0390625 0.0671875
11 0.40625 0.853125 0.0421875 0.06875
3 0.50625 0.875 0.040625 0.0703125
3 0.86875 0.6078125 0.046875 0.0703125
11 0.0625 0.6328125 0.0453125 0.0640625
3 0.8625 0.11875 0.0453125 0.0703125
11 0.584375 0.871875 0.0375 0.0671875
11 0.59375 0.60625 0.040625 0.0703125
4 0.096875 0.1125 0.0328125 0.0453125