3 0.040625 0.146875 0.0421875 0.0625
11 0.1171875 0.125 0.04375 0.053125
3 0.228125 0.15 0.0390625 0.0609375
11 0.321875 0.146875 0.03125 0.05625
3 0.4484375 0.1296875 0.0546875 0.0578125
11 0.50625 0.1484375 0.0421875 0.05
3 0.621875 0.153125 0.0328125 0.0609375
11 0.728125 0.1453125 0.03125 0.0609375
3 0.8484375 0.1375 0.040625 0.059375
11 0.9171875 0.1390625 0.0328125 0.053125
11 0.084375 0.46875 0.0390625 0.05
11 0.3125 0.453125 0.046875 0.0625
3 0.43125 0.465625 0.0453125 0.065625
11 0.503125 0.465625 0.0421875 0.059375
11 0.7265625 0.459375 0.040625 0.065625
3 0.85 0.446875 0.05625 0.065625
11 0.91875 0.4484375 0.046875 0.0578125
3 0.2 0.45625 0.040625 0.0640625
3 0.634375 0.44375 0.0625 0.065625
10 0.0921875 0.59375 0.0515625 0.0609375
10 0.321875 0.578125 0.059375 0.0640625
10 0.50625 0.5734375 0.0578125 0.0671875
10 0.728125 0.575 0.0453125 0.065625
10 0.921875 0.571875 0.05 0.065625
10 0.121875 0.2625 0.065625 0.0609375
10 0.3328125 0.28125 0.05 0.0625
10 0.51875 0.28125 0.05 0.0609375
10 0.7359375 0.265625 0.0625 0.0609375
10 0.925 0.2734375 0.0578125 0.0609375