3 0.646875 0.1625 0.046875 0.065625
3 0.459375 0.4125 0.0484375 0.065625
3 0.290625 0.4125 0.046875 0.065625
11 0.01875 0.43984375 0.0375 0.0671875
11 0.3546875 0.4234375 0.0390625 0.06875
11 0.0171875 0.665625 0.034375 0.0703125
11 0.1828125 0.68125 0.040625 0.0703125
11 0.89375 0.6875 0.040625 0.0703125
11 0.184375 0.4125 0.0390625 0.065625
11 0.709375 0.41875 0.0421875 0.0703125
3 0.815625 0.1796875 0.046875 0.0703125
3 0.646875 0.6609375 0.046875 0.065625
3 0.290625 0.175 0.046875 0.0703125
3 0.459375 0.1671875 0.05 0.0703125
11 0.353125 0.1671875 0.040625 0.0703125
3 0.1125 0.44375 0.053125 0.06875
3 0.290625 0.671875 0.0484375 0.0703125
11 0.015625 0.1671875 0.03125 0.06875
3 0.6484375 0.4296875 0.046875 0.0703125
11 0.540625 0.1625 0.0390625 0.065625
3 0.815625 0.41875 0.0484375 0.06875
3 0.1125 0.1796875 0.05 0.0703125
11 0.709375 0.6609375 0.040625 0.0671875
3 0.815625 0.671875 0.046875 0.0703125
3 0.1125 0.6703125 0.05 0.0703125
11 0.89375 0.409375 0.0390625 0.065625
11 0.1828125 0.178125 0.040625 0.0703125
11 0.5421875 0.41875 0.0390625 0.0703125
11 0.709375 0.16875 0.040625 0.06875
11 0.353125 0.665625 0.040625 0.06875
11 0.89375 0.184375 0.0421875 0.06875
11 0.5359375 0.684375 0.0359375 0.0671875
3 0.453125 0.684375 0.0390625 0.0703125
4 0.2921875 0.921875 0.0359375 0.04375
11 0.11875 0.94375 0.0484375 0.0671875