10 0.575 0.546875 0.0515625 0.0546875
10 0.765625 0.5484375 0.059375 0.0515625
10 0.1890625 0.55 0.0703125 0.0546875
10 0.3484375 0.55 0.0609375 0.0625
10 0.196875 0.875 0.0609375 0.0609375
10 0.1953125 0.728125 0.0546875 0.0625
10 0.346875 0.8640625 0.053125 0.0609375
10 0.596875 0.853125 0.0578125 0.0609375
10 0.7796875 0.85 0.05625 0.071875
10 0.90625 0.209375 0.05 0.0703125
10 0.65625 0.2296875 0.0640625 0.0578125
10 0.440625 0.2296875 0.05625 0.05
14 0.19375 0.078125 0.0625 0.09375
14 0.109375 0.3953125 0.0640625 0.1
14 0.103125 0.7125 0.059375 0.096875
0 0.109375 0.84375 0.0609375 0.05625
0 0.1109375 0.5265625 0.0625 0.0609375
0 0.19375 0.209375 0.065625 0.05625
11 0.4375 0.078125 0.04375 0.065625
3 0.571875 0.0703125 0.05625 0.06875
11 0.65 0.0984375 0.0484375 0.05
11 0.896875 0.09375 0.0421875 0.0578125
11 0.571875 0.4015625 0.0390625 0.0609375
11 0.3359375 0.415625 0.040625 0.046875
11 0.759375 0.4171875 0.0453125 0.0546875
11 0.3453125 0.728125 0.0453125 0.05625
11 0.584375 0.728125 0.0453125 0.0546875
3 0.70625 0.734375 0.04375 0.0640625
11 0.778125 0.7125 0.040625 0.0625
3 0.475 0.396875 0.059375 0.059375
3 0.69375 0.390625 0.0546875 0.0640625
3 0.878125 0.41875 0.0375 0.05625
3 0.3078125 0.078125 0.05 0.0640625
3 0.778125 0.1015625 0.0421875 0.0640625
3 0.4765625 0.73125 0.0609375 0.0671875
3 0.890625 0.734375 0.04375 0.0640625
4 0.2984375 0.2140625 0.0390625 0.040625
10 0.1875 0.4171875 0.053125 0.05625
11 0.98046875 0.41171875 0.0390625 0.0640625
11 0.9796875 0.534375 0.040625 0.05625
11 0.9828125 0.7375 0.034375 0.0578125
11 0.984375 0.8671875 0.03125 0.05625
11 0.99921875 0.41171875 0.0015625 0.0640625