14 0.078125 0.4625 0.05625 0.1078125
14 0.0796875 0.215625 0.0546875 0.1078125
3 0.5375 0.2140625 0.05 0.0703125
3 0.35625 0.215625 0.046875 0.06875
3 0.8875 0.2046875 0.0484375 0.0640625
11 0.43125 0.2203125 0.0390625 0.071875
10 0.15 0.4796875 0.0546875 0.06875
11 0.953125 0.203125 0.040625 0.065625
11 0.6 0.209375 0.04375 0.06875
11 0.259375 0.209375 0.040625 0.065625
3 0.7 0.2265625 0.040625 0.0734375
11 0.3625 0.4828125 0.0453125 0.065625
11 0.78125 0.2265625 0.0390625 0.0671875
7 0.146875 0.2046875 0.0484375 0.0671875
4 0.540625 0.465625 0.0328125 0.0421875