11 0.9046875 0.3125 0.040625 0.0703125
11 0.9 0.0765625 0.0390625 0.0671875
3 0.303125 0.046875 0.0484375 0.0671875
3 0.134375 0.046875 0.0515625 0.0671875
11 0.55 0.29375 0.0421875 0.0703125
11 0.028125 0.046875 0.0390625 0.0671875
11 0.7328125 0.3203125 0.0421875 0.0703125
3 0.8375 0.06875 0.0421875 0.0734375
11 0.196875 0.05625 0.04375 0.071875
3 0.659375 0.053125 0.0484375 0.06875
3 0.4875 0.065625 0.0484375 0.071875
3 0.65625 0.3109375 0.05 0.071875
11 0.553125 0.05 0.0421875 0.071875
3 0.4875 0.29375 0.05 0.0703125
11 0.19375 0.3015625 0.04375 0.071875
3 0.13125 0.309375 0.05 0.0703125
11 0.384375 0.053125 0.040625 0.06875
11 0.734375 0.046875 0.0390625 0.0671875
3 0.8390625 0.30625 0.05 0.0734375
11 0.378125 0.31875 0.0421875 0.0703125
3 0.2953125 0.3203125 0.0390625 0.075
11 0.025 0.309375 0.0453125 0.071875
4 0.134375 0.55625 0.0359375 0.04375