10 0.20625 0.0265625 0.0546875 0.053125
10 0.359375 0.0234375 0.0609375 0.046875
10 0.59375 0.025 0.06875 0.05
10 0.78125 0.025 0.0578125 0.0484375
10 0.609375 0.321875 0.0546875 0.0640625
10 0.796875 0.321875 0.0578125 0.05625
10 0.36875 0.340625 0.0546875 0.0546875
10 0.209375 0.34375 0.0484375 0.053125
10 0.209375 0.525 0.05625 0.05625
10 0.20625 0.6375 0.05625 0.071875
10 0.3578125 0.634375 0.0546875 0.0609375
10 0.5796875 0.65 0.0453125 0.05625
10 0.771875 0.6515625 0.0640625 0.05
10 0.2109375 0.83125 0.0578125 0.0640625
10 0.2109375 0.965625 0.0578125 0.053125
14 0.13125 0.1875 0.065625 0.103125
14 0.125 0.50625 0.06875 0.1046875
14 0.128125 0.8171875 0.0578125 0.0953125
0 0.125 0.315625 0.053125 0.0546875
0 0.125 0.63125 0.0640625 0.05625
0 0.128125 0.94375 0.0625 0.05625
10 0.2125 0.1984375 0.071875 0.06875
11 0.365625 0.2015625 0.059375 0.0625
11 0.6046875 0.2046875 0.0390625 0.053125
3 0.71875 0.20625 0.0484375 0.0625
11 0.79375 0.18125 0.040625 0.06875
11 0.3515625 0.525 0.04375 0.0578125
11 0.578125 0.509375 0.0390625 0.059375
3 0.7 0.50625 0.0625 0.0578125
11 0.7640625 0.5265625 0.03125 0.0578125
11 0.403125 0.83125 0.04375 0.05625
11 0.403125 0.9703125 0.04375 0.059375
3 0.496875 0.203125 0.059375 0.0546875
3 0.90625 0.2078125 0.0390625 0.0609375
3 0.4796875 0.50625 0.0578125 0.059375
3 0.8796875 0.509375 0.046875 0.0625
4 0.565625 0.81875 0.046875 0.0453125
4 0.5609375 0.95 0.0421875 0.0421875