10 0.209375 0.109375 0.0546875 0.0609375
10 0.396875 0.1296875 0.05625 0.0609375
10 0.609375 0.121875 0.0609375 0.05625
10 0.796875 0.109375 0.0578125 0.071875
10 0.2 0.74375 0.0609375 0.071875
10 0.39375 0.746875 0.05625 0.0703125
10 0.609375 0.740625 0.05625 0.0625
10 0.8015625 0.74375 0.06875 0.065625
10 0.803125 0.4390625 0.0546875 0.059375
10 0.61875 0.43125 0.0546875 0.0609375
10 0.396875 0.4484375 0.053125 0.0578125
10 0.2125 0.446875 0.0546875 0.0578125
3 0.10625 0.3140625 0.0484375 0.0625
3 0.328125 0.296875 0.05625 0.0609375
3 0.50625 0.321875 0.04375 0.0640625
3 0.725 0.3015625 0.046875 0.06875
3 0.909375 0.3125 0.0375 0.065625
3 0.08125 0.61875 0.0390625 0.065625
3 0.3078125 0.6296875 0.0375 0.0640625
3 0.5078125 0.6109375 0.0609375 0.05625
3 0.728125 0.6109375 0.0703125 0.065625
3 0.9203125 0.6234375 0.0625 0.0625
11 0.203125 0.3140625 0.0328125 0.0625
11 0.390625 0.31875 0.046875 0.059375
11 0.6046875 0.30625 0.046875 0.059375
11 0.796875 0.30625 0.0375 0.059375
11 0.190625 0.61875 0.0421875 0.0640625
11 0.3828125 0.628125 0.04375 0.0578125
11 0.6046875 0.6234375 0.04375 0.065625
11 0.7984375 0.6171875 0.0390625 0.0609375