3 0.296875 0.0390625 0.0484375 0.0703125
11 0.0203125 0.03125 0.040625 0.0625
11 0.7125 0.03125 0.0421875 0.0609375
3 0.11875 0.0390625 0.0484375 0.0703125
3 0.821875 0.0390625 0.0484375 0.0703125
3 0.4609375 0.05 0.0421875 0.071875
3 0.6515625 0.03125 0.046875 0.0609375
11 0.3609375 0.034375 0.040625 0.0671875
11 0.190625 0.04375 0.0421875 0.0734375
11 0.896875 0.05 0.0453125 0.071875
11 0.5421875 0.05 0.0390625 0.06875
4 0.296875 0.2859375 0.034375 0.0421875
11 0.125 0.3078125 0.0453125 0.065625