3 0.95625 0.1125 0.0421875 0.0734375
11 0.8546875 0.365625 0.0421875 0.071875
3 0.25625 0.090625 0.0484375 0.06875
3 0.9640625 0.353125 0.0515625 0.0703125
11 0.3140625 0.34375 0.040625 0.0703125
3 0.778125 0.3515625 0.05 0.0703125
3 0.071875 0.353125 0.05 0.071875
11 0.503125 0.096875 0.0390625 0.0703125
11 0.671875 0.096875 0.040625 0.0703125
3 0.0765625 0.121875 0.0515625 0.0671875
3 0.2546875 0.3515625 0.0484375 0.0703125
3 0.7796875 0.096875 0.0484375 0.06875
3 0.41875 0.3640625 0.0421875 0.0703125
3 0.425 0.090625 0.0484375 0.0671875
11 0.1484375 0.3578125 0.0421875 0.0734375
11 0.85625 0.090625 0.0390625 0.06875
11 0.315625 0.1015625 0.0421875 0.0703125
11 0.15 0.0890625 0.040625 0.0671875
3 0.603125 0.3390625 0.046875 0.06875
11 0.6703125 0.3375 0.0390625 0.06875
11 0.496875 0.3625 0.040625 0.06875
11 0.0828125 0.621875 0.046875 0.065625
3 0.609375 0.109375 0.046875 0.06875
4 0.253125 0.596875 0.0328125 0.04375