11 0.6875 0.63125 0.0421875 0.0703125
11 0.503125 0.3625 0.0421875 0.06875
3 0.790625 0.615625 0.0484375 0.0703125
3 0.609375 0.3625 0.0484375 0.0671875
11 0.6875 0.134375 0.0421875 0.06875
3 0.7875 0.38125 0.040625 0.0734375
3 0.25 0.1125 0.05 0.0703125
11 0.3328125 0.3625 0.0390625 0.06875
11 0.853125 0.6203125 0.040625 0.06875
3 0.4375 0.10625 0.0484375 0.0671875
3 0.9640625 0.359375 0.046875 0.065625
11 0.853125 0.1125 0.040625 0.06875
3 0.4375 0.60625 0.0484375 0.0640625
3 0.440625 0.3734375 0.046875 0.0703125
11 0.1484375 0.3671875 0.0421875 0.0703125
11 0.6875 0.3578125 0.0375 0.0640625
3 0.084375 0.35625 0.05 0.065625
3 0.79375 0.1078125 0.046875 0.0671875
3 0.6078125 0.6140625 0.046875 0.06875
11 0.85 0.384375 0.0375 0.06875
11 0.33125 0.10625 0.0375 0.0640625
3 0.959375 0.6328125 0.05 0.06875
11 0.1484375 0.109375 0.040625 0.06875
3 0.9625 0.146875 0.0515625 0.0703125
11 0.146875 0.609375 0.04375 0.0703125
11 0.5 0.6046875 0.040625 0.065625
3 0.08125 0.1171875 0.0484375 0.0703125
3 0.08125 0.615625 0.0484375 0.0671875
3 0.2453125 0.63125 0.0390625 0.071875
3 0.25625 0.3578125 0.046875 0.0671875
11 0.5 0.1109375 0.0421875 0.0671875
11 0.3265625 0.628125 0.0390625 0.06875
3 0.603125 0.1234375 0.0484375 0.06875
4 0.084375 0.865625 0.034375 0.04375