11 0.7296875 0.2265625 0.0375 0.0671875
3 0.125 0.225 0.0484375 0.06875
11 0.89375 0.25625 0.0390625 0.06875
3 0.6515625 0.234375 0.046875 0.06875
11 0.01875 0.49375 0.0375 0.071875
11 0.546875 0.23125 0.0390625 0.0703125
3 0.125 0.4875 0.0484375 0.071875
3 0.48125 0.478125 0.046875 0.0671875
11 0.1875 0.4828125 0.040625 0.0703125
3 0.83125 0.253125 0.0421875 0.071875
11 0.8953125 0.49375 0.0421875 0.0734375
11 0.1875 0.2390625 0.040625 0.071875
11 0.01875 0.22578125 0.0375 0.0671875
11 0.375 0.23125 0.0390625 0.0703125
11 0.54375 0.478125 0.040625 0.06875
3 0.2953125 0.225 0.046875 0.06875
11 0.728125 0.5015625 0.040625 0.0734375
3 0.834375 0.4875 0.0484375 0.071875
3 0.65 0.4875 0.046875 0.071875
3 0.48125 0.24375 0.046875 0.071875
3 0.29375 0.5046875 0.0421875 0.0734375
11 0.3671875 0.5 0.0390625 0.065625
4 0.128125 0.7359375 0.034375 0.04375