3 0.1578125 0.259375 0.0390625 0.059375
3 0.40625 0.253125 0.04375 0.05625
3 0.6203125 0.234375 0.0578125 0.0640625
3 0.859375 0.240625 0.0578125 0.0640625
3 0.071875 0.546875 0.053125 0.0609375
3 0.2546875 0.5734375 0.0375 0.0640625
3 0.4828125 0.571875 0.0453125 0.0609375
3 0.6765625 0.5546875 0.0578125 0.0640625
3 0.884375 0.571875 0.0421875 0.065625
3 0.0796875 0.884375 0.0390625 0.0703125
3 0.2703125 0.884375 0.046875 0.0734375
3 0.4890625 0.8734375 0.0578125 0.0625
3 0.665625 0.9 0.0421875 0.0625
3 0.8875 0.88125 0.040625 0.0640625
11 0.025 0.25625 0.03125 0.059375
11 0.275 0.2453125 0.034375 0.0578125
11 0.484375 0.25625 0.040625 0.0546875
11 0.7234375 0.240625 0.04375 0.0703125
11 0.9359375 0.2328125 0.0453125 0.0703125
11 0.1328125 0.571875 0.0328125 0.05
11 0.365625 0.5671875 0.0375 0.0546875
11 0.553125 0.575 0.0390625 0.0546875
11 0.765625 0.5625 0.046875 0.0703125
11 0.9546875 0.571875 0.0390625 0.0546875
11 0.159375 0.86875 0.04375 0.0703125
11 0.36875 0.890625 0.0453125 0.0546875
11 0.546875 0.8890625 0.034375 0.053125
11 0.7671875 0.8875 0.0390625 0.05625
11 0.95625 0.8828125 0.0390625 0.0578125
10 0.140625 0.7046875 0.05 0.059375
10 0.3703125 0.6890625 0.071875 0.065625
10 0.55625 0.703125 0.0640625 0.0546875
10 0.775 0.7 0.059375 0.0578125
10 0.959375 0.6875 0.053125 0.0703125
10 0.028125 0.384375 0.05625 0.0546875
10 0.284375 0.365625 0.059375 0.0625
10 0.490625 0.3875 0.053125 0.0484375
10 0.728125 0.36875 0.059375 0.0625
10 0.9375 0.36875 0.059375 0.065625