11 0.21875 0.15 0.0609375 0.065625
3 0.3375 0.15 0.0484375 0.065625
11 0.409375 0.15625 0.040625 0.05625
3 0.5375 0.140625 0.05 0.0625
11 0.625 0.1390625 0.0453125 0.065625
3 0.740625 0.1515625 0.0484375 0.071875
11 0.8140625 0.1546875 0.0453125 0.059375
3 0.1265625 0.471875 0.0484375 0.0703125
11 0.225 0.471875 0.0390625 0.0578125
3 0.346875 0.45625 0.0546875 0.0609375
11 0.409375 0.4734375 0.046875 0.0546875
11 0.6265625 0.4671875 0.0421875 0.053125
3 0.746875 0.459375 0.04375 0.071875
11 0.815625 0.4640625 0.046875 0.0609375
11 0.20625 0.778125 0.0390625 0.0625
3 0.334375 0.7875 0.0484375 0.06875
11 0.4 0.784375 0.05 0.0546875
11 0.625 0.78125 0.0421875 0.06875
3 0.75 0.7671875 0.0546875 0.0734375
11 0.81875 0.775 0.0390625 0.0625
11 0.01875 0.45 0.0359375 0.06875
3 0.115625 0.1546875 0.053125 0.065625
3 0.9390625 0.15625 0.059375 0.0703125
3 0.521875 0.478125 0.0390625 0.065625
3 0.9359375 0.475 0.0484375 0.065625
3 0.103125 0.775 0.053125 0.0703125
3 0.5328125 0.7671875 0.059375 0.065625
3 0.9421875 0.778125 0.0546875 0.0609375
10 0.2328125 0.26875 0.059375 0.0609375
10 0.41875 0.2828125 0.05 0.0625
10 0.6296875 0.278125 0.05 0.05625
10 0.821875 0.265625 0.053125 0.06875
10 0.234375 0.60625 0.0609375 0.0546875
10 0.4125 0.6046875 0.05625 0.0609375
10 0.64375 0.590625 0.0578125 0.0734375
10 0.821875 0.5984375 0.053125 0.0640625
10 0.21875 0.9 0.059375 0.06875
10 0.4125 0.8984375 0.0546875 0.071875
10 0.63125 0.9 0.0546875 0.0734375
10 0.821875 0.9 0.05625 0.06875