3 0.5390625 0.0875 0.0484375 0.0703125
3 0.721875 0.5796875 0.046875 0.06875
3 0.5375 0.578125 0.0484375 0.0703125
11 0.434375 0.3234375 0.040625 0.06875
11 0.43125 0.071875 0.040625 0.0671875
3 0.3671875 0.06875 0.046875 0.065625
3 0.18125 0.0765625 0.0484375 0.0671875
3 0.540625 0.325 0.046875 0.0671875
3 0.721875 0.06875 0.0484375 0.0671875
3 0.3703125 0.3375 0.046875 0.0703125
11 0.784375 0.075 0.0421875 0.06875
3 0.3671875 0.5671875 0.046875 0.065625
11 0.6140625 0.5921875 0.04375 0.0734375
11 0.0765625 0.328125 0.040625 0.0703125
11 0.075 0.075 0.040625 0.0671875
11 0.2640625 0.3234375 0.040625 0.06875
3 0.7171875 0.340625 0.040625 0.0734375
11 0.784375 0.584375 0.0390625 0.0703125
11 0.78125 0.3453125 0.0390625 0.06875
3 0.184375 0.31875 0.0484375 0.0671875
11 0.615625 0.09375 0.04375 0.0734375
3 0.890625 0.3203125 0.046875 0.0640625
3 0.8875 0.1109375 0.0515625 0.0734375
11 0.2625 0.0671875 0.0375 0.065625
3 0.890625 0.59375 0.046875 0.0703125
11 0.075 0.575 0.040625 0.06875
11 0.6171875 0.315625 0.0375 0.065625
11 0.2578125 0.5890625 0.0359375 0.065625
11 0.43125 0.565625 0.040625 0.0671875
3 0.01875 0.31875 0.0375 0.0640625
3 0.01875 0.575 0.0359375 0.0671875
3 0.175 0.5921875 0.040625 0.0734375
3 0.01875 0.0828125 0.0359375 0.065625
4 0.015625 0.825 0.0296875 0.0421875