11 0.40625 0.375 0.040625 0.0671875
3 0.3453125 0.8671875 0.046875 0.065625
3 0.5125 0.3734375 0.05 0.0671875
3 0.871875 0.871875 0.046875 0.0671875
11 0.065625 0.61875 0.040625 0.065625
3 0.5125 0.625 0.05 0.06875
3 0.165625 0.896875 0.05 0.0703125
3 0.5140625 0.8671875 0.046875 0.065625
11 0.7625 0.3734375 0.0421875 0.065625
3 0.7 0.36875 0.046875 0.065625
11 0.7625 0.625 0.0421875 0.06875
3 0.7 0.615625 0.046875 0.0671875
11 0.7640625 0.871875 0.040625 0.06875
3 0.86875 0.6375 0.04375 0.071875
3 0.703125 0.884375 0.046875 0.071875
3 0.34375 0.628125 0.046875 0.06875
3 0.34375 0.378125 0.046875 0.06875
11 0.40625 0.621875 0.0390625 0.0703125
3 0.165625 0.3875 0.046875 0.0703125
11 0.2375 0.865625 0.0375 0.0671875
11 0.946875 0.3921875 0.04375 0.0703125
11 0.5890625 0.36875 0.0390625 0.0640625
11 0.946875 0.865625 0.0375 0.065625
11 0.946875 0.64375 0.04375 0.0703125
3 0.1625 0.6359375 0.046875 0.0703125
11 0.06875 0.89375 0.046875 0.0671875
3 0.86875 0.3875 0.04375 0.071875
11 0.590625 0.871875 0.0390625 0.0671875
11 0.2375 0.3875 0.0421875 0.0703125
11 0.40625 0.8765625 0.0390625 0.0703125
11 0.590625 0.6171875 0.0375 0.065625
11 0.2375 0.634375 0.0421875 0.071875
4 0.1 0.378125 0.034375 0.04375