11 0.81875 0.028125 0.040625 0.05625
3 0.5703125 0.2734375 0.0484375 0.06875
11 0.4609375 0.028125 0.040625 0.05625
3 0.56875 0.034375 0.046875 0.06875
3 0.0484375 0.26875 0.046875 0.065625
11 0.646875 0.5421875 0.0421875 0.0703125
3 0.215625 0.0296875 0.046875 0.059375
11 0.109375 0.521875 0.0421875 0.0703125
11 0.109375 0.278125 0.040625 0.0703125
3 0.2109375 0.540625 0.040625 0.0734375
11 0.10625 0.028125 0.0390625 0.05625
3 0.75625 0.528125 0.046875 0.0703125
3 0.7515625 0.025 0.046875 0.05
3 0.56875 0.528125 0.046875 0.0703125
11 0.81875 0.534375 0.040625 0.0703125
3 0.3984375 0.51875 0.0484375 0.065625
3 0.925 0.54375 0.0484375 0.06875
3 0.046875 0.5296875 0.046875 0.0671875
11 0.815625 0.29375 0.0390625 0.06875
11 0.6484375 0.04375 0.04375 0.071875
11 0.4625 0.271875 0.040625 0.0703125
11 0.29375 0.025 0.0359375 0.05
3 0.215625 0.26875 0.0453125 0.0671875
11 0.4609375 0.51875 0.0390625 0.065625
3 0.925 0.26875 0.046875 0.065625
3 0.04375 0.03125 0.0484375 0.0625
11 0.29375 0.275 0.0390625 0.06875
3 0.9234375 0.059375 0.05 0.06875
3 0.746875 0.290625 0.040625 0.075
11 0.65 0.26875 0.0359375 0.065625
11 0.2890625 0.5390625 0.0390625 0.0671875
3 0.4 0.284375 0.0453125 0.071875
4 0.0484375 0.778125 0.0359375 0.046875