11 0.03125 0.325 0.040625 0.0671875
3 0.834375 0.0796875 0.05 0.06875
11 0.7265625 0.321875 0.040625 0.06875
11 0.203125 0.071875 0.0390625 0.0671875
3 0.309375 0.06875 0.05 0.06875
11 0.7296875 0.075 0.040625 0.0703125
3 0.665625 0.0890625 0.0484375 0.0703125
3 0.48125 0.075 0.0484375 0.065625
11 0.3765625 0.084375 0.0421875 0.0703125
3 0.3078125 0.33125 0.05 0.0703125
3 0.6625 0.321875 0.0484375 0.06875
11 0.203125 0.3375 0.040625 0.0703125
11 0.3734375 0.325 0.040625 0.0703125
3 0.8375 0.334375 0.05 0.0703125
11 0.9125 0.0703125 0.0390625 0.0671875
3 0.1296875 0.10625 0.053125 0.0671875
11 0.9125 0.34375 0.04375 0.071875
11 0.559375 0.075 0.040625 0.0703125
3 0.13125 0.33125 0.0484375 0.071875
11 0.034375 0.1 0.0453125 0.065625
3 0.4703125 0.34375 0.0390625 0.0734375
11 0.553125 0.3421875 0.0390625 0.0703125
11 0.1359375 0.5984375 0.0453125 0.0625
4 0.3125 0.58125 0.0328125 0.0421875