3 0.6703125 0.50625 0.05625 0.065625
11 0.734375 0.509375 0.04375 0.059375
11 0.540625 0.515625 0.0515625 0.0609375
3 0.246875 0.525 0.05 0.0640625
11 0.321875 0.521875 0.0484375 0.0546875
11 0.128125 0.515625 0.040625 0.06875
3 0.046875 0.2078125 0.046875 0.0640625
11 0.140625 0.209375 0.046875 0.059375
3 0.265625 0.190625 0.059375 0.0640625
11 0.3265625 0.209375 0.040625 0.05625
11 0.5484375 0.2015625 0.0421875 0.053125
3 0.665625 0.196875 0.040625 0.0625
11 0.7375 0.196875 0.0421875 0.0578125
3 0.0203125 0.5140625 0.040625 0.065625
3 0.45 0.5078125 0.0578125 0.0640625
3 0.85625 0.515625 0.059375 0.05625
3 0.85 0.2078125 0.0453125 0.0609375
3 0.44375 0.215625 0.04375 0.059375
10 0.13125 0.634375 0.05625 0.065625
10 0.3234375 0.6359375 0.0546875 0.0671875
10 0.55 0.6359375 0.0546875 0.0671875
10 0.734375 0.6328125 0.059375 0.071875
10 0.15 0.3421875 0.05625 0.0546875
10 0.33125 0.3375 0.0546875 0.05625
10 0.5578125 0.325 0.0546875 0.0625
10 0.740625 0.3296875 0.059375 0.065625