3 0.975 0.140625 0.046875 0.06875
11 0.8625 0.38125 0.0390625 0.0671875
3 0.975 0.3921875 0.046875 0.0703125
3 0.61875 0.134375 0.046875 0.0671875
11 0.5109375 0.3859375 0.040625 0.06875
11 0.5125 0.14375 0.040625 0.071875
11 0.865625 0.1390625 0.0390625 0.0703125
11 0.171875 0.384375 0.0390625 0.0640625
3 0.8 0.3828125 0.046875 0.0671875
3 0.4484375 0.3921875 0.0484375 0.0703125
3 0.45 0.134375 0.046875 0.06875
3 0.6125 0.4078125 0.040625 0.075
11 0.690625 0.403125 0.0390625 0.0671875
11 0.34375 0.396875 0.0390625 0.0703125
11 0.7 0.1375 0.0390625 0.0703125
3 0.2671875 0.165625 0.0515625 0.0703125
3 0.2703125 0.3921875 0.046875 0.0703125
7 0.05625 0.3875 0.046875 0.0671875
11 0.171875 0.1609375 0.0453125 0.0640625
3 0.803125 0.146875 0.046875 0.0703125
11 0.34375 0.13125 0.0390625 0.0671875
4 0.45 0.6421875 0.0328125 0.040625
11 0.275 0.659375 0.0453125 0.065625
10 0.0609375 0.1609375 0.0515625 0.0671875
10 0.05625 0.6609375 0.053125 0.0671875