10 0.1703125 0.3859375 0.05625 0.046875
10 0.3875 0.3875 0.0484375 0.046875
10 0.640625 0.371875 0.0578125 0.0640625
10 0.85 0.3875 0.0625 0.0484375
10 0.0765625 0.709375 0.0515625 0.0578125
10 0.30625 0.7046875 0.05 0.05625
10 0.4953125 0.709375 0.0546875 0.05625
10 0.7265625 0.690625 0.046875 0.059375
10 0.915625 0.70625 0.0546875 0.0578125
3 0.046875 0.2375 0.0546875 0.065625
3 0.309375 0.23125 0.0625 0.0640625
3 0.5125 0.259375 0.0375 0.0640625
3 0.759375 0.25625 0.0359375 0.0625
3 0.9765625 0.240625 0.046875 0.06875
3 0.2078125 0.55625 0.053125 0.0609375
3 0.428125 0.5546875 0.0546875 0.071875
3 0.6125 0.58125 0.040625 0.0578125
3 0.8375 0.571875 0.034375 0.065625
3 0.2109375 0.8875 0.0578125 0.0640625
3 0.4359375 0.890625 0.0421875 0.06875
3 0.6265625 0.890625 0.0390625 0.059375
3 0.846875 0.875 0.0546875 0.0640625
11 0.171875 0.240625 0.0421875 0.0625
11 0.38125 0.25625 0.05 0.0625
11 0.63125 0.253125 0.040625 0.0546875
11 0.8375 0.25625 0.0453125 0.05625
11 0.303125 0.553125 0.04375 0.065625
11 0.065625 0.578125 0.0390625 0.059375
11 0.49375 0.5765625 0.0484375 0.059375
11 0.7171875 0.56875 0.0390625 0.065625
11 0.90625 0.571875 0.0328125 0.05625
11 0.31875 0.8875 0.0390625 0.05625
11 0.0796875 0.8859375 0.0421875 0.0609375
11 0.5109375 0.86875 0.04375 0.06875
11 0.71875 0.896875 0.0390625 0.0578125
11 0.903125 0.896875 0.0375 0.053125
4 0.0375 0.36875 0.0375 0.0375