4 0.0375 0.096875 0.0234375 0.0515625
2 0.0625 0.15 0.0234375 0.0625
3 0.090625 0.1234375 0.0359375 0.13125
3 0.175 0.125 0.0328125 0.128125
3 0.28125 0.11875 0.034375 0.1390625
3 0.3625 0.11875 0.040625 0.1421875
3 0.4765625 0.11875 0.034375 0.1421875
3 0.5625 0.11875 0.0375 0.1390625
3 0.66875 0.121875 0.0390625 0.1484375
3 0.75625 0.128125 0.0421875 0.14375
2 0.8390625 0.153125 0.0203125 0.0609375
3 0.86875 0.121875 0.0390625 0.1296875
3 0.9546875 0.121875 0.0390625 0.13125
3 0.9625 0.634375 0.0375 0.1296875
2 0.8453125 0.6625 0.021875 0.065625
3 0.875 0.634375 0.0359375 0.128125
3 0.7625 0.640625 0.0453125 0.1375
3 0.6796875 0.63125 0.040625 0.1484375
3 0.56875 0.63125 0.0390625 0.134375
1 0.453125 0.671875 0.0203125 0.0625
3 0.484375 0.6296875 0.0359375 0.1359375
3 0.371875 0.63125 0.0421875 0.1390625
3 0.2875 0.6296875 0.040625 0.1328125
3 0.1828125 0.628125 0.04375 0.121875
2 0.06875 0.6625 0.0234375 0.0625
3 0.096875 0.634375 0.040625 0.1328125
4 0.121875 0.096875 0.0203125 0.0515625
4 0.23125 0.0984375 0.0265625 0.0546875
4 0.3125 0.09375 0.0203125 0.04375
4 0.421875 0.0984375 0.021875 0.046875
4 0.5125 0.096875 0.021875 0.040625
4 0.61875 0.096875 0.0234375 0.05
4 0.7046875 0.09375 0.0203125 0.0484375
4 0.81875 0.096875 0.01875 0.05
4 0.9046875 0.1 0.0203125 0.053125
4 0.0453125 0.60625 0.025 0.04375
4 0.13125 0.609375 0.0234375 0.0546875
4 0.2375 0.60625 0.01875 0.0515625
4 0.321875 0.60625 0.0203125 0.040625
4 0.43125 0.603125 0.021875 0.0453125
4 0.51875 0.6109375 0.021875 0.05
4 0.625 0.60625 0.0234375 0.05
4 0.7125 0.6046875 0.01875 0.046875
4 0.825 0.6046875 0.0234375 0.046875
4 0.9125 0.60625 0.021875 0.046875
11 0.040625 0.321875 0.025 0.1484375
11 0.234375 0.340625 0.025 0.1484375
11 0.43125 0.3484375 0.0265625 0.1546875
11 0.621875 0.303125 0.028125 0.14375
11 0.81875 0.3609375 0.03125 0.1640625
11 0.83125 0.875 0.0234375 0.1609375
11 0.628125 0.8140625 0.028125 0.1453125
11 0.4359375 0.85625 0.03125 0.159375
11 0.240625 0.846875 0.0296875 0.1484375
11 0.0484375 0.83125 0.0265625 0.146875
2 0.103125 0.328125 0.028125 0.0671875
2 0.103125 0.396875 0.0265625 0.06875
2 0.884375 0.33125 0.0234375 0.0734375
2 0.88125 0.3984375 0.01875 0.0578125
2 0.890625 0.840625 0.01875 0.0578125
2 0.8890625 0.909375 0.0234375 0.0671875
2 0.10625 0.840625 0.0265625 0.0671875
2 0.109375 0.909375 0.025 0.059375
3 0.134375 0.33125 0.040625 0.16875
3 0.16875 0.321875 0.034375 0.153125
3 0.325 0.309375 0.04375 0.1546875
3 0.35625 0.3203125 0.034375 0.1734375
3 0.521875 0.3421875 0.040625 0.1703125
3 0.553125 0.328125 0.0375 0.153125
3 0.715625 0.31875 0.0421875 0.146875
3 0.746875 0.33125 0.0390625 0.16875
3 0.915625 0.3328125 0.0453125 0.1609375
3 0.946875 0.325 0.0390625 0.153125
3 0.921875 0.84375 0.040625 0.1640625
3 0.953125 0.834375 0.0359375 0.14375
3 0.7234375 0.8296875 0.04375 0.1484375
3 0.75625 0.8421875 0.03125 0.165625
3 0.53125 0.853125 0.04375 0.1609375
3 0.5625 0.8375 0.034375 0.1515625
3 0.334375 0.8171875 0.0421875 0.153125
3 0.3625 0.83125 0.0375 0.1703125
3 0.14375 0.8421875 0.0421875 0.1625
3 0.1734375 0.83125 0.034375 0.1484375
1 0.446875 0.159375 0.0203125 0.05625