4 0.0375 0.084375 0.025 0.053125
2 0.0625 0.140625 0.025 0.0640625
3 0.09375 0.1125 0.0375 0.1359375
3 0.1796875 0.115625 0.034375 0.1328125
3 0.2890625 0.1078125 0.0359375 0.14375
3 0.3734375 0.1078125 0.040625 0.146875
3 0.490625 0.1078125 0.0359375 0.146875
3 0.578125 0.1078125 0.0390625 0.1453125
3 0.690625 0.1125 0.0390625 0.153125
3 0.778125 0.11875 0.04375 0.15
2 0.865625 0.14375 0.0203125 0.0625
3 0.8953125 0.1125 0.040625 0.134375
3 0.98125 0.1109375 0.0359375 0.1359375
3 0.9859375 0.640625 0.028125 0.134375
2 0.871875 0.671875 0.0234375 0.0671875
3 0.903125 0.640625 0.0375 0.1328125
3 0.7859375 0.6484375 0.0453125 0.1421875
3 0.7 0.6390625 0.0421875 0.153125
3 0.5859375 0.6375 0.040625 0.1375
1 0.465625 0.68125 0.021875 0.0640625
3 0.496875 0.6375 0.0375 0.140625
3 0.3828125 0.6375 0.0421875 0.14375
3 0.296875 0.6375 0.0421875 0.1390625
3 0.1875 0.6359375 0.0453125 0.125
2 0.06875 0.66875 0.025 0.0640625
3 0.1 0.640625 0.0421875 0.1375
4 0.125 0.084375 0.0203125 0.053125
4 0.2375 0.0875 0.028125 0.05625
4 0.321875 0.084375 0.0203125 0.0453125
4 0.4359375 0.0875 0.0234375 0.0484375
4 0.5265625 0.084375 0.0234375 0.0421875
4 0.6375 0.084375 0.025 0.0515625
4 0.7265625 0.0828125 0.0203125 0.05
4 0.84375 0.0859375 0.0203125 0.0515625
4 0.9328125 0.0875 0.021875 0.0546875
4 0.046875 0.6125 0.025 0.0453125
4 0.134375 0.615625 0.025 0.05625
4 0.2453125 0.6125 0.01875 0.053125
4 0.33125 0.6125 0.021875 0.0421875
4 0.44375 0.609375 0.0234375 0.046875
4 0.534375 0.615625 0.0234375 0.0515625
4 0.64375 0.6125 0.025 0.0515625
4 0.734375 0.6109375 0.0203125 0.0484375
4 0.85 0.6109375 0.025 0.0484375
4 0.940625 0.6125 0.0234375 0.0484375
11 0.0421875 0.31875 0.025 0.153125
11 0.240625 0.3390625 0.025 0.1546875
11 0.44375 0.346875 0.0265625 0.159375
11 0.640625 0.296875 0.0296875 0.15
11 0.84375 0.359375 0.03125 0.1703125
11 0.85625 0.890625 0.025 0.165625
11 0.6484375 0.828125 0.028125 0.15
11 0.45 0.871875 0.03125 0.1640625
11 0.2484375 0.8609375 0.03125 0.153125
11 0.05 0.84375 0.028125 0.1515625
2 0.1046875 0.325 0.028125 0.06875
2 0.1046875 0.396875 0.028125 0.071875
2 0.9109375 0.328125 0.025 0.075
2 0.909375 0.396875 0.0203125 0.059375
2 0.9171875 0.8546875 0.0203125 0.0609375
2 0.9171875 0.925 0.025 0.06875
2 0.109375 0.8546875 0.0265625 0.06875
2 0.1125 0.925 0.025 0.0625
3 0.1375 0.3296875 0.0421875 0.1734375
3 0.171875 0.31875 0.0359375 0.1578125
3 0.334375 0.30625 0.0453125 0.159375
3 0.365625 0.3171875 0.0359375 0.1796875
3 0.5375 0.340625 0.0421875 0.175
3 0.56875 0.325 0.0390625 0.159375
3 0.7375 0.315625 0.04375 0.153125
3 0.7703125 0.3296875 0.0390625 0.1734375
3 0.94375 0.3296875 0.0453125 0.165625
3 0.9765625 0.321875 0.040625 0.1578125
3 0.95 0.85625 0.0421875 0.16875
3 0.98125 0.846875 0.0359375 0.1484375
3 0.746875 0.84375 0.0453125 0.153125
3 0.78125 0.85625 0.034375 0.1703125
3 0.546875 0.86875 0.0453125 0.1671875
3 0.578125 0.8515625 0.0359375 0.15625
3 0.34375 0.83125 0.04375 0.1578125
3 0.375 0.84375 0.0390625 0.1765625
3 0.146875 0.85625 0.0421875 0.16875
3 0.178125 0.84375 0.0359375 0.153125
1 0.459375 0.15 0.021875 0.059375