14 0.065625 0.18125 0.03125 0.0609375
1 0.0875 0.175 0.009375 0.0265625
4 0.134375 0.178125 0.0140625 0.0140625
4 0.334375 0.1796875 0.015625 0.015625
4 0.5484375 0.18125 0.015625 0.0203125
4 0.7625 0.1796875 0.0171875 0.01875
4 0.75 0.28125 0.0171875 0.015625
4 0.521875 0.28125 0.01875 0.015625
4 0.296875 0.2828125 0.01875 0.0203125
4 0.06875 0.28125 0.0171875 0.0171875
4 0.809375 0.86875 0.0140625 0.0171875
3 0.16875 0.1859375 0.025 0.0375
3 0.19375 0.178125 0.0171875 0.0328125
3 0.2265625 0.171875 0.025 0.03125
3 0.259375 0.178125 0.03125 0.03125
3 0.278125 0.184375 0.021875 0.040625
3 0.371875 0.1875 0.0234375 0.0359375
3 0.396875 0.178125 0.0234375 0.0328125
3 0.434375 0.1734375 0.028125 0.03125
3 0.4640625 0.178125 0.0234375 0.03125
3 0.490625 0.184375 0.01875 0.0375
3 0.584375 0.178125 0.025 0.0359375
3 0.6109375 0.1734375 0.0203125 0.03125
3 0.6515625 0.165625 0.03125 0.0296875
3 0.6796875 0.1734375 0.0265625 0.028125
3 0.70625 0.1765625 0.0203125 0.0359375
3 0.7953125 0.19375 0.0296875 0.0359375
3 0.8171875 0.1890625 0.03125 0.0390625
3 0.8609375 0.184375 0.025 0.040625
3 0.890625 0.1875 0.0234375 0.0390625
3 0.9125 0.1921875 0.03125 0.0296875
3 0.9078125 0.2875 0.028125 0.0421875
3 0.853125 0.2765625 0.0265625 0.0296875
3 0.878125 0.284375 0.025 0.0328125
3 0.7875 0.2875 0.028125 0.0359375
3 0.8140625 0.28125 0.01875 0.03125
3 0.659375 0.275 0.0203125 0.034375
3 0.6875 0.28125 0.0234375 0.034375
3 0.6296875 0.2703125 0.028125 0.028125
3 0.5625 0.28125 0.03125 0.03125
3 0.5875 0.2765625 0.0234375 0.028125
3 0.4625 0.278125 0.028125 0.0453125
3 0.43125 0.271875 0.021875 0.0375
3 0.403125 0.265625 0.025 0.0296875
3 0.3359375 0.28125 0.0234375 0.0375
3 0.359375 0.271875 0.0265625 0.03125
3 0.1765625 0.265625 0.025 0.028125
3 0.2046875 0.271875 0.01875 0.0359375
3 0.2375 0.278125 0.01875 0.0359375
3 0.109375 0.28125 0.0265625 0.034375
3 0.1359375 0.271875 0.0203125 0.03125
3 0.378125 0.3734375 0.0296875 0.0296875
3 0.421875 0.375 0.034375 0.034375
3 0.453125 0.375 0.0265625 0.03125
3 0.909375 0.36875 0.028125 0.03125
3 0.915625 0.475 0.0296875 0.03125
3 0.815625 0.475 0.0296875 0.03125
3 0.915625 0.5625 0.0265625 0.0296875
3 0.815625 0.5796875 0.028125 0.03125
3 0.215625 0.8640625 0.034375 0.0296875
3 0.271875 0.871875 0.03125 0.0390625
3 0.31875 0.871875 0.025 0.034375
3 0.453125 0.675 0.0328125 0.0296875
3 0.4546875 0.76875 0.0265625 0.03125
3 0.4875 0.871875 0.0390625 0.0296875
3 0.525 0.875 0.0328125 0.0296875
3 0.68125 0.671875 0.028125 0.0328125
3 0.75625 0.6734375 0.0296875 0.034375
3 0.790625 0.66875 0.0265625 0.03125
3 0.815625 0.665625 0.025 0.03125
3 0.859375 0.6625 0.03125 0.0296875
3 0.890625 0.66875 0.028125 0.0328125
3 0.915625 0.671875 0.0203125 0.0390625
3 0.753125 0.7765625 0.025 0.034375
2 0.7703125 0.78125 0.0125 0.03125
3 0.7875 0.771875 0.01875 0.03125
3 0.8171875 0.765625 0.021875 0.0328125
3 0.859375 0.759375 0.0328125 0.028125
3 0.890625 0.765625 0.0296875 0.028125
3 0.9125 0.76875 0.03125 0.0375
3 0.915625 0.8796875 0.0296875 0.034375
1 0.84375 0.165625 0.0125 0.028125
8 0.0765625 0.375 0.0171875 0.0296875
8 0.0703125 0.471875 0.01875 0.0328125
8 0.071875 0.571875 0.0171875 0.0296875
8 0.071875 0.665625 0.0171875 0.0296875
8 0.525 0.365625 0.01875 0.03125
8 0.0703125 0.771875 0.0171875 0.028125
8 0.0703125 0.865625 0.01875 0.0296875
8 0.615625 0.878125 0.015625 0.0328125
11 0.296875 0.375 0.0171875 0.03125
11 0.75 0.3671875 0.01875 0.0296875
11 0.525 0.4703125 0.0203125 0.0296875
9 0.3953125 0.471875 0.0234375 0.009375
12 0.29375 0.5734375 0.015625 0.0265625
11 0.396875 0.565625 0.015625 0.0296875
11 0.5234375 0.565625 0.015625 0.028125
11 0.525 0.66875 0.015625 0.03125
11 0.525 0.76875 0.015625 0.03125
2 0.2859375 0.678125 0.015625 0.0265625
11 0.3015625 0.66875 0.015625 0.03125
11 0.296875 0.771875 0.0140625 0.03125
11 0.834375 0.365625 0.015625 0.03125
11 0.8515625 0.478125 0.015625 0.0328125
11 0.7515625 0.471875 0.01875 0.03125
11 0.6 0.46875 0.01875 0.0328125
11 0.384375 0.66875 0.01875 0.03125
11 0.6 0.565625 0.015625 0.0296875
11 0.60625 0.66875 0.0171875 0.03125
11 0.60625 0.76875 0.015625 0.03125
11 0.7515625 0.5765625 0.01875 0.0328125
11 0.853125 0.565625 0.01875 0.03125
3 0.68125 0.775 0.0265625 0.03125
11 0.853125 0.878125 0.0171875 0.03125
1 0.2875 0.240625 0.0078125 0.0171875
11 0.38125 0.765625 0.0171875 0.0296875
13 0.665625 0.465625 0.0265625 0.0328125
13 0.690625 0.46875 0.0203125 0.034375
13 0.665625 0.56875 0.0234375 0.028125
13 0.69375 0.5734375 0.0203125 0.03125
13 0.440625 0.86875 0.0234375 0.034375
13 0.384375 0.86875 0.0359375 0.034375
13 0.409375 0.865625 0.0234375 0.028125
12 0.753125 0.8703125 0.0171875 0.025