0 0.103125 0.490625 0.0375 0.0453125
0 0.103125 0.7453125 0.0359375 0.0453125
0 0.103125 0.25 0.0375 0.0453125
14 0.1015625 0.3921875 0.0390625 0.078125
14 0.103125 0.125 0.0375 0.078125
3 0.94375 0.6375 0.025 0.05
3 0.978125 0.3921875 0.0265625 0.0515625
5 0.865625 0.13125 0.025 0.0203125
3 0.75 0.128125 0.0265625 0.0640625
14 0.1015625 0.8921875 0.0375 0.078125
3 0.3 0.378125 0.025 0.0515625
3 0.5234375 0.634375 0.0265625 0.059375
3 0.7390625 0.3796875 0.0234375 0.0515625
3 0.9125 0.890625 0.0265625 0.046875
11 0.9046875 0.253125 0.0265625 0.0484375
3 0.4984375 0.896875 0.028125 0.053125
3 0.275 0.646875 0.0234375 0.046875
3 0.5578125 0.1265625 0.0265625 0.0515625
11 0.95 0.253125 0.0265625 0.0484375
3 0.5 0.115625 0.025 0.05
3 0.771875 0.3765625 0.025 0.046875
3 0.45625 0.903125 0.028125 0.05
11 0.6625 0.25625 0.028125 0.046875
11 0.609375 0.25625 0.028125 0.0484375
3 0.55625 0.6390625 0.025 0.05
3 0.5296875 0.121875 0.025 0.0515625
11 0.384375 0.484375 0.0265625 0.0484375
11 0.8625 0.253125 0.028125 0.05
11 0.190625 0.75 0.0265625 0.05
3 0.953125 0.8859375 0.0265625 0.0515625
11 0.715625 0.25625 0.028125 0.046875
3 0.29375 0.1203125 0.0234375 0.05
11 0.5578125 0.7484375 0.0265625 0.05
11 0.14375 0.753125 0.025 0.0484375
3 0.325 0.115625 0.0265625 0.0515625
11 0.78125 0.25625 0.028125 0.046875
5 0.640625 0.628125 0.0265625 0.0203125
3 0.3328125 0.375 0.0234375 0.05
11 0.24375 0.7578125 0.0265625 0.046875
3 0.5875 0.634375 0.0265625 0.053125
8 0.609375 0.13125 0.028125 0.046875
3 0.940625 0.3921875 0.0234375 0.0453125
14 0.1015625 0.6390625 0.0359375 0.078125
11 0.915625 0.74375 0.025 0.046875
11 0.49375 0.7484375 0.028125 0.05
3 0.9171875 0.640625 0.0265625 0.046875
11 0.8625 0.490625 0.0265625 0.0484375
8 0.815625 0.3953125 0.0265625 0.0484375
11 0.303125 0.75625 0.0265625 0.046875
11 0.2375 0.24375 0.025 0.0453125
11 0.14375 0.24375 0.025 0.046875
11 0.3875 0.759375 0.028125 0.046875
11 0.978125 0.7453125 0.0265625 0.046875
3 0.303125 0.6421875 0.028125 0.0515625
11 0.46875 0.25625 0.0265625 0.046875
11 0.871875 0.74375 0.025 0.046875
3 0.9765625 0.634375 0.025 0.0484375
3 0.78125 0.134375 0.0265625 0.0609375
11 0.3 0.24375 0.0265625 0.0453125
8 0.3734375 0.1125 0.028125 0.0484375
11 0.440625 0.759375 0.028125 0.0453125
11 0.978125 0.484375 0.0265625 0.046875
11 0.68125 0.7375 0.025 0.046875
11 0.478125 0.484375 0.0265625 0.046875
11 0.815625 0.49375 0.0265625 0.05
11 0.821875 0.740625 0.025 0.046875
11 0.64375 0.74375 0.025 0.046875
11 0.3734375 0.259375 0.028125 0.0484375
3 0.875 0.89375 0.028125 0.05
3 0.7109375 0.3890625 0.0265625 0.05625
11 0.30625 0.4828125 0.028125 0.0484375
11 0.421875 0.2609375 0.028125 0.0484375
11 0.74375 0.4828125 0.0265625 0.0484375
11 0.9171875 0.484375 0.0265625 0.046875
11 0.76875 0.74375 0.025 0.046875
11 0.19375 0.24375 0.025 0.046875
3 0.265625 0.125 0.025 0.0515625
3 0.490625 0.63125 0.025 0.0546875
11 0.240625 0.484375 0.0265625 0.046875
3 0.421875 0.90625 0.03125 0.0515625
3 0.815625 0.140625 0.0265625 0.053125
11 0.58125 0.4859375 0.0265625 0.046875
3 0.2421875 0.3875 0.0296875 0.0609375
11 0.678125 0.4828125 0.0265625 0.046875
11 0.53125 0.259375 0.0265625 0.046875
11 0.7234375 0.7375 0.025 0.0453125
8 0.140625 0.6453125 0.028125 0.05
11 0.628125 0.484375 0.0265625 0.046875
11 0.521875 0.4875 0.0265625 0.05
3 0.234375 0.13125 0.03125 0.0515625
3 0.3359375 0.6375 0.0296875 0.0625
11 0.43125 0.4828125 0.0265625 0.0484375
3 0.271875 0.3890625 0.0265625 0.05625
11 0.190625 0.484375 0.0265625 0.046875
3 0.9109375 0.390625 0.025 0.05
3 0.7109375 0.125 0.028125 0.065625
8 0.3875 0.6375 0.0296875 0.053125
11 0.990625 0.253125 0.01875 0.0484375
3 0.2421875 0.6453125 0.028125 0.0546875
11 0.14375 0.484375 0.025 0.0484375
5 0.384375 0.4046875 0.0265625 0.021875
3 0.678125 0.3875 0.028125 0.059375
3 0.465625 0.1140625 0.0265625 0.0515625
3 0.5375 0.884375 0.03125 0.071875
9 0.821875 0.6296875 0.025 0.01875
9 0.334375 0.884375 0.0265625 0.0234375
9 0.1453125 0.3890625 0.0296875 0.0234375
9 0.58125 0.390625 0.025 0.0234375
9 0.14375 0.1203125 0.0296875 0.0328125
5 0.14375 0.86875 0.0296875 0.0265625
5 0.5921875 0.8671875 0.0265625 0.025
9 0.7875 0.8875 0.0296875 0.0265625