3 0.871875 0.265625 0.0234375 0.05
3 0.4234375 0.503125 0.0234375 0.0578125
3 0.871875 0.503125 0.025 0.0484375
11 0.1375 0.35625 0.025 0.046875
3 0.39375 0.7671875 0.028125 0.05
11 0.3375 0.63125 0.028125 0.04375
3 0.31875 0.775 0.03125 0.0515625
11 0.284375 0.63125 0.028125 0.04375
3 0.8125 0.7625 0.0296875 0.0515625
11 0.0359375 0.6203125 0.0265625 0.05
3 0.203125 0.515625 0.025 0.053125
11 0.559375 0.125 0.028125 0.0484375
11 0.390625 0.615625 0.028125 0.0484375
3 0.4875 0.5046875 0.0265625 0.053125
11 0.7125 0.3625 0.028125 0.05
11 0.875 0.35625 0.0265625 0.046875
3 0.353125 0.771875 0.0296875 0.0515625
11 0.540625 0.6125 0.0265625 0.0453125
11 0.8109375 0.35625 0.028125 0.046875
3 0.85 0.7578125 0.0265625 0.05
11 0.4265625 0.13125 0.0265625 0.0453125
3 0.840625 0.265625 0.0234375 0.046875
11 0.3640625 0.1296875 0.0265625 0.0453125
3 0.771875 0.76875 0.0296875 0.0515625
11 0.50625 0.125 0.028125 0.046875
11 0.759375 0.1203125 0.028125 0.0484375
8 0.5734375 0.884375 0.028125 0.0484375
3 0.603125 0.2546875 0.0265625 0.0546875
11 0.28125 0.35625 0.028125 0.046875
11 0.640625 0.35625 0.028125 0.046875
8 0.2296875 0.88125 0.028125 0.046875
3 0.890625 0.7546875 0.028125 0.05
3 0.8984375 0.496875 0.0265625 0.05
11 0.6125 0.1265625 0.028125 0.046875
11 0.0375 0.1140625 0.025 0.046875
8 0.678125 0.88125 0.0265625 0.046875
11 0.31875 0.128125 0.0265625 0.0453125
11 0.48125 0.35625 0.0265625 0.046875
8 0.0375 0.884375 0.0265625 0.0484375
8 0.125 0.884375 0.028125 0.0484375
8 0.490625 0.884375 0.0265625 0.046875
3 0.1703125 0.515625 0.025 0.046875
3 0.6390625 0.2515625 0.025 0.0515625
11 0.1984375 0.35625 0.028125 0.046875
3 0.165625 0.2546875 0.025 0.05625
8 0.771875 0.88125 0.028125 0.0484375
11 0.6765625 0.1234375 0.0265625 0.046875
11 0.0390625 0.35625 0.0265625 0.046875
11 0.421875 0.3578125 0.028125 0.0484375
11 0.5265625 0.35625 0.0265625 0.046875
11 0.8 0.121875 0.0265625 0.0484375
3 0.23125 0.509375 0.028125 0.0625
11 0.575 0.35625 0.0265625 0.046875
11 0.0875 0.61875 0.028125 0.05
11 0.196875 0.115625 0.028125 0.046875
11 0.453125 0.615625 0.0265625 0.05
8 0.7125 0.2671875 0.028125 0.046875
3 0.2 0.2515625 0.025 0.0515625
11 0.2703125 0.13125 0.0265625 0.04375
11 0.7625 0.3640625 0.0265625 0.05
11 0.8453125 0.121875 0.0265625 0.05
11 0.815625 0.609375 0.0265625 0.0453125
11 0.875 0.615625 0.028125 0.05
3 0.8125 0.2640625 0.0265625 0.0546875
11 0.0875 0.35625 0.0265625 0.046875
11 0.134375 0.115625 0.0265625 0.046875
11 0.375 0.3546875 0.0265625 0.046875
8 0.31875 0.88125 0.028125 0.0484375
11 0.6203125 0.609375 0.0234375 0.046875
11 0.890625 0.121875 0.0265625 0.05
11 0.0875 0.1140625 0.025 0.046875
11 0.6625 0.609375 0.025 0.046875
3 0.228125 0.246875 0.0234375 0.0515625
3 0.66875 0.24375 0.025 0.053125
11 0.328125 0.35625 0.0265625 0.0484375
11 0.1375 0.6265625 0.0265625 0.046875
3 0.840625 0.50625 0.025 0.0484375
3 0.8125 0.509375 0.028125 0.05
8 0.2875 0.50625 0.028125 0.053125
11 0.203125 0.6234375 0.028125 0.046875
11 0.578125 0.609375 0.025 0.046875
3 0.453125 0.50625 0.025 0.046875
11 0.765625 0.609375 0.025 0.046875
3 0.9 0.259375 0.0265625 0.0609375
3 0.3890625 0.5046875 0.0265625 0.0546875
11 0.715625 0.6078125 0.025 0.0453125
5 0.2796875 0.2765625 0.0265625 0.0234375
3 0.1375 0.515625 0.028125 0.0578125
3 0.1375 0.2609375 0.028125 0.0609375
3 0.575 0.265625 0.028125 0.0625
3 0.43125 0.75625 0.03125 0.0703125
8 0.0375 0.5109375 0.028125 0.05
5 0.5390625 0.5 0.025 0.0234375
9 0.6796875 0.75625 0.0265625 0.0203125
9 0.23125 0.7578125 0.028125 0.0203125
5 0.040625 0.734375 0.0265625 0.021875
9 0.040625 0.2609375 0.025 0.0234375
5 0.490625 0.734375 0.025 0.0203125
9 0.721875 0.5015625 0.0296875 0.0234375
9 0.4765625 0.2625 0.025 0.0171875