3 0.8375 0.6140625 0.0234375 0.0484375
3 0.1609375 0.103125 0.025 0.05
3 0.196875 0.621875 0.025 0.053125
3 0.846875 0.8671875 0.028125 0.0515625
3 0.390625 0.096875 0.025 0.0515625
11 0.8875 0.228125 0.028125 0.05
3 0.64375 0.10625 0.0265625 0.0671875
3 0.35 0.878125 0.0296875 0.0484375
3 0.8375 0.3734375 0.025 0.046875
3 0.4234375 0.103125 0.025 0.0546875
11 0.034375 0.728125 0.0265625 0.05
3 0.1671875 0.621875 0.025 0.0484375
3 0.390625 0.875 0.028125 0.053125
3 0.8875 0.8609375 0.028125 0.0515625
3 0.896875 0.60625 0.0265625 0.05
3 0.675 0.1125 0.028125 0.0609375
11 0.278125 0.465625 0.025 0.046875
11 0.3875 0.7234375 0.0296875 0.0484375
11 0.3640625 0.2390625 0.0265625 0.046875
3 0.63125 0.359375 0.0234375 0.0515625
3 0.45 0.615625 0.025 0.046875
3 0.809375 0.8703125 0.028125 0.0515625
3 0.4203125 0.6109375 0.025 0.0578125
11 0.7578125 0.228125 0.0265625 0.0484375
11 0.8125 0.465625 0.0265625 0.046875
11 0.8421875 0.228125 0.028125 0.05
3 0.86875 0.371875 0.025 0.0515625
3 0.603125 0.10625 0.028125 0.0671875
11 0.28125 0.7359375 0.0265625 0.046875
11 0.759375 0.46875 0.0265625 0.05
3 0.484375 0.6125 0.025 0.0515625
5 0.278125 0.3859375 0.0265625 0.021875
11 0.709375 0.471875 0.0265625 0.0484375
11 0.7984375 0.228125 0.028125 0.05
11 0.3125 0.2375 0.0265625 0.046875
11 0.1375 0.4625 0.025 0.046875
11 0.334375 0.7375 0.0265625 0.0453125
11 0.634375 0.465625 0.0265625 0.046875
8 0.284375 0.609375 0.028125 0.0515625
11 0.45 0.7234375 0.028125 0.05
11 0.478125 0.4625 0.025 0.0453125
3 0.665625 0.35625 0.0234375 0.05
11 0.609375 0.2328125 0.0265625 0.0484375
3 0.225 0.35625 0.025 0.05
8 0.503125 0.109375 0.028125 0.0484375
3 0.19375 0.3578125 0.025 0.0515625
11 0.871875 0.465625 0.028125 0.0484375
11 0.571875 0.4625 0.0265625 0.046875
3 0.6046875 0.365625 0.025 0.053125
3 0.86875 0.609375 0.025 0.05
3 0.803125 0.36875 0.0265625 0.0515625
11 0.4234375 0.2390625 0.028125 0.046875
11 0.55625 0.2328125 0.0265625 0.0484375
8 0.2640625 0.09375 0.025 0.0484375
11 0.325 0.4625 0.0265625 0.046875
11 0.084375 0.728125 0.028125 0.05
11 0.8125 0.71875 0.0265625 0.0453125
3 0.1875 0.1 0.025 0.0484375
11 0.7125 0.715625 0.025 0.04375
11 0.0875 0.2234375 0.025 0.0453125
11 0.0390625 0.4625 0.025 0.046875
11 0.13125 0.225 0.025 0.0453125
3 0.1671875 0.365625 0.025 0.053125
11 0.675 0.23125 0.028125 0.046875
3 0.7078125 0.11875 0.028125 0.053125
11 0.19375 0.2234375 0.0265625 0.046875
11 0.1359375 0.7328125 0.028125 0.0484375
11 0.5359375 0.7171875 0.025 0.0453125
11 0.503125 0.23125 0.0265625 0.0484375
11 0.615625 0.715625 0.025 0.046875
3 0.76875 0.875 0.028125 0.0515625
11 0.196875 0.7328125 0.028125 0.0484375
11 0.0390625 0.221875 0.0265625 0.046875
3 0.4515625 0.10625 0.0265625 0.05
11 0.765625 0.715625 0.025 0.046875
11 0.5265625 0.4625 0.0265625 0.046875
11 0.1953125 0.465625 0.0265625 0.046875
3 0.128125 0.1078125 0.0265625 0.05
5 0.759375 0.1109375 0.0234375 0.021875
11 0.0875 0.4625 0.025 0.046875
11 0.871875 0.71875 0.028125 0.05
3 0.8984375 0.36875 0.028125 0.059375
3 0.21875 0.096875 0.025 0.05
11 0.41875 0.465625 0.025 0.0484375
8 0.709375 0.3765625 0.0265625 0.0484375
11 0.2671875 0.234375 0.025 0.0453125
3 0.43125 0.8609375 0.03125 0.0703125
11 0.36875 0.4625 0.025 0.046875
3 0.359375 0.09375 0.0265625 0.053125
3 0.1375 0.621875 0.028125 0.05625
5 0.534375 0.60625 0.025 0.021875
3 0.38125 0.609375 0.028125 0.0546875
11 0.659375 0.715625 0.025 0.0453125
3 0.134375 0.36875 0.028125 0.0578125
3 0.80625 0.615625 0.025 0.0484375
11 0.575 0.7171875 0.025 0.046875
3 0.315625 0.884375 0.0296875 0.0515625
3 0.228125 0.6171875 0.0265625 0.0625
3 0.571875 0.3703125 0.0296875 0.059375
9 0.715625 0.609375 0.0265625 0.0234375
5 0.0375 0.8421875 0.028125 0.0234375
8 0.034375 0.625 0.028125 0.05
9 0.228125 0.8625 0.028125 0.021875
9 0.034375 0.36875 0.0265625 0.021875
9 0.6765625 0.8625 0.0265625 0.021875
9 0.034375 0.1 0.0265625 0.0203125
5 0.4875 0.8421875 0.025 0.021875
9 0.475 0.3703125 0.0265625 0.01875