0 0.0734375 0.61875 0.0359375 0.0453125
3 0.978125 0.503125 0.0265625 0.0484375
0 0.075 0.365625 0.0375 0.0453125
0 0.0734375 0.878125 0.0390625 0.046875
3 0.7140625 0.25625 0.0234375 0.0484375
0 0.0734375 0.1234375 0.0375 0.046875
3 0.8875 0.765625 0.028125 0.05
3 0.4984375 0.50625 0.025 0.0578125
3 0.91875 0.5140625 0.025 0.05
3 0.9296875 0.7625 0.0265625 0.0515625
3 0.4328125 0.775 0.028125 0.0515625
14 0.0765625 0.26875 0.0375 0.078125
3 0.278125 0.5203125 0.025 0.053125
3 0.275 0.25625 0.0234375 0.0515625
11 0.925 0.125 0.028125 0.0484375
11 0.7875 0.36875 0.0265625 0.046875
11 0.8359375 0.125 0.028125 0.05
3 0.246875 0.5234375 0.025 0.046875
3 0.53125 0.515625 0.0234375 0.05
8 0.2 0.8875 0.028125 0.0484375
3 0.7421875 0.253125 0.025 0.0484375
3 0.303125 0.253125 0.0234375 0.05
11 0.165625 0.628125 0.0265625 0.05
8 0.6515625 0.8875 0.0265625 0.0484375
14 0.0703125 0.515625 0.0359375 0.0765625
3 0.9484375 0.26875 0.025 0.0515625
11 0.465625 0.6203125 0.028125 0.05
3 0.5625 0.5078125 0.0265625 0.0515625
3 0.46875 0.771875 0.028125 0.0515625
11 0.58125 0.13125 0.028125 0.0484375
11 0.634375 0.13125 0.028125 0.0484375
11 0.8375 0.36875 0.0265625 0.0484375
11 0.6875 0.13125 0.0296875 0.0484375
3 0.946875 0.50625 0.025 0.0484375
11 0.6140625 0.6140625 0.0265625 0.046875
14 0.0734375 0.7671875 0.0375 0.078125
3 0.39375 0.778125 0.03125 0.0515625
11 0.96875 0.125 0.028125 0.05
11 0.11875 0.1203125 0.025 0.046875
3 0.8875 0.51875 0.0265625 0.0484375
3 0.846875 0.7703125 0.0296875 0.05
11 0.8796875 0.125 0.0265625 0.0484375
11 0.45 0.3625 0.025 0.046875
11 0.49375 0.3625 0.0265625 0.05
11 0.3609375 0.634375 0.028125 0.046875
11 0.115625 0.628125 0.0265625 0.05
11 0.95 0.6171875 0.028125 0.046875
11 0.4125 0.6359375 0.0265625 0.0453125
11 0.890625 0.359375 0.0265625 0.046875
11 0.35625 0.3609375 0.0265625 0.046875
3 0.915625 0.26875 0.0234375 0.0453125
11 0.95 0.3625 0.028125 0.046875
11 0.5328125 0.6203125 0.0265625 0.05
8 0.7578125 0.8859375 0.028125 0.0484375
11 0.846875 0.6125 0.025 0.046875
11 0.890625 0.6125 0.025 0.046875
11 0.2125 0.11875 0.025 0.0453125
11 0.2171875 0.63125 0.0265625 0.046875
8 0.565625 0.8875 0.0265625 0.046875
8 0.7875 0.271875 0.028125 0.0484375
11 0.2765625 0.3609375 0.028125 0.046875
11 0.26875 0.1203125 0.028125 0.0453125
11 0.65625 0.615625 0.025 0.0453125
11 0.3453125 0.1359375 0.028125 0.046875
11 0.2171875 0.3625 0.0265625 0.046875
11 0.75625 0.128125 0.028125 0.0484375
11 0.79375 0.6140625 0.025 0.0453125
11 0.6546875 0.3609375 0.0265625 0.046875
11 0.44375 0.1328125 0.0265625 0.046875
11 0.7375 0.615625 0.0234375 0.046875
11 0.1625 0.1203125 0.025 0.046875
3 0.2171875 0.521875 0.028125 0.0546875
3 0.68125 0.259375 0.025 0.05625
3 0.30625 0.5125 0.0265625 0.0625
11 0.2796875 0.63125 0.028125 0.0484375
11 0.7125 0.359375 0.0265625 0.0484375
8 0.846875 0.884375 0.0296875 0.0484375
8 0.390625 0.8859375 0.0296875 0.05
11 0.6046875 0.3609375 0.0265625 0.046875
3 0.24375 0.2625 0.025 0.0546875
3 0.2171875 0.265625 0.0296875 0.059375
3 0.96875 0.759375 0.028125 0.05
8 0.309375 0.8859375 0.0296875 0.05
8 0.115625 0.521875 0.028125 0.0484375
11 0.55625 0.3625 0.025 0.0453125
11 0.5015625 0.134375 0.0265625 0.0453125
8 0.115625 0.8890625 0.0265625 0.046875
11 0.390625 0.1328125 0.028125 0.0484375
11 0.403125 0.3609375 0.0265625 0.046875
11 0.165625 0.3609375 0.025 0.046875
3 0.465625 0.5125 0.0265625 0.0546875
11 0.7 0.615625 0.0234375 0.046875
5 0.6125 0.503125 0.0265625 0.021875
3 0.8875 0.265625 0.025 0.0515625
11 0.11875 0.359375 0.0265625 0.0484375
8 0.3625 0.50625 0.028125 0.053125
3 0.5125 0.7609375 0.03125 0.0703125
3 0.653125 0.2625 0.028125 0.0609375
9 0.309375 0.7625 0.0296875 0.0234375
3 0.9796875 0.2640625 0.0265625 0.0609375
5 0.35625 0.28125 0.0265625 0.0234375
9 0.759375 0.7625 0.028125 0.021875
9 0.115625 0.265625 0.028125 0.021875
9 0.796875 0.50625 0.0265625 0.0203125
9 0.5546875 0.265625 0.0265625 0.021875
5 0.115625 0.7390625 0.028125 0.0234375
5 0.5640625 0.740625 0.034375 0.0171875
5 0.8359375 0.009375 0.0328125 0.01875