0 0.0546875 0.075 0.034375 0.046875
3 0.434375 0.2203125 0.0234375 0.0515625
11 0.05 0.8484375 0.0265625 0.05
11 0.1 0.85 0.0296875 0.05
5 0.76875 0.2296875 0.0265625 0.021875
3 0.675 0.475 0.0234375 0.05
3 0.6859375 0.2328125 0.028125 0.0625
11 0.15 0.8546875 0.028125 0.046875
11 0.853125 0.346875 0.0265625 0.0484375
3 0.2125 0.740625 0.025 0.053125
8 0.515625 0.228125 0.0265625 0.046875
3 0.6484375 0.4796875 0.0234375 0.0484375
3 0.88125 0.7296875 0.025 0.0484375
3 0.85 0.4953125 0.021875 0.046875
11 0.6203125 0.353125 0.0265625 0.046875
11 0.3984375 0.84375 0.028125 0.05
11 0.2125 0.853125 0.028125 0.0484375
11 0.2140625 0.06875 0.0265625 0.0453125
11 0.5671875 0.353125 0.028125 0.046875
11 0.5875 0.584375 0.0265625 0.046875
11 0.721875 0.590625 0.028125 0.05
11 0.14375 0.34375 0.0265625 0.046875
3 0.209375 0.478125 0.025 0.05
3 0.2015625 0.21875 0.0234375 0.05
3 0.43125 0.73125 0.025 0.05625
11 0.9 0.346875 0.028125 0.05
11 0.11875 0.0703125 0.0265625 0.046875
3 0.4625 0.734375 0.025 0.046875
3 0.171875 0.2234375 0.025 0.05
11 0.29375 0.859375 0.0265625 0.046875
11 0.76875 0.346875 0.028125 0.0484375
3 0.85 0.7359375 0.025 0.05
5 0.2890625 0.503125 0.0265625 0.021875
11 0.6375 0.0703125 0.0265625 0.0484375
11 0.5140625 0.3546875 0.028125 0.046875
3 0.9078125 0.7265625 0.025 0.0515625
11 0.690625 0.35625 0.028125 0.0484375
11 0.6484375 0.584375 0.0265625 0.046875
11 0.8828125 0.840625 0.028125 0.0484375
3 0.909375 0.4875 0.0265625 0.0609375
11 0.5875 0.06875 0.025 0.046875
11 0.8140625 0.346875 0.028125 0.05
8 0.721875 0.4953125 0.0265625 0.05
11 0.35 0.06875 0.028125 0.0484375
11 0.69375 0.06875 0.0265625 0.046875
11 0.8109375 0.06875 0.025 0.046875
3 0.653125 0.225 0.0265625 0.0640625
11 0.434375 0.359375 0.0265625 0.0453125
11 0.821875 0.584375 0.0265625 0.046875
11 0.15 0.584375 0.0265625 0.046875
3 0.2375 0.475 0.025 0.05
11 0.346875 0.85625 0.0265625 0.0453125
11 0.54375 0.06875 0.025 0.0453125
3 0.403125 0.215625 0.0234375 0.05
11 0.2015625 0.340625 0.0265625 0.046875
11 0.209375 0.584375 0.028125 0.046875
11 0.440625 0.06875 0.025 0.046875
11 0.884375 0.584375 0.028125 0.046875
11 0.9 0.075 0.0265625 0.05
3 0.4625 0.225 0.025 0.0484375
11 0.484375 0.0765625 0.0265625 0.05
8 0.296875 0.73125 0.028125 0.0515625
11 0.859375 0.06875 0.025 0.046875
11 0.2703125 0.06875 0.0265625 0.046875
11 0.278125 0.359375 0.0265625 0.046875
11 0.375 0.359375 0.0265625 0.046875
11 0.4625 0.84375 0.028125 0.05
11 0.771875 0.5890625 0.028125 0.05
3 0.18125 0.746875 0.025 0.046875
3 0.88125 0.4890625 0.025 0.0515625
3 0.8203125 0.4921875 0.025 0.0515625
11 0.0515625 0.34375 0.028125 0.046875
11 0.76875 0.0703125 0.0265625 0.0484375
11 0.3265625 0.359375 0.028125 0.0484375
11 0.165625 0.0703125 0.025 0.046875
3 0.375 0.2125 0.0265625 0.053125
3 0.178125 0.4875 0.025 0.053125
3 0.146875 0.4875 0.0296875 0.0609375
11 0.3359375 0.584375 0.0265625 0.046875
11 0.546875 0.8375 0.025 0.0453125
8 0.278125 0.2125 0.025 0.0484375
11 0.1 0.584375 0.0265625 0.046875
11 0.5375 0.584375 0.0265625 0.046875
11 0.290625 0.584375 0.0265625 0.046875
11 0.8234375 0.8375 0.0265625 0.046875
11 0.39375 0.0703125 0.025 0.0484375
3 0.6171875 0.225 0.0296875 0.0671875
3 0.6140625 0.48125 0.0265625 0.0546875
3 0.715625 0.2390625 0.028125 0.0546875
11 0.4890625 0.584375 0.0265625 0.0453125
11 0.590625 0.8375 0.025 0.0453125
11 0.378125 0.58125 0.0265625 0.0484375
3 0.4953125 0.73125 0.025 0.0515625
11 0.4296875 0.5875 0.0265625 0.0484375
3 0.14375 0.2265625 0.0296875 0.0515625
3 0.228125 0.215625 0.028125 0.05
8 0.05 0.7390625 0.028125 0.0515625
11 0.775 0.8375 0.025 0.046875
11 0.728125 0.8375 0.0234375 0.0453125
11 0.628125 0.8375 0.025 0.0453125
3 0.3984375 0.73125 0.0265625 0.0546875
11 0.1 0.3421875 0.0265625 0.046875
3 0.15 0.740625 0.0296875 0.0546875
11 0.671875 0.8375 0.0234375 0.046875
11 0.0515625 0.58125 0.028125 0.0484375
3 0.821875 0.7375 0.025 0.0484375
3 0.240625 0.740625 0.028125 0.0625
3 0.5875 0.4921875 0.028125 0.059375
9 0.240625 0.9859375 0.028125 0.0203125
9 0.6921875 0.9859375 0.0265625 0.0203125
5 0.546875 0.7265625 0.0234375 0.0234375
9 0.725 0.728125 0.025 0.0234375
9 0.05 0.4890625 0.028125 0.0234375
9 0.05 0.21875 0.0296875 0.025
9 0.490625 0.49375 0.03125 0.0265625
5 0.5 0.965625 0.025 0.028125
5 0.05 0.965625 0.028125 0.0234375