3 0.4640625 0.765625 0.028125 0.046875
5 0.390625 0.2734375 0.0265625 0.0234375
14 0.109375 0.50625 0.0375 0.078125
3 0.9515625 0.5015625 0.0234375 0.046875
0 0.109375 0.3578125 0.0375 0.0453125
14 0.1109375 0.259375 0.0390625 0.0765625
8 0.6875 0.878125 0.0296875 0.046875
3 0.9625 0.753125 0.0265625 0.05
3 0.984375 0.259375 0.028125 0.0515625
3 0.534375 0.496875 0.025 0.0578125
3 0.5640625 0.503125 0.025 0.0453125
3 0.9234375 0.75625 0.028125 0.05
3 0.746875 0.246875 0.0234375 0.0515625
0 0.109375 0.1140625 0.0390625 0.0484375
0 0.109375 0.86875 0.0375 0.046875
3 0.284375 0.515625 0.025 0.05
8 0.234375 0.878125 0.0296875 0.0484375
3 0.95 0.2625 0.0234375 0.0453125
3 0.5046875 0.7625 0.0296875 0.0515625
3 0.984375 0.4984375 0.0265625 0.0484375
14 0.109375 0.759375 0.0375 0.078125
3 0.921875 0.259375 0.0265625 0.053125
11 0.5015625 0.6125 0.028125 0.0484375
11 0.95625 0.1171875 0.0265625 0.05
3 0.3078125 0.246875 0.0234375 0.0515625
3 0.596875 0.5 0.0265625 0.053125
11 0.2515625 0.35 0.025 0.046875
11 0.98671875 0.353125 0.0265625 0.046875
11 0.396875 0.6234375 0.0265625 0.046875
3 0.3125 0.509375 0.0234375 0.053125
11 0.690625 0.35 0.0265625 0.046875
8 0.6015625 0.8796875 0.028125 0.046875
11 0.38125 0.121875 0.025 0.046875
11 0.7234375 0.1203125 0.028125 0.0484375
11 0.309375 0.353125 0.0265625 0.046875
11 0.871875 0.115625 0.028125 0.0484375
8 0.428125 0.875 0.028125 0.05
11 0.871875 0.35625 0.0265625 0.05
8 0.396875 0.4984375 0.0265625 0.05
8 0.1515625 0.878125 0.028125 0.0453125
3 0.88125 0.7625 0.028125 0.05
11 0.925 0.60625 0.0265625 0.0453125
11 0.75 0.35 0.0265625 0.046875
11 0.671875 0.121875 0.028125 0.0484375
11 0.8234375 0.359375 0.028125 0.0484375
11 0.2453125 0.1109375 0.0265625 0.046875
3 0.4296875 0.771875 0.03125 0.0515625
11 0.925 0.35 0.0265625 0.046875
11 0.478125 0.1265625 0.0265625 0.046875
11 0.615625 0.11875 0.0265625 0.0484375
11 0.2 0.109375 0.025 0.0484375
3 0.925 0.50625 0.0265625 0.046875
11 0.640625 0.35 0.025 0.046875
3 0.715625 0.25 0.025 0.05625
11 0.5375 0.1265625 0.028125 0.046875
8 0.88125 0.875 0.0265625 0.0484375
0 0.109375 0.609375 0.0375 0.0484375
8 0.8234375 0.2625 0.028125 0.05
3 0.778125 0.24375 0.0234375 0.05
11 0.1515625 0.615625 0.028125 0.05
11 0.7875 0.11875 0.028125 0.0484375
11 0.4484375 0.625 0.0265625 0.0453125
11 0.565625 0.6109375 0.028125 0.05
11 0.4375 0.35 0.0265625 0.046875
11 0.203125 0.35 0.0265625 0.046875
11 0.590625 0.35 0.025 0.0453125
11 0.9859375 0.609375 0.028125 0.0484375
11 0.303125 0.1109375 0.028125 0.046875
8 0.340625 0.875 0.028125 0.0484375
11 0.53125 0.353125 0.0265625 0.0484375
11 0.1984375 0.615625 0.028125 0.05
11 0.8296875 0.6046875 0.025 0.04375
11 0.428125 0.121875 0.028125 0.046875
11 0.3921875 0.35 0.025 0.046875
11 0.7734375 0.6046875 0.025 0.046875
3 0.246875 0.25625 0.0296875 0.0625
3 0.2796875 0.253125 0.025 0.0546875
11 0.9125 0.1171875 0.028125 0.05
11 0.3125 0.61875 0.028125 0.0484375
11 0.484375 0.35 0.025 0.0453125
8 0.790625 0.875 0.028125 0.0484375
11 0.73125 0.60625 0.025 0.0484375
3 0.2515625 0.5078125 0.028125 0.05625
11 0.25 0.621875 0.028125 0.0484375
11 0.65 0.6046875 0.0265625 0.046875
3 0.340625 0.24375 0.0234375 0.05
8 0.153125 0.50625 0.0265625 0.05
3 0.34375 0.5046875 0.0265625 0.0609375
11 0.878125 0.6046875 0.025 0.046875
5 0.6484375 0.4953125 0.0265625 0.021875
11 0.153125 0.353125 0.0265625 0.046875
3 0.5453125 0.75 0.03125 0.0703125
11 0.6890625 0.6046875 0.025 0.046875
3 0.690625 0.2578125 0.028125 0.0609375
11 0.153125 0.109375 0.0265625 0.0484375
5 0.6 0.7296875 0.0265625 0.0203125
3 0.5 0.5 0.0265625 0.0546875
5 0.1515625 0.73125 0.028125 0.021875
9 0.3421875 0.753125 0.028125 0.0203125
9 0.1515625 0.25625 0.028125 0.0234375
11 0.99375 0.11875 0.0125 0.0515625
9 0.790625 0.753125 0.025 0.0203125
9 0.828125 0.496875 0.025 0.0203125
9 0.590625 0.25625 0.028125 0.0234375
11 0.99921875 0.353125 0.0015625 0.046875