3 0.278125 0.446875 0.025 0.053125
3 0.496875 0.4390625 0.025 0.05625
14 0.06875 0.44375 0.0375 0.078125
11 0.3546875 0.290625 0.0265625 0.046875
0 0.071875 0.809375 0.0359375 0.046875
3 0.978125 0.434375 0.0265625 0.05
3 0.4671875 0.7046875 0.0265625 0.0515625
3 0.94375 0.4390625 0.0234375 0.05
3 0.91875 0.4421875 0.025 0.0484375
3 0.928125 0.69375 0.0265625 0.05
0 0.071875 0.29375 0.0359375 0.0453125
3 0.946875 0.1984375 0.0234375 0.05
11 0.34375 0.0640625 0.0265625 0.0453125
8 0.84375 0.8171875 0.028125 0.0484375
0 0.071875 0.55 0.0359375 0.0453125
8 0.115625 0.446875 0.028125 0.05
3 0.5609375 0.440625 0.0265625 0.053125
11 0.6328125 0.0609375 0.028125 0.046875
0 0.071875 0.0546875 0.0359375 0.0453125
11 0.7875 0.2984375 0.028125 0.05
11 0.5 0.0640625 0.0265625 0.0453125
3 0.68125 0.1953125 0.025 0.053125
11 0.8875 0.290625 0.0265625 0.046875
3 0.91875 0.203125 0.0234375 0.0453125
11 0.4625 0.553125 0.028125 0.05
8 0.5640625 0.821875 0.0265625 0.046875
11 0.578125 0.0609375 0.028125 0.046875
11 0.2125 0.05 0.025 0.046875
3 0.24375 0.453125 0.025 0.046875
8 0.65 0.8203125 0.028125 0.0484375
11 0.275 0.290625 0.0265625 0.046875
11 0.921875 0.0578125 0.0265625 0.05
11 0.8359375 0.296875 0.028125 0.05
11 0.3890625 0.0625 0.0265625 0.046875
8 0.1984375 0.8203125 0.0296875 0.0484375
11 0.359375 0.5640625 0.0265625 0.04375
11 0.1171875 0.296875 0.025 0.0484375
11 0.95 0.290625 0.028125 0.046875
11 0.834375 0.05625 0.028125 0.0484375
3 0.30625 0.446875 0.0265625 0.0640625
11 0.215625 0.2953125 0.025 0.046875
8 0.115625 0.8203125 0.0265625 0.046875
11 0.4125 0.5640625 0.028125 0.04375
11 0.553125 0.2953125 0.0265625 0.046875
3 0.7125 0.184375 0.0234375 0.05
11 0.1640625 0.05 0.025 0.0453125
11 0.7140625 0.290625 0.0265625 0.046875
11 0.8890625 0.546875 0.025 0.04375
11 0.6859375 0.0625 0.028125 0.046875
14 0.06875 0.696875 0.0375 0.075
11 0.79375 0.5484375 0.025 0.04375
3 0.8859375 0.6984375 0.0296875 0.0484375
11 0.946875 0.55 0.028125 0.0484375
3 0.965625 0.69375 0.028125 0.05
3 0.275 0.184375 0.0234375 0.05
3 0.43125 0.709375 0.0296875 0.0515625
11 0.6546875 0.546875 0.025 0.04375
11 0.653125 0.290625 0.0265625 0.046875
11 0.2671875 0.05 0.0265625 0.046875
11 0.4921875 0.3 0.0265625 0.046875
11 0.165625 0.290625 0.025 0.046875
11 0.440625 0.0625 0.0265625 0.0484375
3 0.978125 0.196875 0.0265625 0.0609375
11 0.165625 0.55625 0.028125 0.05
11 0.753125 0.059375 0.028125 0.046875
3 0.390625 0.709375 0.0296875 0.0515625
11 0.878125 0.05625 0.0265625 0.0484375
11 0.8453125 0.5484375 0.0234375 0.04375
3 0.53125 0.4421875 0.025 0.0484375
3 0.303125 0.1796875 0.0234375 0.0515625
8 0.390625 0.8171875 0.028125 0.0484375
11 0.215625 0.559375 0.0265625 0.046875
11 0.53125 0.553125 0.028125 0.05
11 0.1125 0.559375 0.0265625 0.05
14 0.06875 0.2046875 0.0375 0.078125
11 0.6125 0.546875 0.0265625 0.0453125
3 0.215625 0.196875 0.028125 0.0640625
3 0.740625 0.18125 0.025 0.0515625
11 0.278125 0.559375 0.028125 0.046875
11 0.9671875 0.05625 0.028125 0.0484375
8 0.75625 0.815625 0.028125 0.0484375
8 0.7875 0.203125 0.028125 0.05
5 0.6125 0.4375 0.0265625 0.0234375
11 0.7375 0.546875 0.025 0.0453125
3 0.85 0.7 0.0296875 0.0515625
11 0.1171875 0.0484375 0.025 0.0484375
3 0.4625 0.440625 0.0265625 0.0546875
8 0.303125 0.815625 0.028125 0.0484375
3 0.24375 0.1953125 0.025 0.0515625
3 0.215625 0.446875 0.028125 0.05625
11 0.6984375 0.5453125 0.0234375 0.046875
11 0.446875 0.290625 0.0265625 0.046875
3 0.8875 0.4484375 0.0265625 0.046875
3 0.884375 0.2015625 0.025 0.0515625
8 0.3625 0.440625 0.028125 0.053125
11 0.603125 0.290625 0.025 0.046875
11 0.4 0.290625 0.0265625 0.0484375
3 0.509375 0.6875 0.03125 0.06875
3 0.653125 0.196875 0.028125 0.0625
9 0.75625 0.69375 0.028125 0.0203125
9 0.3046875 0.69375 0.028125 0.021875
5 0.353125 0.215625 0.0265625 0.0234375
5 0.5625 0.671875 0.0234375 0.021875
9 0.553125 0.1953125 0.025 0.021875
9 0.1140625 0.19375 0.028125 0.0234375
9 0.790625 0.4375 0.025 0.0203125
5 0.1140625 0.671875 0.0328125 0.028125