0 0.1265625 0.06875 0.0375 0.046875
0 0.08125 0.58125 0.0375 0.0453125
0 0.0796875 0.8359375 0.0359375 0.046875
3 0.984375 0.7203125 0.0265625 0.0515625
11 0.121875 0.846875 0.0265625 0.0484375
3 0.24375 0.2171875 0.025 0.0484375
3 0.975 0.975 0.0296875 0.0484375
0 0.08125 0.340625 0.0375 0.0453125
14 0.084375 0.484375 0.0359375 0.0765625
14 0.084375 0.21875 0.0359375 0.075
11 0.446875 0.353125 0.0265625 0.046875
3 0.284375 0.734375 0.025 0.053125
3 0.925 0.4875 0.025 0.0484375
5 0.3625 0.5 0.025 0.0234375
11 0.79375 0.584375 0.0265625 0.0484375
3 0.7609375 0.225 0.028125 0.059375
14 0.084375 0.7328125 0.0359375 0.0796875
3 0.4796875 0.2109375 0.025 0.0515625
11 0.4265625 0.0640625 0.028125 0.0453125
3 0.275 0.2140625 0.0234375 0.05
3 0.5390625 0.21875 0.025 0.0484375
11 0.4703125 0.8390625 0.028125 0.0515625
11 0.190625 0.0640625 0.025 0.0484375
3 0.5390625 0.7296875 0.025 0.0484375
3 0.50625 0.721875 0.0234375 0.0546875
3 0.50625 0.215625 0.0234375 0.053125
3 0.9859375 0.48125 0.028125 0.059375
11 0.421875 0.85 0.028125 0.0453125
11 0.4 0.353125 0.0265625 0.046875
11 0.346875 0.0625 0.028125 0.0484375
11 0.36875 0.85 0.0265625 0.0453125
11 0.696875 0.346875 0.028125 0.046875
3 0.7171875 0.4703125 0.025 0.053125
11 0.2859375 0.0640625 0.0265625 0.046875
11 0.6109375 0.0625 0.025 0.046875
11 0.659375 0.5765625 0.0265625 0.046875
11 0.3625 0.578125 0.0265625 0.046875
3 0.9515625 0.725 0.025 0.05
8 0.5859375 0.221875 0.028125 0.0484375
11 0.6625 0.0625 0.0265625 0.0484375
11 0.71875 0.5765625 0.0265625 0.0484375
11 0.840625 0.0640625 0.025 0.0453125
11 0.8875 0.0625 0.025 0.0484375
3 0.925 0.728125 0.025 0.0484375
3 0.2546875 0.4796875 0.025 0.053125
11 0.7625 0.3453125 0.028125 0.046875
11 0.70625 0.0625 0.028125 0.0484375
3 0.69375 0.48125 0.0234375 0.053125
11 0.515625 0.0625 0.025 0.0484375
8 0.371875 0.725 0.0265625 0.0515625
3 0.7265625 0.2203125 0.0265625 0.0640625
11 0.95625 0.578125 0.028125 0.046875
11 0.2765625 0.3375 0.028125 0.046875
11 0.925 0.34375 0.0265625 0.0484375
11 0.840625 0.340625 0.028125 0.046875
11 0.284375 0.8453125 0.028125 0.0484375
11 0.171875 0.8421875 0.028125 0.05
11 0.975 0.340625 0.028125 0.046875
11 0.590625 0.346875 0.028125 0.0484375
11 0.84375 0.58125 0.0265625 0.0484375
11 0.35 0.353125 0.0265625 0.046875
11 0.2234375 0.846875 0.028125 0.0484375
3 0.309375 0.46875 0.0234375 0.05
3 0.25625 0.7375 0.025 0.0484375
11 0.76875 0.0625 0.028125 0.0484375
3 0.28125 0.471875 0.0234375 0.0484375
11 0.5390625 0.8375 0.028125 0.05
3 0.953125 0.4859375 0.025 0.0515625
8 0.3515625 0.203125 0.0265625 0.0484375
11 0.5609375 0.575 0.0265625 0.0453125
11 0.46875 0.0625 0.025 0.046875
11 0.221875 0.578125 0.0265625 0.046875
11 0.4546875 0.578125 0.025 0.0453125
3 0.221875 0.4828125 0.0296875 0.059375
3 0.7484375 0.465625 0.0234375 0.05
11 0.121875 0.578125 0.0265625 0.046875
11 0.9765625 0.06875 0.025 0.0484375
11 0.2375 0.0640625 0.025 0.0484375
11 0.2828125 0.578125 0.0265625 0.046875
11 0.64375 0.346875 0.0265625 0.046875
8 0.121875 0.7375 0.0296875 0.0515625
11 0.503125 0.58125 0.0265625 0.0484375
11 0.93125 0.065625 0.025 0.0484375
11 0.55625 0.06875 0.025 0.05
11 0.5078125 0.35 0.0265625 0.046875
11 0.21875 0.3375 0.0265625 0.046875
11 0.61875 0.83125 0.025 0.046875
8 0.79375 0.4875 0.0265625 0.05
11 0.8953125 0.578125 0.028125 0.046875
11 0.896875 0.83125 0.0265625 0.0453125
11 0.121875 0.334375 0.025 0.046875
3 0.56875 0.7234375 0.0265625 0.0515625
11 0.95625 0.834375 0.028125 0.0484375
11 0.171875 0.578125 0.025 0.046875
11 0.171875 0.334375 0.025 0.046875
11 0.8859375 0.3421875 0.0265625 0.0484375
3 0.3140625 0.73125 0.025 0.0625
11 0.409375 0.575 0.025 0.046875
11 0.6109375 0.578125 0.0265625 0.046875
3 0.3 0.209375 0.0265625 0.05
5 0.61875 0.721875 0.025 0.021875
3 0.471875 0.7234375 0.028125 0.0546875
3 0.659375 0.4828125 0.0296875 0.0609375
3 0.221875 0.734375 0.028125 0.0578125
11 0.7015625 0.828125 0.025 0.0453125
11 0.846875 0.83125 0.025 0.0453125
11 0.515625 0.97109375 0.03125 0.0578125
3 0.215625 0.2234375 0.0265625 0.0515625
3 0.89375 0.73125 0.0265625 0.046875
11 0.74375 0.83125 0.025 0.046875
3 0.79375 0.234375 0.0265625 0.0515625
11 0.6625 0.83125 0.025 0.0453125
11 0.8 0.83125 0.025 0.046875
3 0.446875 0.20625 0.0265625 0.053125
5 0.840625 0.225 0.025 0.0203125
3 0.89375 0.484375 0.0265625 0.0515625
9 0.803125 0.7234375 0.0265625 0.021875
9 0.121875 0.4828125 0.0265625 0.021875
8 0.6921875 0.215625 0.028125 0.065625
9 0.3125 0.978125 0.0265625 0.0234375
5 0.121875 0.95625 0.0265625 0.0234375
5 0.5703125 0.95625 0.025 0.021875
9 0.559375 0.484375 0.025 0.0203125
9 0.121875 0.2125 0.0265625 0.021875
9 0.765625 0.978125 0.0265625 0.0234375