0 0.0375 0.259375 0.0359375 0.046875
3 0.196875 0.921875 0.025 0.053125
3 0.709375 0.14375 0.0234375 0.0484375
3 0.165625 0.9265625 0.0234375 0.046875
3 0.671875 0.415625 0.028125 0.059375
11 0.2 0.253125 0.0265625 0.046875
3 0.653125 0.15625 0.025 0.0515625
11 0.709375 0.771875 0.0265625 0.0484375
3 0.421875 0.403125 0.0234375 0.0515625
3 0.159375 0.4078125 0.025 0.0484375
3 0.45 0.91875 0.025 0.0484375
11 0.278125 0.7640625 0.0265625 0.046875
5 0.2765625 0.6859375 0.0265625 0.021875
3 0.8359375 0.675 0.0234375 0.0484375
3 0.228125 0.15625 0.025 0.0515625
3 0.640625 0.409375 0.0265625 0.065625
3 0.390625 0.396875 0.0234375 0.0515625
3 0.41875 0.9140625 0.025 0.05625
11 0.3625 0.5375 0.0265625 0.046875
11 0.3375 0.253125 0.028125 0.046875
3 0.45 0.409375 0.0265625 0.05
3 0.2859375 0.14375 0.021875 0.0484375
3 0.89375 0.909375 0.025 0.05
3 0.225 0.6546875 0.025 0.05
11 0.75625 0.53125 0.0265625 0.0484375
14 0.0390625 0.1640625 0.034375 0.0765625
11 0.6078125 0.5375 0.0265625 0.0484375
3 0.259375 0.15 0.0234375 0.0453125
11 0.884375 0.53125 0.0265625 0.0484375
3 0.603125 0.403125 0.0265625 0.06875
11 0.259375 0.253125 0.028125 0.0484375
11 0.1046875 0.253125 0.0265625 0.046875
3 0.86875 0.671875 0.0234375 0.0515625
11 0.3109375 0.5375 0.0265625 0.046875
11 0.80625 0.765625 0.028125 0.046875
3 0.6625 0.65625 0.0234375 0.05
11 0.7578125 0.771875 0.025 0.0484375
11 0.1984375 0.7671875 0.028125 0.046875
3 0.184375 0.403125 0.0234375 0.0484375
11 0.265625 0.5390625 0.0265625 0.046875
3 0.4828125 0.915625 0.025 0.0515625
11 0.4734375 0.765625 0.0265625 0.0453125
3 0.803125 0.671875 0.0265625 0.0515625
11 0.871875 0.765625 0.0265625 0.046875
11 0.63125 0.765625 0.0265625 0.046875
3 0.63125 0.6625 0.025 0.05
11 0.75625 0.253125 0.0265625 0.046875
3 0.70625 0.421875 0.028125 0.0515625
11 0.134375 0.765625 0.0265625 0.046875
11 0.1875 0.525 0.0265625 0.046875
3 0.8375 0.9171875 0.0234375 0.0484375
8 0.7078125 0.675 0.0265625 0.05
11 0.678125 0.253125 0.028125 0.046875
3 0.1921875 0.6625 0.025 0.05
11 0.528125 0.253125 0.025 0.046875
11 0.153125 0.253125 0.025 0.046875
11 0.38125 0.2546875 0.025 0.046875
8 0.2828125 0.9140625 0.028125 0.053125
3 0.603125 0.665625 0.025 0.0515625
5 0.534375 0.90625 0.025 0.0234375
11 0.6734375 0.534375 0.028125 0.046875
3 0.3578125 0.390625 0.025 0.053125
3 0.896875 0.6671875 0.028125 0.059375
11 0.5734375 0.253125 0.0265625 0.046875
11 0.840625 0.53125 0.028125 0.0484375
3 0.384375 0.915625 0.0265625 0.05625
11 0.128125 0.525 0.0265625 0.046875
11 0.0375 0.525 0.0265625 0.0453125
11 0.553125 0.534375 0.0265625 0.0484375
3 0.865625 0.9125 0.025 0.05
8 0.265625 0.3921875 0.0265625 0.0484375
11 0.0859375 0.528125 0.0265625 0.046875
11 0.5 0.5359375 0.028125 0.046875
11 0.571875 0.765625 0.0265625 0.046875
11 0.034375 0.765625 0.0265625 0.046875
3 0.165625 0.665625 0.0234375 0.0515625
8 0.5015625 0.4125 0.028125 0.046875
3 0.228125 0.91875 0.0265625 0.0640625
11 0.796875 0.53125 0.028125 0.0484375
11 0.421875 0.540625 0.028125 0.046875
11 0.36875 0.765625 0.025 0.046875
3 0.215625 0.4 0.0234375 0.0484375
11 0.621875 0.253125 0.028125 0.0484375
3 0.1328125 0.925 0.028125 0.05625
3 0.128125 0.4109375 0.028125 0.05
3 0.6171875 0.159375 0.028125 0.059375
3 0.678125 0.15 0.0234375 0.0484375
3 0.196875 0.1625 0.028125 0.059375
11 0.8875 0.25625 0.0265625 0.05
11 0.46875 0.2546875 0.0265625 0.0484375
11 0.4171875 0.76875 0.0265625 0.0484375
11 0.428125 0.2546875 0.0265625 0.046875
11 0.0875 0.7671875 0.0265625 0.046875
11 0.796875 0.2546875 0.0265625 0.0484375
3 0.1328125 0.671875 0.0296875 0.059375
11 0.321875 0.765625 0.025 0.0484375
11 0.840625 0.2546875 0.025 0.0484375
5 0.7546875 0.1515625 0.025 0.0234375
11 0.525 0.765625 0.0265625 0.046875
3 0.571875 0.6734375 0.028125 0.059375
3 0.809375 0.921875 0.0265625 0.0484375
5 0.75625 0.4125 0.025 0.021875
5 0.3375 0.175 0.0234375 0.0234375
8 0.0328125 0.91875 0.0296875 0.05
9 0.7125 0.909375 0.0265625 0.021875
9 0.0328125 0.66875 0.028125 0.0203125
9 0.475 0.66875 0.0265625 0.0203125
9 0.528125 0.159375 0.025 0.0203125
9 0.0328125 0.3984375 0.028125 0.021875
9 0.103125 0.159375 0.0265625 0.028125