0 0.078125 0.096875 0.034375 0.0453125
3 0.1953125 0.246875 0.025 0.05
0 0.03125 0.609375 0.0375 0.046875
0 0.03125 0.36875 0.0375 0.0453125
14 0.03125 0.5171875 0.0375 0.0765625
11 0.14375 0.0921875 0.0265625 0.0484375
11 0.4 0.378125 0.0265625 0.046875
3 0.934375 0.746875 0.0265625 0.05
3 0.225 0.2421875 0.0234375 0.05
11 0.646875 0.375 0.028125 0.046875
11 0.74375 0.609375 0.028125 0.05
3 0.4546875 0.7546875 0.025 0.0546875
3 0.459375 0.24375 0.025 0.053125
3 0.7125 0.253125 0.0265625 0.0578125
5 0.79375 0.2515625 0.0234375 0.0203125
3 0.8765625 0.5125 0.0234375 0.046875
14 0.03125 0.240625 0.0359375 0.0765625
3 0.51875 0.7546875 0.0234375 0.0515625
11 0.6078125 0.6015625 0.0265625 0.046875
3 0.671875 0.496875 0.0234375 0.0515625
11 0.1734375 0.603125 0.0265625 0.046875
8 0.540625 0.25 0.028125 0.046875
3 0.9375 0.509375 0.028125 0.0625
11 0.175 0.8734375 0.028125 0.0484375
3 0.43125 0.2375 0.025 0.053125
11 0.35 0.378125 0.0265625 0.046875
11 0.0703125 0.871875 0.028125 0.05
11 0.378125 0.0921875 0.0265625 0.0484375
3 0.20625 0.5046875 0.025 0.053125
3 0.2359375 0.7625 0.025 0.053125
11 0.715625 0.09375 0.028125 0.046875
3 0.903125 0.5140625 0.0234375 0.0515625
11 0.88125 0.36875 0.0265625 0.046875
11 0.459375 0.378125 0.028125 0.046875
3 0.678125 0.246875 0.0265625 0.0640625
3 0.903125 0.753125 0.0234375 0.05
11 0.371875 0.878125 0.028125 0.046875
11 0.321875 0.878125 0.0265625 0.046875
11 0.540625 0.371875 0.028125 0.046875
11 0.90625 0.603125 0.028125 0.046875
3 0.8765625 0.75625 0.0234375 0.0484375
3 0.4875 0.24375 0.025 0.05
3 0.64375 0.5046875 0.0234375 0.053125
11 0.2375 0.09375 0.0265625 0.046875
11 0.90625 0.8625 0.028125 0.05
14 0.03125 0.75625 0.0359375 0.078125
11 0.425 0.865625 0.028125 0.05
3 0.20625 0.765625 0.025 0.046875
11 0.3 0.09375 0.028125 0.0484375
3 0.703125 0.49375 0.0234375 0.05
11 0.490625 0.865625 0.0265625 0.05
11 0.6609375 0.0921875 0.0265625 0.0484375
11 0.79375 0.3703125 0.0265625 0.0484375
3 0.234375 0.496875 0.025 0.05
11 0.846875 0.859375 0.0265625 0.0453125
11 0.6734375 0.6 0.0265625 0.046875
8 0.0734375 0.7625 0.028125 0.05
3 0.1640625 0.246875 0.0265625 0.05
11 0.79375 0.609375 0.0265625 0.05
3 0.4890625 0.7578125 0.0234375 0.0484375
11 0.7921875 0.0921875 0.0265625 0.046875
11 0.228125 0.3640625 0.025 0.046875
11 0.234375 0.603125 0.0265625 0.046875
11 0.16875 0.365625 0.025 0.0453125
11 0.6140625 0.0921875 0.025 0.0484375
11 0.9265625 0.3703125 0.028125 0.05
8 0.3234375 0.753125 0.0265625 0.0515625
11 0.59375 0.375 0.028125 0.046875
11 0.409375 0.6015625 0.025 0.046875
11 0.7546875 0.859375 0.025 0.046875
11 0.1234375 0.871875 0.028125 0.05
11 0.1234375 0.603125 0.0265625 0.046875
11 0.7125 0.375 0.028125 0.046875
11 0.2359375 0.871875 0.0296875 0.0484375
11 0.8453125 0.603125 0.0265625 0.046875
11 0.3171875 0.603125 0.0265625 0.046875
11 0.075 0.6046875 0.028125 0.046875
11 0.3015625 0.378125 0.0265625 0.0453125
11 0.840625 0.36875 0.0265625 0.0484375
11 0.0734375 0.365625 0.0265625 0.046875
11 0.1890625 0.09375 0.025 0.046875
11 0.6140625 0.859375 0.0234375 0.046875
11 0.5078125 0.096875 0.025 0.05
3 0.265625 0.49375 0.0234375 0.05
3 0.8453125 0.759375 0.0265625 0.0484375
11 0.565625 0.0953125 0.025 0.046875
11 0.359375 0.603125 0.0265625 0.046875
11 0.421875 0.09375 0.0265625 0.046875
3 0.1703125 0.515625 0.0296875 0.0609375
11 0.5125 0.603125 0.0265625 0.046875
5 0.5703125 0.746875 0.025 0.0234375
11 0.8421875 0.09375 0.0234375 0.0484375
0 0.03125 0.865625 0.0359375 0.0484375
8 0.3015625 0.23125 0.0265625 0.0484375
11 0.803125 0.859375 0.0265625 0.046875
11 0.5609375 0.603125 0.0265625 0.046875
11 0.4640625 0.09375 0.0234375 0.0484375
8 0.74375 0.5171875 0.0265625 0.0484375
3 0.1734375 0.7609375 0.0296875 0.05625
11 0.65625 0.859375 0.025 0.046875
11 0.571875 0.85625 0.025 0.046875
3 0.74375 0.2625 0.0265625 0.053125
11 0.928125 0.096875 0.0265625 0.05
11 0.88125 0.09375 0.025 0.0484375
11 0.7 0.859375 0.025 0.0453125
3 0.84375 0.5109375 0.0265625 0.053125
5 0.315625 0.525 0.0265625 0.0234375
3 0.25625 0.2359375 0.025 0.0484375
11 0.453125 0.60625 0.025 0.0484375
11 0.121875 0.365625 0.025 0.0453125
3 0.265625 0.759375 0.0265625 0.0625
3 0.60625 0.515625 0.028125 0.0609375
3 0.425 0.7546875 0.0265625 0.0546875
3 0.3984375 0.234375 0.0265625 0.053125
9 0.0734375 0.50625 0.0265625 0.0234375
3 0.646875 0.24375 0.028125 0.065625
9 0.753125 0.75 0.0265625 0.0203125
9 0.5125 0.5078125 0.0265625 0.021875
5 0.3765625 0.0125 0.0234375 0.021875
5 0.075 0.9875 0.0296875 0.025
9 0.075 0.2375 0.0296875 0.0203125