3 0.234375 0.178125 0.0234375 0.05
0 0.03125 0.54375 0.0359375 0.0453125
3 0.671875 0.178125 0.0234375 0.05
0 0.0328125 0.05 0.0375 0.046875
8 0.609375 0.815625 0.028125 0.05
14 0.0328125 0.196875 0.0375 0.0765625
8 0.075 0.440625 0.028125 0.0484375
3 0.846875 0.6921875 0.028125 0.046875
11 0.9125 0.284375 0.028125 0.046875
8 0.1609375 0.8140625 0.0296875 0.05
3 0.8875 0.6875 0.0265625 0.05
3 0.45625 0.4328125 0.025 0.05625
11 0.234375 0.284375 0.0265625 0.046875
11 0.65 0.0546875 0.028125 0.046875
11 0.928125 0.05 0.0265625 0.0484375
11 0.125 0.55 0.028125 0.05
0 0.03125 0.2890625 0.0375 0.0453125
11 0.175 0.553125 0.028125 0.046875
11 0.88125 0.05 0.0265625 0.0484375
11 0.746875 0.290625 0.028125 0.0484375
3 0.2375 0.44375 0.025 0.0515625
3 0.43125 0.7 0.028125 0.053125
11 0.715625 0.053125 0.028125 0.046875
3 0.5203125 0.434375 0.028125 0.0546875
11 0.6734375 0.284375 0.0265625 0.046875
3 0.928125 0.684375 0.0296875 0.0515625
3 0.90625 0.190625 0.025 0.0515625
3 0.703125 0.175 0.0234375 0.0484375
3 0.490625 0.4375 0.025 0.0484375
11 0.79375 0.05 0.0265625 0.0484375
11 0.846875 0.284375 0.0265625 0.046875
11 0.596875 0.0546875 0.028125 0.0484375
8 0.5234375 0.815625 0.0265625 0.046875
8 0.075 0.815625 0.0265625 0.046875
3 0.90625 0.4328125 0.0234375 0.05
11 0.0734375 0.5515625 0.0265625 0.05
3 0.390625 0.703125 0.028125 0.05
11 0.075 0.04375 0.0265625 0.046875
11 0.8375 0.05 0.0265625 0.05
11 0.54375 0.0546875 0.028125 0.046875
11 0.459375 0.059375 0.028125 0.046875
3 0.878125 0.4375 0.025 0.0484375
11 0.2375 0.5546875 0.028125 0.0484375
11 0.428125 0.546875 0.028125 0.05
11 0.6125 0.284375 0.0265625 0.046875
11 0.175 0.284375 0.0265625 0.046875
11 0.375 0.559375 0.028125 0.046875
3 0.265625 0.175 0.0234375 0.0484375
3 0.878125 0.196875 0.0234375 0.046875
3 0.803125 0.69375 0.028125 0.05
3 0.2078125 0.4453125 0.025 0.046875
11 0.571875 0.540625 0.0265625 0.0453125
14 0.0328125 0.690625 0.0359375 0.075
11 0.321875 0.559375 0.028125 0.046875
8 0.8046875 0.8078125 0.028125 0.046875
11 0.228125 0.0453125 0.0265625 0.046875
8 0.3515625 0.809375 0.0296875 0.05
3 0.9375 0.4296875 0.0265625 0.0515625
11 0.171875 0.04375 0.025 0.046875
8 0.746875 0.1984375 0.028125 0.05
11 0.75625 0.540625 0.0234375 0.0453125
3 0.20625 0.1875 0.0265625 0.053125
11 0.125 0.284375 0.0265625 0.046875
11 0.30625 0.05625 0.025 0.046875
11 0.1234375 0.04375 0.025 0.046875
3 0.64375 0.1890625 0.025 0.053125
11 0.490625 0.546875 0.028125 0.05
0 0.0328125 0.803125 0.0359375 0.046875
3 0.3515625 0.7046875 0.028125 0.0484375
11 0.8484375 0.540625 0.0265625 0.0453125
11 0.365625 0.284375 0.025 0.046875
11 0.453125 0.2875 0.0265625 0.0484375
8 0.2640625 0.8078125 0.028125 0.05
11 0.9109375 0.54375 0.028125 0.0484375
11 0.796875 0.296875 0.028125 0.05
3 0.2703125 0.440625 0.0265625 0.0609375
11 0.6125 0.54375 0.0234375 0.046875
3 0.175 0.1921875 0.028125 0.059375
11 0.7 0.540625 0.025 0.046875
11 0.8 0.540625 0.025 0.046875
11 0.5625 0.284375 0.0265625 0.046875
11 0.4 0.059375 0.0265625 0.046875
5 0.571875 0.4296875 0.0265625 0.021875
11 0.31875 0.284375 0.025 0.0453125
8 0.7125 0.809375 0.028125 0.05
11 0.3515625 0.0578125 0.0265625 0.046875
11 0.5140625 0.284375 0.025 0.046875
9 0.7171875 0.684375 0.028125 0.021875
11 0.4125 0.2890625 0.025 0.0484375
3 0.175 0.44375 0.028125 0.053125
3 0.84375 0.190625 0.0265625 0.053125
5 0.3171875 0.2078125 0.0265625 0.021875
11 0.65625 0.540625 0.0234375 0.046875
11 0.075 0.284375 0.028125 0.046875
3 0.4265625 0.4359375 0.028125 0.05625
3 0.846875 0.440625 0.0265625 0.0484375
14 0.0359375 0.4375 0.0375 0.078125
3 0.9375 0.1875 0.0265625 0.0609375
3 0.6125 0.1921875 0.028125 0.059375
8 0.325 0.434375 0.028125 0.0515625
9 0.26875 0.684375 0.028125 0.021875
3 0.4671875 0.6859375 0.0296875 0.06875
9 0.7546875 0.4328125 0.0265625 0.0203125
5 0.528125 0.665625 0.0265625 0.021875
9 0.075 0.1875 0.028125 0.021875
9 0.5140625 0.190625 0.028125 0.0203125
5 0.0765625 0.6671875 0.03125 0.028125