14 0.0984375 0.96171875 0.0375 0.0765625
0 0.1421875 0.3015625 0.0359375 0.046875
3 0.7828125 0.1953125 0.0234375 0.046875
3 0.359375 0.1953125 0.021875 0.0484375
14 0.1 0.71875 0.0390625 0.0765625
3 0.296875 0.7046875 0.0234375 0.0515625
0 0.096875 0.571875 0.0375 0.0453125
3 0.734375 0.70625 0.0234375 0.0515625
5 0.85625 0.4546875 0.0234375 0.021875
3 0.775 0.459375 0.0265625 0.0609375
0 0.1 0.8125 0.0375 0.046875
3 0.521875 0.446875 0.0234375 0.0515625
3 0.3 0.96875 0.025 0.053125
3 0.51875 0.959375 0.0234375 0.05625
11 0.85625 0.575 0.0265625 0.0484375
11 0.9125 0.8109375 0.0265625 0.046875
11 0.734375 0.809375 0.0265625 0.0484375
11 0.709375 0.58125 0.028125 0.046875
3 0.746875 0.453125 0.025 0.065625
11 0.8125 0.8171875 0.0265625 0.0484375
3 0.5828125 0.959375 0.0265625 0.053125
11 0.9 0.5765625 0.0265625 0.0484375
11 0.6578125 0.58125 0.0265625 0.046875
14 0.1 0.45 0.0390625 0.0765625
11 0.725 0.296875 0.0265625 0.046875
11 0.2375 0.8109375 0.0265625 0.046875
11 0.296875 0.809375 0.028125 0.046875
3 0.33125 0.2015625 0.025 0.053125
11 0.9875 0.575 0.025 0.05
3 0.75625 0.2 0.025 0.0546875
3 0.2875 0.4453125 0.0234375 0.0515625
11 0.6046875 0.58125 0.028125 0.046875
11 0.3625 0.296875 0.0265625 0.046875
3 0.49375 0.44375 0.0234375 0.05
3 0.809375 0.46875 0.0265625 0.053125
5 0.6375 0.953125 0.0265625 0.021875
3 0.70625 0.7125 0.0265625 0.053125
3 0.33125 0.9625 0.0265625 0.0609375
3 0.553125 0.9625 0.025 0.046875
3 0.940625 0.721875 0.0234375 0.046875
11 0.675 0.809375 0.0265625 0.046875
3 0.765625 0.7015625 0.0234375 0.0484375
3 0.553125 0.45 0.0265625 0.0484375
3 0.2625 0.45 0.0234375 0.0515625
3 0.3890625 0.190625 0.0234375 0.046875
3 0.31875 0.44375 0.025 0.05
11 0.3015625 0.296875 0.0265625 0.046875
11 0.94375 0.5734375 0.0265625 0.046875
3 0.90625 0.715625 0.0265625 0.053125
11 0.7765625 0.58125 0.028125 0.046875
3 0.328125 0.7015625 0.0234375 0.05
11 0.253125 0.3015625 0.025 0.0453125
11 0.9875 0.3 0.021875 0.05
11 0.784375 0.296875 0.0265625 0.046875
11 0.525 0.584375 0.028125 0.046875
3 0.70625 0.45 0.028125 0.0671875
3 0.971875 0.959375 0.0234375 0.0484375
3 0.4890625 0.959375 0.0265625 0.0546875
11 0.6328125 0.3015625 0.025 0.0453125
11 0.4265625 0.809375 0.0265625 0.0484375
11 0.2328125 0.56875 0.0265625 0.0453125
11 0.85625 0.296875 0.025 0.046875
8 0.6046875 0.45625 0.0265625 0.0484375
3 0.2671875 0.9734375 0.0234375 0.0484375
11 0.36875 0.584375 0.0265625 0.0453125
11 0.5296875 0.2953125 0.0265625 0.046875
5 0.4390625 0.21875 0.0265625 0.0203125
3 0.971875 0.71875 0.025 0.05
11 0.1875 0.809375 0.025 0.046875
11 0.85625 0.81875 0.028125 0.05
11 0.521875 0.8125 0.0265625 0.0484375
11 0.625 0.809375 0.0265625 0.046875
11 0.296875 0.56875 0.0265625 0.0453125
11 0.3765625 0.8078125 0.0265625 0.046875
11 0.1859375 0.5671875 0.025 0.0453125
11 0.571875 0.303125 0.025 0.0484375
11 0.5765625 0.8109375 0.025 0.046875
3 0.2375 0.96875 0.028125 0.0546875
3 0.725 0.2046875 0.028125 0.059375
11 0.9453125 0.296875 0.025 0.046875
11 0.48125 0.3015625 0.025 0.046875
3 0.940625 0.9625 0.0234375 0.0484375
8 0.8125 0.721875 0.028125 0.05
11 0.6765625 0.296875 0.0265625 0.046875
11 0.975 0.809375 0.0265625 0.0484375
3 0.2375 0.71875 0.0296875 0.059375
3 0.8125 0.190625 0.021875 0.046875
11 0.440625 0.3015625 0.0265625 0.046875
3 0.9078125 0.96875 0.028125 0.0484375
8 0.365625 0.4375 0.0265625 0.0484375
3 0.26875 0.7125 0.025 0.0546875
11 0.209375 0.296875 0.0265625 0.046875
11 0.4703125 0.8109375 0.025 0.046875
3 0.23125 0.4546875 0.0265625 0.05
11 0.9 0.296875 0.025 0.046875
11 0.1375 0.56875 0.025 0.046875
8 0.384375 0.9625 0.028125 0.0515625
11 0.4625 0.5828125 0.0265625 0.046875
3 0.3 0.20625 0.028125 0.059375
3 0.4609375 0.4390625 0.0265625 0.053125
3 0.675 0.71875 0.028125 0.059375
14 0.140625 0.209375 0.0328125 0.0765625
11 0.4171875 0.584375 0.0265625 0.046875
8 0.1375 0.965625 0.028125 0.05
5 0.378125 0.73125 0.0265625 0.0234375
11 0.1375 0.8125 0.025 0.046875
3 0.99375 0.95625 0.0109375 0.0484375
3 0.99375 0.7125 0.0109375 0.0625
5 0.85625 0.196875 0.0234375 0.021875
9 0.815625 0.95625 0.0265625 0.0203125
9 0.140625 0.44375 0.028125 0.0203125
9 0.140625 0.715625 0.028125 0.021875
9 0.575 0.715625 0.025 0.0203125
9 0.20625 0.203125 0.028125 0.025
9 0.628125 0.20625 0.0265625 0.025