0 0.0828125 0.11875 0.0375 0.0453125
0 0.0828125 0.6140625 0.0359375 0.046875
3 0.978125 0.75625 0.03125 0.05
3 0.98671875 0.49765625 0.0265625 0.0484375
3 0.95625 0.503125 0.0234375 0.046875
3 0.95625 0.265625 0.025 0.0515625
14 0.0875 0.50625 0.0375 0.078125
14 0.0875 0.2640625 0.0375 0.078125
3 0.571875 0.503125 0.0265625 0.0515625
11 0.6625 0.35625 0.0265625 0.046875
3 0.2875 0.515625 0.025 0.053125
3 0.896875 0.7625 0.028125 0.0484375
3 0.48125 0.7671875 0.0296875 0.0515625
11 0.425 0.63125 0.028125 0.04375
3 0.9375 0.759375 0.028125 0.05
11 0.4734375 0.615625 0.028125 0.0484375
11 0.796875 0.3625 0.028125 0.0484375
3 0.509375 0.5 0.025 0.05625
11 0.646875 0.125 0.028125 0.0484375
11 0.84375 0.1203125 0.028125 0.0484375
0 0.0828125 0.875 0.0375 0.0453125
11 0.7 0.125 0.028125 0.0484375
11 0.284375 0.35625 0.028125 0.046875
8 0.575 0.884375 0.028125 0.046875
11 0.9328125 0.121875 0.0265625 0.0484375
3 0.928125 0.265625 0.0234375 0.046875
3 0.8578125 0.76875 0.0296875 0.0515625
0 0.0828125 0.3625 0.0390625 0.046875
11 0.896875 0.35625 0.028125 0.046875
8 0.125 0.5125 0.028125 0.0515625
11 0.7234375 0.35625 0.0265625 0.046875
11 0.509375 0.13125 0.028125 0.0453125
11 0.4515625 0.13125 0.0265625 0.0453125
3 0.753125 0.246875 0.0234375 0.0515625
8 0.659375 0.884375 0.028125 0.046875
11 0.978125 0.1203125 0.028125 0.05
11 0.621875 0.609375 0.0265625 0.0453125
3 0.440625 0.771875 0.028125 0.0515625
3 0.284375 0.253125 0.025 0.0515625
11 0.846875 0.3640625 0.028125 0.05
11 0.9578125 0.6125 0.028125 0.05
11 0.371875 0.63125 0.0265625 0.04375
11 0.225 0.6265625 0.0265625 0.046875
8 0.8578125 0.88125 0.028125 0.0484375
11 0.59375 0.125 0.028125 0.046875
11 0.353125 0.13125 0.025 0.0453125
8 0.2109375 0.884375 0.0296875 0.046875
11 0.75 0.609375 0.025 0.0453125
8 0.375 0.503125 0.0265625 0.0515625
11 0.8984375 0.609375 0.0265625 0.04375
11 0.125 0.6203125 0.0265625 0.05
3 0.7234375 0.253125 0.0234375 0.0515625
11 0.7640625 0.128125 0.028125 0.0484375
3 0.928125 0.50625 0.025 0.0484375
11 0.225 0.35625 0.0265625 0.046875
3 0.259375 0.51875 0.025 0.046875
3 0.696875 0.259375 0.0265625 0.053125
3 0.253125 0.253125 0.0265625 0.0546875
11 0.221875 0.115625 0.028125 0.0484375
11 0.9625 0.35625 0.028125 0.046875
3 0.9875 0.259375 0.025 0.0625
11 0.459375 0.3546875 0.025 0.046875
11 0.540625 0.615625 0.028125 0.05
11 0.2796875 0.115625 0.028125 0.046875
14 0.0875 0.7625 0.0375 0.075
11 0.4015625 0.13125 0.0265625 0.046875
3 0.315625 0.246875 0.0234375 0.05
11 0.36875 0.35625 0.025 0.046875
11 0.175 0.61875 0.028125 0.0484375
5 0.36875 0.2765625 0.0265625 0.0234375
8 0.31875 0.88125 0.028125 0.0484375
3 0.40625 0.7765625 0.0296875 0.0515625
3 0.540625 0.5078125 0.0234375 0.0484375
11 0.5046875 0.359375 0.0265625 0.0484375
3 0.8953125 0.265625 0.0265625 0.0546875
11 0.1265625 0.353125 0.0265625 0.046875
8 0.125 0.884375 0.0265625 0.0484375
11 0.2875 0.6265625 0.028125 0.046875
11 0.7078125 0.609375 0.025 0.046875
8 0.403125 0.88125 0.028125 0.0484375
11 0.6140625 0.35625 0.0265625 0.046875
11 0.175 0.35625 0.0265625 0.046875
8 0.7671875 0.88125 0.028125 0.0484375
3 0.896875 0.509375 0.0265625 0.046875
11 0.1734375 0.115625 0.025 0.0484375
11 0.4125 0.35625 0.0265625 0.046875
11 0.665625 0.609375 0.0234375 0.046875
11 0.8890625 0.121875 0.025 0.0484375
11 0.565625 0.35625 0.0265625 0.046875
3 0.4765625 0.503125 0.028125 0.053125
11 0.8515625 0.609375 0.025 0.046875
11 0.80625 0.609375 0.025 0.04375
8 0.796875 0.2671875 0.028125 0.0484375
3 0.225 0.515625 0.028125 0.0546875
11 0.125 0.1125 0.0265625 0.0484375
3 0.3203125 0.50625 0.028125 0.0640625
3 0.225 0.265625 0.028125 0.0609375
3 0.6625 0.265625 0.028125 0.059375
9 0.31875 0.7578125 0.028125 0.021875
9 0.7671875 0.7578125 0.0265625 0.0203125
5 0.621875 0.4984375 0.0234375 0.0234375
3 0.521875 0.75625 0.03125 0.0671875
9 0.125 0.2609375 0.0265625 0.0234375
9 0.80625 0.5 0.0265625 0.0203125
9 0.5625 0.2625 0.025 0.021875
5 0.5734375 0.734375 0.0265625 0.021875
5 0.1265625 0.7328125 0.03125 0.028125
3 0.99921875 0.49765625 0.0015625 0.0484375