0 0.065625 0.1625 0.0375 0.0453125
0 0.065625 0.6578125 0.0359375 0.046875
14 0.065625 0.553125 0.0359375 0.0796875
0 0.065625 0.403125 0.0390625 0.046875
14 0.0625 0.309375 0.0375 0.078125
3 0.90625 0.55 0.0234375 0.05
14 0.065625 0.80625 0.0390625 0.078125
0 0.065625 0.91875 0.0375 0.046875
3 0.4234375 0.815625 0.0296875 0.05
3 0.90625 0.3125 0.025 0.0453125
3 0.4609375 0.8109375 0.028125 0.05
3 0.51875 0.5515625 0.0234375 0.046875
5 0.828125 0.046875 0.0265625 0.025
3 0.4921875 0.0375 0.025 0.053125
3 0.2375 0.559375 0.025 0.0484375
8 0.8375 0.925 0.0296875 0.05
14 0.0625 0.0390625 0.0390625 0.078125
3 0.2875 0.0296875 0.0265625 0.0515625
11 0.95625 0.165625 0.0265625 0.0484375
11 0.5203125 0.6609375 0.028125 0.05
11 0.45625 0.6625 0.0265625 0.0484375
3 0.4625 0.03125 0.025 0.053125
3 0.9375 0.546875 0.0234375 0.05
3 0.2671875 0.559375 0.025 0.0515625
3 0.8375 0.8078125 0.0296875 0.05
11 0.265625 0.396875 0.028125 0.046875
3 0.2609375 0.0359375 0.0234375 0.05
3 0.95625 0.8 0.028125 0.05
3 0.7125 0.04375 0.0265625 0.0671875
3 0.9171875 0.8 0.0265625 0.0515625
3 0.878125 0.553125 0.0265625 0.046875
3 0.51875 0.040625 0.025 0.05
3 0.7765625 0.05625 0.028125 0.053125
11 0.74375 0.16875 0.028125 0.046875
5 0.346875 0.321875 0.0265625 0.0234375
11 0.346875 0.396875 0.0265625 0.046875
3 0.234375 0.303125 0.0265625 0.053125
11 0.2 0.159375 0.0265625 0.046875
8 0.384375 0.925 0.028125 0.0484375
11 0.571875 0.16875 0.028125 0.046875
3 0.490625 0.546875 0.025 0.05625
3 0.675 0.303125 0.025 0.0515625
11 0.3375 0.175 0.028125 0.046875
11 0.1578125 0.665625 0.0265625 0.05
3 0.878125 0.80625 0.028125 0.05
11 0.8265625 0.165625 0.028125 0.0484375
3 0.384375 0.8203125 0.03125 0.0515625
11 0.10625 0.6640625 0.0265625 0.05
11 0.871875 0.165625 0.0265625 0.0484375
11 0.2625 0.159375 0.028125 0.0453125
3 0.7484375 0.046875 0.0265625 0.0578125
11 0.784375 0.653125 0.0265625 0.0453125
8 0.571875 0.0453125 0.028125 0.0484375
3 0.20625 0.309375 0.0296875 0.0625
8 0.10625 0.55625 0.025 0.046875
11 0.7796875 0.409375 0.0265625 0.0484375
3 0.70625 0.29375 0.025 0.05
11 0.728125 0.6546875 0.025 0.046875
11 0.2078125 0.4015625 0.0265625 0.046875
11 0.9375 0.659375 0.0265625 0.0484375
11 0.9375 0.396875 0.0265625 0.046875
11 0.8796875 0.4 0.0265625 0.046875
11 0.35 0.675 0.025 0.046875
11 0.2703125 0.66875 0.0265625 0.046875
3 0.2671875 0.29375 0.0234375 0.05
11 0.59375 0.396875 0.025 0.046875
11 0.70625 0.4015625 0.0265625 0.046875
11 0.828125 0.4078125 0.028125 0.0484375
11 0.60625 0.653125 0.0265625 0.046875
3 0.4546875 0.55 0.025 0.0515625
11 0.49375 0.171875 0.0265625 0.0453125
11 0.6453125 0.3984375 0.0265625 0.046875
8 0.190625 0.928125 0.025 0.046875
11 0.5484375 0.396875 0.0265625 0.046875
8 0.3375 0.025 0.028125 0.0484375
11 0.209375 0.66875 0.0265625 0.046875
11 0.88125 0.6546875 0.0265625 0.046875
11 0.9125 0.165625 0.0265625 0.0484375
3 0.878125 0.309375 0.0265625 0.0515625
11 0.39375 0.396875 0.0265625 0.046875
3 0.7328125 0.2875 0.025 0.0484375
11 0.403125 0.671875 0.025 0.0453125
11 0.1578125 0.396875 0.025 0.046875
8 0.64375 0.928125 0.0265625 0.046875
11 0.4421875 0.396875 0.025 0.046875
3 0.9390625 0.309375 0.0234375 0.0515625
11 0.625 0.16875 0.028125 0.0484375
3 0.2078125 0.559375 0.0265625 0.0546875
11 0.434375 0.1734375 0.0265625 0.0453125
8 0.10625 0.928125 0.025 0.046875
8 0.7453125 0.925 0.0296875 0.046875
11 0.678125 0.16875 0.0265625 0.046875
11 0.690625 0.65625 0.025 0.046875
8 0.55625 0.925 0.0265625 0.0453125
8 0.353125 0.546875 0.028125 0.0515625
11 0.4875 0.4046875 0.0265625 0.05
11 0.6484375 0.6546875 0.0234375 0.046875
11 0.109375 0.4 0.0265625 0.0484375
3 0.43125 0.028125 0.0265625 0.0546875
8 0.296875 0.9234375 0.03125 0.0484375
11 0.15625 0.159375 0.025 0.046875
3 0.2 0.04375 0.0265625 0.05
3 0.3 0.553125 0.028125 0.0625
3 0.2953125 0.2875 0.0234375 0.0484375
3 0.553125 0.55 0.025 0.0515625
3 0.228125 0.040625 0.025 0.0515625
11 0.834375 0.6546875 0.025 0.046875
8 0.778125 0.3125 0.025 0.0484375
3 0.971875 0.3046875 0.025 0.0578125
3 0.96875 0.546875 0.025 0.05
3 0.646875 0.309375 0.0265625 0.0609375
11 0.109375 0.159375 0.0265625 0.0484375
11 0.38125 0.1703125 0.028125 0.046875
3 0.6765625 0.0375 0.028125 0.06875
5 0.6046875 0.54375 0.025 0.021875
3 0.5 0.8 0.03125 0.06875
5 0.55625 0.778125 0.0265625 0.021875
9 0.296875 0.8015625 0.028125 0.021875
9 0.10625 0.3015625 0.028125 0.0234375
9 0.75 0.8015625 0.0265625 0.021875
9 0.784375 0.546875 0.0265625 0.0203125
5 0.1078125 0.778125 0.0265625 0.021875
9 0.10625 0.0328125 0.0234375 0.0203125
9 0.54375 0.3 0.028125 0.0328125