3 0.7875 0.365625 0.0265625 0.0578125
11 0.3171875 0.20625 0.025 0.046875
3 0.984375 0.865625 0.0265625 0.05
3 0.315625 0.875 0.025 0.0515625
0 0.15625 0.209375 0.0359375 0.046875
11 0.740625 0.20625 0.0265625 0.046875
0 0.109375 0.7203125 0.0375 0.0453125
14 0.109375 0.6296875 0.0390625 0.078125
5 0.871875 0.3640625 0.025 0.021875
11 0.984375 0.975 0.0296875 0.046875
3 0.9515625 0.86875 0.0234375 0.0484375
3 0.534375 0.865625 0.025 0.0578125
5 0.871875 0.103125 0.025 0.0234375
0 0.109375 0.48125 0.0390625 0.046875
14 0.109375 0.86875 0.0359375 0.078125
11 0.796875 0.20625 0.0265625 0.0484375
11 0.5375 0.490625 0.0265625 0.046875
3 0.95 0.628125 0.0234375 0.0453125
3 0.821875 0.371875 0.028125 0.0515625
3 0.4 0.096875 0.0234375 0.05
0 0.10859375 0.97734375 0.0359375 0.0453125
11 0.825 0.721875 0.028125 0.0484375
11 0.375 0.2046875 0.028125 0.0484375
14 0.153125 0.1125 0.0328125 0.0765625
11 0.95625 0.484375 0.0265625 0.05
3 0.7671875 0.10625 0.025 0.0515625
11 0.66875 0.4875 0.028125 0.046875
3 0.984375 0.621875 0.028125 0.0515625
3 0.509375 0.35 0.0234375 0.0515625
11 0.925 0.715625 0.0265625 0.046875
3 0.309375 0.6109375 0.025 0.0484375
11 0.7234375 0.4875 0.028125 0.046875
3 0.28125 0.878125 0.025 0.0484375
11 0.98671875 0.715625 0.0265625 0.046875
11 0.8734375 0.721875 0.028125 0.05
11 0.38125 0.490625 0.025 0.0453125
11 0.478125 0.490625 0.0265625 0.046875
11 0.2203125 0.20625 0.0265625 0.0484375
11 0.75 0.715625 0.0265625 0.046875
3 0.5640625 0.86875 0.0234375 0.0484375
11 0.6875 0.7140625 0.025 0.046875
5 0.65 0.859375 0.025 0.021875
11 0.253125 0.715625 0.028125 0.046875
11 0.95625 0.20625 0.025 0.0484375
3 0.596875 0.8671875 0.0265625 0.0515625
3 0.375 0.1 0.0234375 0.046875
11 0.309375 0.715625 0.0265625 0.046875
3 0.79375 0.1 0.0234375 0.05
11 0.565625 0.97734375 0.028125 0.0453125
3 0.71875 0.35625 0.0296875 0.0671875
3 0.746875 0.6125 0.0234375 0.046875
11 0.303125 0.4765625 0.028125 0.046875
11 0.3921875 0.715625 0.025 0.046875
11 0.453125 0.2046875 0.028125 0.0484375
11 0.4296875 0.490625 0.028125 0.046875
11 0.646875 0.20625 0.025 0.046875
11 0.2453125 0.4765625 0.0265625 0.046875
3 0.284375 0.6203125 0.0234375 0.0546875
11 0.65 0.971875 0.0265625 0.0453125
3 0.34375 0.10625 0.025 0.05
3 0.33125 0.35 0.0265625 0.0515625
11 0.871875 0.20625 0.0265625 0.046875
8 0.153125 0.8734375 0.028125 0.0484375
11 0.5875 0.7140625 0.025 0.046875
11 0.2 0.478125 0.025 0.046875
11 0.496875 0.20625 0.0265625 0.0484375
3 0.778125 0.60625 0.025 0.0515625
3 0.5375 0.353125 0.0234375 0.053125
5 0.390625 0.6375 0.0265625 0.021875
11 0.5 0.9765625 0.0265625 0.046875
3 0.75625 0.3625 0.0265625 0.0640625
11 0.7875 0.484375 0.028125 0.0484375
8 0.615625 0.3609375 0.028125 0.046875
11 0.4390625 0.7140625 0.025 0.046875
3 0.3 0.353125 0.0234375 0.0515625
8 0.825 0.6296875 0.028125 0.0515625
11 0.26875 0.2046875 0.025 0.046875
8 0.3984375 0.865625 0.028125 0.0515625
3 0.71875 0.6171875 0.025 0.0515625
8 0.3765625 0.34375 0.025 0.0484375
11 0.6375 0.715625 0.0265625 0.046875
11 0.48125 0.7140625 0.0265625 0.046875
14 0.109375 0.353125 0.0390625 0.078125
11 0.53125 0.71875 0.0265625 0.05
3 0.925 0.871875 0.0265625 0.0484375
11 0.615625 0.4875 0.0265625 0.046875
3 0.275 0.35625 0.0234375 0.0515625
3 0.565625 0.35625 0.025 0.0484375
11 0.54375 0.20625 0.025 0.0484375
11 0.9125 0.48125 0.028125 0.0484375
11 0.6890625 0.20625 0.025 0.046875
11 0.8328125 0.975 0.025 0.0453125
11 0.153125 0.4765625 0.0265625 0.046875
11 0.7734375 0.971875 0.025 0.0453125
3 0.34375 0.8703125 0.0265625 0.0625
11 0.925 0.971875 0.0265625 0.04375
11 0.9140625 0.20625 0.025 0.046875
11 0.871875 0.4828125 0.028125 0.0484375
11 0.690625 0.975 0.0234375 0.0453125
11 0.5828125 0.209375 0.025 0.0484375
11 0.73125 0.971875 0.025 0.0484375
3 0.253125 0.875 0.028125 0.05625
3 0.825 0.0953125 0.021875 0.05
11 0.153125 0.715625 0.0265625 0.0484375
3 0.921875 0.621875 0.0265625 0.0546875
11 0.2 0.715625 0.0265625 0.046875
3 0.340625 0.60625 0.025 0.0515625
3 0.740625 0.1125 0.028125 0.0609375
3 0.24375 0.3578125 0.028125 0.0515625
3 0.315625 0.1125 0.0265625 0.0609375
3 0.2484375 0.6234375 0.028125 0.0640625
11 0.878125 0.971875 0.025 0.046875
3 0.4765625 0.34375 0.0265625 0.053125
3 0.6875 0.6203125 0.0265625 0.0578125
3 0.5 0.865625 0.0265625 0.0546875
5 0.45 0.125 0.025 0.0234375
9 0.640625 0.109375 0.025 0.021875
9 0.590625 0.6203125 0.025 0.021875
9 0.153125 0.6203125 0.028125 0.0234375
9 0.828125 0.8640625 0.025 0.01875
9 0.21875 0.109375 0.0390625 0.021875
9 0.153125 0.35 0.0296875 0.0265625
11 0.99921875 0.715625 0.0015625 0.046875