0 0.015625 0.76875 0.0296875 0.04375
0 0.0578125 0.259375 0.034375 0.0453125
14 0.015625 0.915625 0.0296875 0.08125
5 0.775 0.409375 0.0265625 0.0234375
0 0.015625 0.53125 0.03125 0.046875
3 0.4078125 0.396875 0.0234375 0.0515625
3 0.69375 0.415625 0.0265625 0.059375
5 0.5515625 0.90625 0.0265625 0.0234375
3 0.4375 0.9140625 0.025 0.0578125
3 0.215625 0.921875 0.025 0.053125
11 0.64375 0.2515625 0.0265625 0.0484375
3 0.184375 0.928125 0.025 0.05
3 0.4390625 0.4015625 0.025 0.053125
11 0.21875 0.253125 0.025 0.046875
3 0.884375 0.6734375 0.025 0.05
3 0.853125 0.678125 0.0234375 0.046875
14 0.015625 0.403125 0.03125 0.078125
3 0.853125 0.9171875 0.025 0.0484375
3 0.7234375 0.4234375 0.028125 0.053125
11 0.215625 0.765625 0.0265625 0.046875
11 0.8890625 0.765625 0.0265625 0.046875
8 0.28125 0.3921875 0.025 0.0484375
3 0.234375 0.396875 0.025 0.05
11 0.353125 0.253125 0.028125 0.046875
11 0.15 0.525 0.025 0.046875
3 0.275 0.15 0.0234375 0.0484375
11 0.828125 0.765625 0.0265625 0.046875
11 0.51875 0.5359375 0.0265625 0.046875
3 0.2453125 0.15625 0.0234375 0.0515625
11 0.1546875 0.765625 0.0265625 0.046875
3 0.659375 0.409375 0.0265625 0.0671875
3 0.653125 0.659375 0.0234375 0.05
11 0.121875 0.253125 0.0265625 0.046875
11 0.278125 0.253125 0.0265625 0.0484375
3 0.66875 0.15625 0.0234375 0.0515625
3 0.621875 0.665625 0.0234375 0.053125
11 0.29375 0.765625 0.0265625 0.046875
8 0.7265625 0.678125 0.028125 0.0515625
11 0.209375 0.525 0.028125 0.0484375
11 0.33125 0.5390625 0.0265625 0.046875
11 0.653125 0.765625 0.0265625 0.046875
3 0.7 0.1484375 0.0234375 0.05
11 0.7734375 0.53125 0.028125 0.0484375
11 0.7 0.253125 0.028125 0.0484375
3 0.2140625 0.659375 0.025 0.05
8 0.51875 0.4125 0.0265625 0.046875
11 0.490625 0.7671875 0.0265625 0.046875
11 0.2828125 0.540625 0.0265625 0.0484375
11 0.1703125 0.253125 0.025 0.046875
3 0.5 0.915625 0.0265625 0.053125
5 0.7734375 0.1515625 0.025 0.025
11 0.625 0.534375 0.0265625 0.0484375
11 0.725 0.771875 0.028125 0.0484375
3 0.1828125 0.665625 0.0234375 0.053125
11 0.8578125 0.53125 0.0265625 0.0484375
11 0.546875 0.2515625 0.0265625 0.046875
11 0.44375 0.253125 0.0265625 0.046875
3 0.20625 0.403125 0.0234375 0.05
11 0.775 0.771875 0.028125 0.0484375
11 0.440625 0.5390625 0.0265625 0.046875
3 0.21875 0.159375 0.0265625 0.059375
11 0.571875 0.5359375 0.028125 0.046875
3 0.46875 0.915625 0.0234375 0.0484375
3 0.9125 0.909375 0.0265625 0.05
11 0.0546875 0.765625 0.0265625 0.046875
3 0.68125 0.65625 0.025 0.0515625
11 0.5890625 0.765625 0.0265625 0.046875
3 0.915625 0.6671875 0.0265625 0.059375
11 0.340625 0.7671875 0.025 0.0484375
11 0.7734375 0.2546875 0.0265625 0.046875
3 0.825 0.921875 0.0265625 0.05
3 0.2453125 0.91875 0.028125 0.065625
3 0.153125 0.921875 0.028125 0.05625
11 0.38125 0.5390625 0.0265625 0.046875
11 0.69375 0.5328125 0.028125 0.046875
11 0.81875 0.53125 0.028125 0.0484375
11 0.903125 0.53125 0.0265625 0.0484375
11 0.4 0.2546875 0.0265625 0.046875
3 0.46875 0.403125 0.0265625 0.0484375
11 0.103125 0.765625 0.0265625 0.046875
11 0.103125 0.525 0.025 0.0453125
11 0.54375 0.7671875 0.025 0.046875
11 0.05 0.525 0.028125 0.046875
14 0.015625 0.675 0.03125 0.08125
11 0.384375 0.765625 0.025 0.046875
11 0.59375 0.253125 0.025 0.046875
11 0.434375 0.76875 0.0265625 0.05
11 0.8625 0.253125 0.025 0.046875
8 0.053125 0.921875 0.028125 0.0515625
3 0.1765625 0.40625 0.0234375 0.05
3 0.378125 0.3921875 0.025 0.0515625
3 0.40625 0.9125 0.028125 0.0578125
11 0.4890625 0.2578125 0.0265625 0.0484375
3 0.728125 0.14375 0.025 0.05
11 0.81875 0.2546875 0.025 0.046875
3 0.6234375 0.40625 0.028125 0.0671875
3 0.884375 0.9125 0.0234375 0.046875
3 0.24375 0.65625 0.025 0.05
14 0.05625 0.165625 0.034375 0.075
3 0.303125 0.14375 0.0234375 0.05
11 0.903125 0.259375 0.0265625 0.05
3 0.1484375 0.409375 0.028125 0.05
3 0.6421875 0.159375 0.028125 0.059375
3 0.825 0.671875 0.0265625 0.0546875
3 0.1546875 0.671875 0.03125 0.0625
8 0.3 0.9140625 0.0296875 0.0546875
5 0.353125 0.175 0.025 0.0234375
5 0.29375 0.684375 0.028125 0.0234375
3 0.590625 0.671875 0.028125 0.0578125
9 0.73125 0.909375 0.0265625 0.021875
9 0.5453125 0.159375 0.0265625 0.021875
9 0.49375 0.66875 0.025 0.0203125
9 0.0546875 0.66875 0.03125 0.0234375
9 0.121875 0.159375 0.025 0.015625
9 0.053125 0.3984375 0.025 0.021875