0 0.103125 0.8 0.0359375 0.0453125
0 0.103125 0.284375 0.0359375 0.046875
14 0.10625 0.190625 0.0390625 0.078125
0 0.103125 0.04375 0.0375 0.046875
0 0.103125 0.540625 0.0359375 0.0453125
3 0.771875 0.1703125 0.0234375 0.0484375
11 0.14375 0.040625 0.0265625 0.046875
3 0.5 0.69375 0.028125 0.05
14 0.1046875 0.4328125 0.0375 0.078125
14 0.1046875 0.684375 0.0375 0.078125
3 0.978125 0.428125 0.025 0.0484375
3 0.334375 0.1703125 0.0234375 0.05
3 0.978125 0.190625 0.0265625 0.0484375
3 0.9125 0.6875 0.028125 0.0484375
11 0.78125 0.05 0.0265625 0.046875
3 0.875 0.69375 0.028125 0.0484375
11 0.24375 0.278125 0.0265625 0.046875
3 0.7125 0.18125 0.0234375 0.053125
3 0.528125 0.428125 0.0265625 0.059375
11 0.46875 0.05625 0.0265625 0.046875
3 0.94375 0.190625 0.0234375 0.046875
3 0.2765625 0.4421875 0.0234375 0.0484375
11 0.375 0.053125 0.028125 0.046875
3 0.559375 0.434375 0.0234375 0.05
11 0.6625 0.05 0.0265625 0.0484375
3 0.459375 0.696875 0.028125 0.0515625
3 0.9453125 0.4328125 0.025 0.0484375
11 0.53125 0.053125 0.0265625 0.04375
11 0.95 0.046875 0.025 0.0484375
11 0.8171875 0.284375 0.0265625 0.0484375
3 0.740625 0.175 0.0234375 0.0515625
11 0.421875 0.053125 0.028125 0.046875
3 0.275 0.18125 0.0234375 0.053125
11 0.6796875 0.278125 0.025 0.0453125
11 0.2390625 0.040625 0.0265625 0.046875
3 0.3046875 0.440625 0.0265625 0.0546875
8 0.784375 0.80625 0.028125 0.0484375
11 0.14375 0.546875 0.025 0.0484375
11 0.715625 0.05 0.0265625 0.046875
11 0.4421875 0.553125 0.028125 0.04375
11 0.49375 0.54375 0.0265625 0.0484375
11 0.746875 0.278125 0.025 0.046875
11 0.30625 0.55 0.0265625 0.046875
11 0.24375 0.55 0.0265625 0.046875
8 0.5953125 0.809375 0.0265625 0.046875
11 0.196875 0.546875 0.0265625 0.046875
8 0.334375 0.80625 0.028125 0.0484375
11 0.90625 0.046875 0.0265625 0.0484375
3 0.303125 0.1734375 0.025 0.053125
11 0.9796875 0.540625 0.0265625 0.046875
11 0.609375 0.05 0.028125 0.046875
11 0.559375 0.5421875 0.028125 0.05
8 0.875 0.80625 0.028125 0.0484375
3 0.5875 0.43125 0.0265625 0.053125
11 0.865625 0.046875 0.0265625 0.0484375
11 0.390625 0.553125 0.028125 0.0453125
3 0.9546875 0.68125 0.0265625 0.05
8 0.1421875 0.4375 0.0265625 0.053125
11 0.8234375 0.5359375 0.025 0.0453125
3 0.425 0.7 0.0328125 0.0546875
11 0.91875 0.278125 0.0265625 0.046875
11 0.3859375 0.278125 0.0265625 0.046875
11 0.98125 0.2796875 0.0265625 0.046875
11 0.196875 0.0390625 0.025 0.046875
11 0.5265625 0.2828125 0.0265625 0.0484375
11 0.4328125 0.2796875 0.0265625 0.046875
11 0.303125 0.2796875 0.0265625 0.046875
8 0.678125 0.80625 0.028125 0.0484375
11 0.296875 0.040625 0.028125 0.046875
8 0.228125 0.80625 0.028125 0.0484375
8 0.421875 0.8078125 0.028125 0.0484375
11 0.725 0.5359375 0.0265625 0.046875
8 0.146875 0.809375 0.025 0.046875
11 0.146875 0.2796875 0.0265625 0.046875
11 0.634375 0.2765625 0.0265625 0.046875
11 0.865625 0.2859375 0.0265625 0.0484375
11 0.91875 0.534375 0.0265625 0.0453125
3 0.24375 0.190625 0.028125 0.0609375
11 0.475 0.278125 0.0265625 0.046875
11 0.1921875 0.2796875 0.025 0.046875
3 0.91875 0.434375 0.0265625 0.05
11 0.58125 0.2796875 0.0265625 0.0453125
5 0.384375 0.203125 0.028125 0.0234375
3 0.3375 0.434375 0.028125 0.0640625
8 0.8171875 0.19375 0.025 0.0484375
8 0.390625 0.4296875 0.028125 0.053125
3 0.490625 0.43125 0.0265625 0.0546875
11 0.6828125 0.5359375 0.0234375 0.0453125
11 0.871875 0.5359375 0.025 0.0453125
3 0.915625 0.1875 0.0265625 0.0546875
11 0.64375 0.5375 0.0265625 0.046875
11 0.76875 0.5375 0.025 0.046875
5 0.6421875 0.425 0.025 0.021875
3 0.2421875 0.440625 0.0296875 0.059375
3 0.6796875 0.190625 0.0265625 0.0609375
11 0.990625 0.046875 0.0171875 0.05
9 0.3359375 0.6796875 0.0265625 0.0203125
9 0.784375 0.6796875 0.0265625 0.0203125
3 0.5375 0.678125 0.03125 0.0703125
9 0.821875 0.4265625 0.0265625 0.021875
9 0.146875 0.184375 0.028125 0.0234375
9 0.58125 0.184375 0.0234375 0.0203125
5 0.146875 0.659375 0.0296875 0.0265625
5 0.59375 0.659375 0.03125 0.0296875