3 0.228125 0.575 0.025 0.0515625
3 0.21875 0.053125 0.0234375 0.05
3 0.896875 0.5625 0.0234375 0.0484375
3 0.421875 0.828125 0.0265625 0.05
14 0.0234375 0.56875 0.0375 0.0796875
3 0.86875 0.565625 0.025 0.05
3 0.70625 0.0625 0.028125 0.059375
3 0.4484375 0.5625 0.025 0.0578125
5 0.7875 0.0625 0.025 0.0234375
11 0.30625 0.41875 0.0265625 0.0484375
3 0.896875 0.321875 0.025 0.05
3 0.1953125 0.575 0.025 0.046875
11 0.0640625 0.4203125 0.025 0.0484375
3 0.4234375 0.0515625 0.025 0.053125
3 0.86875 0.3265625 0.0234375 0.0453125
0 0.021875 0.421875 0.0375 0.046875
0 0.021875 0.934375 0.0390625 0.05
3 0.45 0.0546875 0.025 0.0546875
11 0.29375 0.1921875 0.0265625 0.0453125
11 0.534375 0.184375 0.0265625 0.046875
3 0.928125 0.559375 0.0265625 0.05
8 0.534375 0.059375 0.0265625 0.046875
3 0.2609375 0.5703125 0.028125 0.0640625
11 0.415625 0.6796875 0.028125 0.0484375
11 0.1625 0.175 0.025 0.0453125
3 0.671875 0.05625 0.028125 0.065625
3 0.6328125 0.31875 0.0234375 0.053125
11 0.8390625 0.4171875 0.0265625 0.0484375
3 0.915625 0.8140625 0.028125 0.05
8 0.153125 0.94375 0.0265625 0.046875
11 0.9 0.41875 0.0265625 0.0484375
3 0.225 0.3125 0.0234375 0.05
8 0.0625 0.940625 0.0265625 0.046875
8 0.065625 0.571875 0.028125 0.05
11 0.784375 0.18125 0.028125 0.0484375
11 0.509375 0.41875 0.0265625 0.046875
11 0.228125 0.41875 0.0265625 0.0484375
8 0.603125 0.94375 0.028125 0.0484375
11 0.7375 0.421875 0.028125 0.05
8 0.515625 0.94375 0.028125 0.0453125
3 0.2578125 0.3078125 0.025 0.05
3 0.2453125 0.0484375 0.025 0.05
3 0.38125 0.83125 0.028125 0.0515625
11 0.584375 0.184375 0.028125 0.0453125
11 0.0625 0.68125 0.0265625 0.05
3 0.19375 0.31875 0.025 0.0515625
3 0.34375 0.834375 0.0296875 0.05
11 0.3625 0.690625 0.0265625 0.0453125
8 0.7953125 0.940625 0.028125 0.0484375
14 0.0234375 0.328125 0.0375 0.0796875
11 0.8984375 0.675 0.028125 0.0484375
3 0.878125 0.8203125 0.0265625 0.0515625
11 0.165625 0.41875 0.025 0.046875
3 0.7984375 0.828125 0.0296875 0.0515625
11 0.1140625 0.175 0.025 0.0453125
11 0.221875 0.171875 0.0265625 0.046875
3 0.840625 0.8265625 0.0296875 0.05
3 0.6625 0.3125 0.0234375 0.05
11 0.6015625 0.671875 0.025 0.0453125
11 0.34375 0.190625 0.0265625 0.046875
3 0.696875 0.3046875 0.025 0.0515625
11 0.79375 0.671875 0.025 0.0453125
11 0.75 0.671875 0.025 0.0453125
11 0.6375 0.1859375 0.028125 0.0484375
11 0.84375 0.671875 0.025 0.0453125
0 0.0234375 0.178125 0.0390625 0.046875
11 0.4515625 0.190625 0.0265625 0.0453125
11 0.8296875 0.18125 0.0265625 0.0484375
11 0.875 0.18125 0.0265625 0.05
3 0.48125 0.5671875 0.025 0.0484375
8 0.3421875 0.940625 0.028125 0.046875
11 0.309375 0.6921875 0.028125 0.04375
11 0.665625 0.41875 0.0265625 0.0484375
11 0.6046875 0.41875 0.0265625 0.0484375
11 0.115625 0.41875 0.025 0.0484375
11 0.115625 0.684375 0.028125 0.05
11 0.7875 0.425 0.0265625 0.05
11 0.5640625 0.6703125 0.025 0.0453125
14 0.0234375 0.0578125 0.0390625 0.0796875
11 0.3890625 0.19375 0.0265625 0.046875
3 0.9296875 0.3203125 0.0265625 0.059375
11 0.0671875 0.175 0.025 0.0453125
11 0.446875 0.421875 0.0265625 0.046875
11 0.553125 0.41875 0.0265625 0.0484375
11 0.228125 0.6875 0.028125 0.0484375
3 0.5125 0.565625 0.025 0.053125
3 0.1875 0.05625 0.025 0.0515625
3 0.1625 0.325 0.028125 0.059375
11 0.48125 0.68125 0.0265625 0.05
11 0.70625 0.1859375 0.028125 0.046875
11 0.353125 0.41875 0.025 0.0484375
11 0.6875 0.671875 0.0234375 0.0453125
8 0.7375 0.328125 0.0265625 0.05
3 0.4796875 0.0546875 0.0265625 0.05
3 0.165625 0.575 0.028125 0.0546875
8 0.259375 0.940625 0.028125 0.0484375
3 0.41875 0.565625 0.0265625 0.0546875
3 0.8375 0.56875 0.0265625 0.0484375
14 0.0234375 0.8234375 0.0375 0.075
3 0.734375 0.075 0.028125 0.053125
11 0.165625 0.6875 0.0265625 0.046875
11 0.91875 0.18125 0.0265625 0.05
11 0.4 0.4171875 0.025 0.046875
8 0.703125 0.9375 0.0265625 0.046875
8 0.29375 0.0453125 0.025 0.0484375
11 0.6484375 0.66875 0.025 0.0453125
3 0.15625 0.05625 0.0296875 0.053125
8 0.315625 0.5625 0.028125 0.053125
3 0.6 0.3234375 0.028125 0.0625
0 0.021875 0.675 0.0375 0.0453125
3 0.640625 0.0546875 0.0296875 0.0671875
3 0.840625 0.325 0.025 0.0515625
5 0.5625 0.559375 0.025 0.0234375
3 0.3875 0.04375 0.0234375 0.0515625
3 0.45625 0.81875 0.03125 0.06875
9 0.7078125 0.81875 0.028125 0.0234375
9 0.5046875 0.321875 0.0265625 0.021875
9 0.259375 0.81875 0.0296875 0.025
5 0.3046875 0.3390625 0.0265625 0.0234375
9 0.065625 0.321875 0.0296875 0.0234375
9 0.746875 0.5625 0.0265625 0.0203125
9 0.065625 0.05 0.028125 0.021875
5 0.515625 0.7953125 0.0234375 0.021875
5 0.06875 0.796875 0.028125 0.0171875