5 0.7734375 0.065625 0.025 0.021875
3 0.884375 0.3296875 0.0234375 0.0515625
8 0.584375 0.953125 0.028125 0.0484375
8 0.1375 0.953125 0.028125 0.0484375
3 0.36875 0.834375 0.0296875 0.0515625
3 0.2125 0.315625 0.025 0.05
3 0.65 0.3171875 0.0234375 0.05
11 0.0515625 0.6875 0.0265625 0.05
3 0.884375 0.565625 0.025 0.05
11 0.85625 0.184375 0.0265625 0.0484375
3 0.690625 0.0703125 0.0265625 0.0609375
3 0.8625 0.821875 0.028125 0.05
3 0.61875 0.3234375 0.025 0.053125
11 0.28125 0.196875 0.0265625 0.0453125
11 0.725 0.428125 0.028125 0.05
11 0.103125 0.6875 0.028125 0.05
3 0.853125 0.33125 0.0234375 0.046875
3 0.1828125 0.58125 0.0234375 0.0484375
11 0.884375 0.68125 0.028125 0.05
8 0.5171875 0.065625 0.0265625 0.046875
11 0.15 0.178125 0.0265625 0.0453125
3 0.434375 0.5671875 0.0234375 0.0546875
11 0.215625 0.690625 0.0265625 0.046875
11 0.771875 0.184375 0.028125 0.0484375
11 0.8859375 0.421875 0.0265625 0.046875
3 0.215625 0.58125 0.025 0.0515625
8 0.503125 0.953125 0.0265625 0.046875
11 0.3296875 0.1984375 0.0265625 0.0453125
3 0.40625 0.83125 0.028125 0.0515625
8 0.725 0.33125 0.028125 0.0484375
11 0.153125 0.690625 0.025 0.0453125
8 0.053125 0.95 0.0265625 0.046875
3 0.9015625 0.8203125 0.0296875 0.0515625
3 0.3296875 0.840625 0.0296875 0.05
3 0.40625 0.0546875 0.0234375 0.05
11 0.7734375 0.428125 0.028125 0.05
11 0.5171875 0.19375 0.028125 0.046875
11 0.55 0.675 0.0265625 0.046875
11 0.825 0.421875 0.028125 0.046875
11 0.5703125 0.190625 0.0265625 0.0484375
11 0.35 0.696875 0.028125 0.0453125
11 0.6515625 0.421875 0.028125 0.046875
11 0.9 0.184375 0.0265625 0.0484375
3 0.465625 0.571875 0.0234375 0.046875
11 0.153125 0.421875 0.0265625 0.046875
3 0.853125 0.571875 0.025 0.0484375
11 0.2078125 0.178125 0.028125 0.0453125
11 0.4015625 0.684375 0.028125 0.0484375
3 0.825 0.825 0.028125 0.05
11 0.5875 0.4234375 0.0265625 0.0453125
11 0.6234375 0.19375 0.028125 0.046875
8 0.3 0.56875 0.028125 0.0515625
11 0.2125 0.421875 0.028125 0.046875
3 0.678125 0.3125 0.0234375 0.05
11 0.6921875 0.1921875 0.028125 0.0453125
3 0.721875 0.0765625 0.028125 0.0515625
3 0.18125 0.3234375 0.025 0.053125
11 0.340625 0.4234375 0.0234375 0.046875
11 0.29375 0.421875 0.028125 0.046875
11 0.3828125 0.4234375 0.025 0.0453125
11 0.490625 0.425 0.025 0.0453125
3 0.6578125 0.0625 0.028125 0.065625
11 0.5421875 0.4234375 0.0234375 0.0453125
3 0.9109375 0.5625 0.025 0.05
11 0.675 0.675 0.025 0.046875
11 0.465625 0.684375 0.0265625 0.05
3 0.2046875 0.05625 0.025 0.0515625
11 0.4328125 0.4265625 0.0265625 0.0484375
3 0.24375 0.575 0.028125 0.0625
11 0.296875 0.696875 0.028125 0.046875
11 0.8265625 0.675 0.0265625 0.046875
8 0.053125 0.578125 0.0265625 0.05
11 0.63125 0.675 0.0234375 0.0453125
11 0.778125 0.675 0.025 0.046875
3 0.4375 0.05625 0.025 0.053125
8 0.78125 0.95 0.028125 0.0484375
11 0.4375 0.196875 0.0265625 0.0453125
3 0.4984375 0.5703125 0.028125 0.0515625
3 0.240625 0.3125 0.0234375 0.0484375
11 0.103125 0.421875 0.0265625 0.046875
8 0.240625 0.94375 0.028125 0.0484375
11 0.1015625 0.178125 0.0265625 0.046875
11 0.73125 0.678125 0.0234375 0.0453125
3 0.8234375 0.3296875 0.0265625 0.053125
11 0.815625 0.184375 0.0265625 0.0484375
8 0.690625 0.95 0.028125 0.05
11 0.05 0.421875 0.0265625 0.046875
3 0.78125 0.828125 0.028125 0.0515625
11 0.59375 0.675 0.0234375 0.046875
3 0.153125 0.3296875 0.0296875 0.0609375
3 0.378125 0.05 0.0265625 0.053125
8 0.3296875 0.946875 0.028125 0.05
11 0.053125 0.178125 0.0265625 0.0484375
3 0.825 0.578125 0.025 0.0484375
3 0.153125 0.578125 0.028125 0.0546875
3 0.465625 0.0578125 0.0265625 0.0515625
3 0.9140625 0.325 0.0265625 0.0609375
3 0.23125 0.053125 0.0265625 0.0515625
3 0.175 0.0625 0.028125 0.0515625
3 0.403125 0.5703125 0.028125 0.053125
3 0.621875 0.0625 0.0296875 0.0671875
5 0.2921875 0.3421875 0.028125 0.021875
11 0.378125 0.196875 0.0265625 0.046875
3 0.590625 0.328125 0.028125 0.0609375
8 0.284375 0.046875 0.0265625 0.0453125
3 0.446875 0.825 0.03125 0.071875
5 0.0515625 0.803125 0.0265625 0.0234375
5 0.5015625 0.803125 0.0234375 0.0203125
3 0.146875 0.0640625 0.028125 0.0515625
5 0.55 0.5640625 0.0265625 0.0234375
9 0.246875 0.821875 0.0296875 0.021875
9 0.7296875 0.565625 0.0234375 0.01875
9 0.6953125 0.821875 0.0296875 0.0234375
9 0.4890625 0.325 0.0296875 0.0265625
9 0.05 0.325 0.028125 0.0234375
9 0.053125 0.05625 0.025 0.021875