3 0.978125 0.4296875 0.0265625 0.05
0 0.071875 0.05 0.0359375 0.0453125
3 0.496875 0.4328125 0.025 0.05625
3 0.928125 0.6890625 0.0265625 0.05
3 0.8859375 0.69375 0.028125 0.0484375
11 0.834375 0.0515625 0.0265625 0.0484375
3 0.5609375 0.4375 0.028125 0.0546875
14 0.06875 0.2 0.0375 0.078125
0 0.071875 0.290625 0.0359375 0.0453125
8 0.65 0.8140625 0.028125 0.0484375
3 0.7125 0.178125 0.021875 0.05
11 0.921875 0.05 0.0265625 0.0484375
11 0.578125 0.0546875 0.028125 0.0484375
11 0.7875 0.290625 0.028125 0.0484375
11 0.6859375 0.0546875 0.028125 0.0484375
3 0.275 0.178125 0.0234375 0.0515625
3 0.278125 0.44375 0.025 0.0515625
14 0.06875 0.4375 0.0359375 0.0765625
3 0.91875 0.4375 0.025 0.05
3 0.43125 0.7015625 0.0296875 0.0515625
8 0.1140625 0.815625 0.028125 0.046875
8 0.1984375 0.8140625 0.028125 0.0484375
3 0.24375 0.4453125 0.025 0.046875
3 0.303125 0.175 0.0234375 0.0484375
3 0.46875 0.6984375 0.028125 0.0515625
11 0.9484375 0.284375 0.028125 0.046875
3 0.53125 0.4375 0.0234375 0.0484375
11 0.1171875 0.0421875 0.025 0.0484375
0 0.071875 0.546875 0.0359375 0.046875
11 0.8875 0.284375 0.0265625 0.046875
0 0.071875 0.8046875 0.0359375 0.046875
3 0.9453125 0.4328125 0.025 0.05
11 0.275 0.284375 0.0265625 0.046875
11 0.63125 0.0546875 0.028125 0.0484375
11 0.215625 0.5546875 0.0265625 0.046875
11 0.165625 0.55 0.028125 0.05
11 0.4625 0.546875 0.028125 0.05
3 0.740625 0.175 0.0234375 0.0484375
3 0.8875 0.440625 0.0265625 0.0484375
11 0.7125 0.284375 0.0265625 0.046875
3 0.9640625 0.6859375 0.028125 0.05
8 0.5640625 0.815625 0.0265625 0.046875
11 0.6125 0.540625 0.0265625 0.0453125
3 0.68125 0.190625 0.025 0.05625
11 0.946875 0.54375 0.028125 0.046875
11 0.359375 0.559375 0.0265625 0.046875
11 0.4125 0.559375 0.028125 0.0453125
3 0.946875 0.190625 0.025 0.05
11 0.8890625 0.540625 0.0265625 0.046875
11 0.2109375 0.04375 0.0265625 0.046875
11 0.965625 0.05 0.0265625 0.05
11 0.7515625 0.053125 0.028125 0.046875
11 0.278125 0.5546875 0.028125 0.046875
3 0.85 0.69375 0.0296875 0.05
8 0.84375 0.8109375 0.0296875 0.0484375
11 0.53125 0.546875 0.028125 0.05
14 0.06875 0.690625 0.0375 0.0765625
11 0.3546875 0.284375 0.0265625 0.046875
11 0.834375 0.290625 0.0265625 0.05
11 0.2671875 0.04375 0.0265625 0.0453125
11 0.34375 0.059375 0.0265625 0.046875
3 0.390625 0.70625 0.03125 0.05
11 0.1140625 0.55 0.0265625 0.05
11 0.215625 0.2859375 0.0265625 0.046875
11 0.878125 0.05 0.0265625 0.0484375
8 0.7875 0.1984375 0.028125 0.0484375
11 0.653125 0.284375 0.0265625 0.046875
11 0.79375 0.5421875 0.025 0.0453125
11 0.1640625 0.04375 0.025 0.046875
3 0.30625 0.440625 0.0265625 0.0625
3 0.915625 0.1984375 0.0234375 0.0453125
11 0.5 0.059375 0.0265625 0.046875
11 0.4921875 0.29375 0.0265625 0.0484375
11 0.8453125 0.5421875 0.025 0.046875
11 0.440625 0.05625 0.0265625 0.0484375
3 0.24375 0.1890625 0.0265625 0.0546875
11 0.5546875 0.284375 0.0265625 0.046875
8 0.75625 0.8078125 0.028125 0.0484375
3 0.4625 0.4375 0.0265625 0.0546875
11 0.446875 0.284375 0.025 0.046875
3 0.215625 0.44375 0.028125 0.0546875
11 0.603125 0.284375 0.0265625 0.046875
8 0.3875 0.809375 0.028125 0.05
8 0.30625 0.8078125 0.028125 0.05
11 0.3890625 0.05625 0.0265625 0.046875
5 0.6109375 0.4296875 0.028125 0.021875
11 0.165625 0.284375 0.025 0.046875
11 0.740625 0.5421875 0.0234375 0.046875
11 0.696875 0.540625 0.025 0.046875
11 0.403125 0.284375 0.0265625 0.046875
8 0.115625 0.44375 0.0265625 0.0484375
11 0.6546875 0.540625 0.025 0.046875
3 0.215625 0.19375 0.0296875 0.0609375
3 0.884375 0.196875 0.025 0.0515625
3 0.50625 0.6859375 0.03125 0.0703125
3 0.653125 0.1921875 0.028125 0.059375
11 0.1171875 0.290625 0.025 0.046875
8 0.3625 0.434375 0.028125 0.0515625
9 0.3046875 0.684375 0.028125 0.021875
9 0.7578125 0.684375 0.028125 0.0203125
5 0.353125 0.2078125 0.0265625 0.021875
3 0.9796875 0.1875 0.0265625 0.0609375
9 0.790625 0.43125 0.025 0.0203125
5 0.1140625 0.665625 0.0265625 0.0234375
5 0.5640625 0.665625 0.025 0.0234375
9 0.1140625 0.1890625 0.028125 0.021875
9 0.55 0.190625 0.028125 0.025