0 0.140625 0.303125 0.0359375 0.046875
14 0.096875 0.9625 0.0359375 0.0734375
3 0.5203125 0.4484375 0.0234375 0.0515625
0 0.096875 0.81875 0.0359375 0.046875
14 0.0984375 0.71875 0.0375 0.0765625
11 0.98671875 0.575 0.0265625 0.05
3 0.775 0.459375 0.0265625 0.0609375
3 0.4921875 0.44375 0.025 0.05
3 0.740625 0.453125 0.025 0.0671875
3 0.7328125 0.70625 0.0234375 0.0515625
3 0.35625 0.196875 0.0234375 0.0484375
3 0.2609375 0.4515625 0.0234375 0.0515625
11 0.234375 0.8125 0.0265625 0.046875
3 0.2953125 0.70625 0.0234375 0.0515625
3 0.3296875 0.203125 0.0234375 0.0515625
11 0.8546875 0.578125 0.0265625 0.05
3 0.58125 0.9609375 0.025 0.053125
3 0.753125 0.203125 0.025 0.0515625
3 0.809375 0.46875 0.028125 0.053125
3 0.78125 0.196875 0.0234375 0.0453125
11 0.909375 0.809375 0.028125 0.046875
5 0.85625 0.45625 0.025 0.0234375
11 0.3 0.3 0.0265625 0.046875
3 0.7046875 0.4515625 0.028125 0.0671875
11 0.65625 0.5828125 0.0265625 0.046875
11 0.8984375 0.578125 0.028125 0.05
11 0.378125 0.8125 0.0265625 0.046875
11 0.440625 0.3 0.0265625 0.046875
11 0.94375 0.575 0.0265625 0.05
3 0.70625 0.7125 0.025 0.0546875
3 0.9375 0.721875 0.0234375 0.046875
5 0.63125 0.953125 0.025 0.0234375
11 0.671875 0.8125 0.0265625 0.0484375
3 0.765625 0.703125 0.0234375 0.0484375
3 0.5515625 0.965625 0.0234375 0.046875
11 0.775 0.58125 0.028125 0.046875
11 0.809375 0.81875 0.0265625 0.0484375
11 0.359375 0.3 0.0265625 0.046875
3 0.328125 0.703125 0.0234375 0.05
11 0.734375 0.809375 0.0265625 0.046875
3 0.2984375 0.971875 0.025 0.053125
3 0.8125 0.1921875 0.0234375 0.046875
3 0.553125 0.453125 0.025 0.05
11 0.78125 0.3 0.0265625 0.0484375
3 0.3296875 0.9640625 0.028125 0.0609375
11 0.721875 0.2984375 0.0265625 0.046875
11 0.603125 0.5828125 0.0265625 0.046875
11 0.8546875 0.3 0.0265625 0.046875
11 0.85625 0.81875 0.0265625 0.05
11 0.4625 0.584375 0.028125 0.046875
11 0.425 0.8125 0.0265625 0.046875
3 0.9046875 0.715625 0.025 0.0515625
11 0.528125 0.296875 0.025 0.046875
8 0.603125 0.45625 0.028125 0.0484375
11 0.971875 0.8109375 0.0265625 0.046875
11 0.709375 0.58125 0.028125 0.0484375
3 0.51875 0.9609375 0.025 0.05625
11 0.20625 0.2984375 0.0265625 0.046875
3 0.2875 0.446875 0.0234375 0.05
11 0.575 0.8125 0.0265625 0.046875
11 0.2546875 0.296875 0.025 0.0453125
3 0.2671875 0.7125 0.025 0.0546875
11 0.184375 0.8125 0.025 0.046875
11 0.23125 0.571875 0.0265625 0.0453125
11 0.296875 0.809375 0.0296875 0.046875
8 0.365625 0.440625 0.025 0.05
11 0.6234375 0.8125 0.0265625 0.046875
11 0.484375 0.296875 0.025 0.046875
3 0.265625 0.975 0.025 0.05
8 0.384375 0.9625 0.0265625 0.0515625
11 0.675 0.296875 0.0265625 0.046875
11 0.628125 0.3 0.025 0.046875
14 0.140625 0.2109375 0.034375 0.078125
3 0.4875 0.959375 0.0265625 0.0546875
11 0.1375 0.5703125 0.0265625 0.046875
11 0.415625 0.5859375 0.0265625 0.046875
3 0.90625 0.9703125 0.028125 0.05
11 0.29375 0.571875 0.025 0.0453125
11 0.9 0.296875 0.025 0.046875
11 0.56875 0.303125 0.0265625 0.05
3 0.3875 0.1921875 0.0234375 0.046875
11 0.1875 0.571875 0.025 0.04375
11 0.3671875 0.5859375 0.0265625 0.046875
11 0.9875 0.3015625 0.0234375 0.0484375
3 0.9375 0.9640625 0.021875 0.05
11 0.94375 0.2984375 0.025 0.046875
11 0.525 0.5875 0.028125 0.046875
3 0.971875 0.71875 0.025 0.0484375
3 0.459375 0.440625 0.0265625 0.0546875
11 0.46875 0.8125 0.025 0.046875
11 0.515625 0.815625 0.0265625 0.05
14 0.096875 0.453125 0.0375 0.0765625
3 0.234375 0.971875 0.0296875 0.05625
0 0.09375 0.575 0.0375 0.0453125
3 0.3171875 0.44375 0.025 0.05
3 0.228125 0.45625 0.0265625 0.0484375
8 0.8109375 0.725 0.0265625 0.0484375
3 0.9703125 0.9625 0.025 0.0484375
3 0.3 0.209375 0.0265625 0.059375
5 0.378125 0.7328125 0.0265625 0.0234375
3 0.71875 0.209375 0.028125 0.0578125
11 0.140625 0.8125 0.0265625 0.046875
3 0.234375 0.7203125 0.03125 0.0609375
5 0.4375 0.221875 0.0234375 0.021875
3 0.671875 0.721875 0.0296875 0.059375
8 0.1390625 0.96875 0.0296875 0.0484375
9 0.815625 0.95625 0.028125 0.021875
9 0.571875 0.715625 0.025 0.0203125
5 0.853125 0.2 0.025 0.021875
9 0.1359375 0.4453125 0.028125 0.021875
9 0.1375 0.715625 0.025 0.0234375
9 0.203125 0.20625 0.021875 0.0234375
9 0.628125 0.20625 0.028125 0.021875
11 0.99921875 0.575 0.0015625 0.05