12 0.384375 0.0625 0.0453125 0.0453125
11 0.2828125 0.190625 0.0453125 0.05625
12 0.3796875 0.196875 0.0328125 0.053125
12 0.4125 0.64375 0.0421875 0.0546875
12 0.4125 0.784375 0.0390625 0.05
12 0.934375 0.6484375 0.034375 0.046875
12 0.9328125 0.7828125 0.0375 0.0484375
3 0.21875 0.0734375 0.0390625 0.06875
11 0.2828125 0.084375 0.0453125 0.0640625
11 0.03125 0.196875 0.0453125 0.0609375
11 0.15 0.2 0.0546875 0.065625
11 0.515625 0.196875 0.0421875 0.0578125
11 0.6484375 0.2 0.04375 0.0609375
11 0.790625 0.19375 0.0359375 0.0609375
11 0.9265625 0.2 0.040625 0.0640625
11 0.096875 0.646875 0.0390625 0.0625
11 0.203125 0.646875 0.0453125 0.0703125
11 0.3125 0.65625 0.046875 0.0671875
3 0.7625 0.6546875 0.046875 0.078125
11 0.8296875 0.66875 0.0484375 0.0640625
11 0.0953125 0.775 0.0484375 0.0625
11 0.1984375 0.78125 0.04375 0.071875
11 0.3109375 0.7765625 0.0484375 0.0640625
11 0.553125 0.78125 0.0421875 0.0671875
11 0.6859375 0.7875 0.0390625 0.0625
11 0.8328125 0.778125 0.040625 0.0578125
3 0.028125 0.075 0.040625 0.0671875
3 0.0875 0.06875 0.0453125 0.065625
3 0.153125 0.06875 0.0390625 0.0578125
3 0.5125 0.0703125 0.04375 0.075
3 0.58125 0.0671875 0.046875 0.06875
3 0.653125 0.0609375 0.040625 0.0625
3 0.71875 0.06875 0.0453125 0.0640625
3 0.7953125 0.075 0.046875 0.071875
3 0.859375 0.071875 0.0421875 0.0640625
3 0.9296875 0.06875 0.05 0.0546875
3 0.55625 0.65625 0.05 0.0796875
3 0.6203125 0.6515625 0.046875 0.06875
3 0.690625 0.65 0.0421875 0.0703125