11 0.2390625 0.246875 0.040625 0.059375
11 0.3671875 0.25 0.05 0.06875
11 0.496875 0.240625 0.046875 0.059375
11 0.725 0.240625 0.0421875 0.0578125
11 0.865625 0.25 0.053125 0.0609375
3 0.434375 0.125 0.0390625 0.0703125
11 0.49375 0.1328125 0.05 0.0609375
3 0.2078125 0.709375 0.040625 0.0765625
11 0.30625 0.6921875 0.03125 0.0609375
11 0.415625 0.6984375 0.0390625 0.0640625
11 0.525 0.7015625 0.0453125 0.0703125
11 0.128125 0.834375 0.0453125 0.0703125
11 0.309375 0.8265625 0.0390625 0.059375
11 0.4125 0.834375 0.040625 0.0703125
11 0.525 0.821875 0.0421875 0.05625
11 0.765625 0.828125 0.0359375 0.0609375
11 0.8984375 0.834375 0.04375 0.0640625
12 0.625 0.690625 0.034375 0.0546875
12 0.625 0.8328125 0.04375 0.0578125
12 0.596875 0.25625 0.0390625 0.0625
12 0.596875 0.10625 0.040625 0.0546875
12 0.10625 0.1140625 0.0453125 0.04375
12 0.1109375 0.2453125 0.0390625 0.05
3 0.240625 0.121875 0.0453125 0.0796875
3 0.3046875 0.11875 0.040625 0.071875
3 0.36875 0.1140625 0.0453125 0.06875
3 0.7296875 0.1125 0.05 0.0875
3 0.796875 0.109375 0.0515625 0.0734375
3 0.865625 0.109375 0.0421875 0.06875
3 0.93125 0.1140625 0.0515625 0.078125
3 0.0578125 0.703125 0.046875 0.0671875
3 0.1328125 0.6984375 0.040625 0.0625
3 0.7671875 0.7015625 0.04375 0.078125
3 0.8296875 0.703125 0.040625 0.0765625
3 0.903125 0.7 0.0421875 0.071875
3 0.9703125 0.703125 0.040625 0.0734375