12 0.278125 0.06875 0.0390625 0.0484375
11 0.1796875 0.196875 0.04375 0.0625
12 0.271875 0.203125 0.034375 0.05
12 0.3078125 0.653125 0.0390625 0.05
11 0.209375 0.78125 0.0421875 0.0609375
12 0.30625 0.790625 0.028125 0.053125
12 0.83125 0.653125 0.0328125 0.0484375
12 0.828125 0.7890625 0.0296875 0.0546875
3 0.109375 0.0828125 0.046875 0.065625
11 0.184375 0.090625 0.0609375 0.0609375
11 0.0484375 0.2078125 0.0421875 0.0609375
11 0.4125 0.196875 0.0453125 0.0625
11 0.546875 0.209375 0.04375 0.065625
11 0.6859375 0.203125 0.0421875 0.0625
11 0.821875 0.20625 0.05625 0.0625
11 0.1 0.653125 0.0453125 0.0640625
11 0.20625 0.65625 0.046875 0.0671875
11 0.090625 0.7875 0.040625 0.0625
11 0.45 0.7875 0.046875 0.065625
11 0.584375 0.7953125 0.0453125 0.0625
11 0.7234375 0.784375 0.046875 0.059375
3 0.653125 0.6640625 0.040625 0.075
11 0.7234375 0.671875 0.05 0.065625
3 0.0453125 0.075 0.040625 0.0578125
3 0.4109375 0.075 0.046875 0.0765625
3 0.48125 0.0734375 0.0484375 0.06875
3 0.546875 0.0671875 0.0390625 0.059375
3 0.615625 0.078125 0.0390625 0.0734375
3 0.6875 0.078125 0.05 0.0703125
3 0.753125 0.075 0.0421875 0.0671875
3 0.821875 0.075 0.04375 0.0640625
3 0.890625 0.0796875 0.0390625 0.065625
3 0.45 0.665625 0.04375 0.0796875
3 0.51875 0.6578125 0.04375 0.06875
3 0.5890625 0.65625 0.046875 0.065625