11 0.3515625 0.0828125 0.04375 0.0578125
11 0.4484375 0.0875 0.05 0.0625
11 0.553125 0.08125 0.0546875 0.059375
11 0.7765625 0.084375 0.04375 0.0625
11 0.9 0.0875 0.0484375 0.059375
3 0.7390625 0.55 0.0375 0.0734375
11 0.840625 0.5328125 0.04375 0.0625
11 0.946875 0.5375 0.0453125 0.0625
0 0.1578125 0.66875 0.065625 0.0546875
11 0.2265625 0.6625 0.040625 0.0625
11 0.3734375 0.675 0.0453125 0.0625
11 0.521875 0.665625 0.0421875 0.0625
11 0.665625 0.6734375 0.0453125 0.059375
11 0.840625 0.665625 0.0421875 0.0640625
11 0.946875 0.671875 0.0453125 0.0609375
14 0.15625 0.540625 0.0625 0.096875
0 0.234375 0.0875 0.0609375 0.05625
12 0.6421875 0.0875 0.0421875 0.0546875
3 0.228125 0.540625 0.0421875 0.071875
3 0.3015625 0.5359375 0.0375 0.075
3 0.3765625 0.53125 0.04375 0.0640625
3 0.4484375 0.540625 0.046875 0.0703125
3 0.525 0.546875 0.0609375 0.0734375
3 0.59375 0.54375 0.05 0.0734375
3 0.66875 0.54375 0.0453125 0.0578125