12 0.55 0.1953125 0.0390625 0.0546875
12 0.546875 0.33125 0.0328125 0.046875
3 0.128125 0.2125 0.046875 0.0828125
11 0.23125 0.196875 0.0421875 0.059375
11 0.3390625 0.1984375 0.046875 0.0609375
11 0.45 0.20625 0.053125 0.059375
11 0.228125 0.328125 0.034375 0.059375
11 0.0484375 0.334375 0.0421875 0.05625
11 0.3328125 0.3359375 0.0390625 0.0578125
11 0.446875 0.328125 0.0453125 0.059375
11 0.690625 0.33125 0.04375 0.059375
11 0.8234375 0.3375 0.05 0.06875
11 0.96875 0.328125 0.0484375 0.0609375
3 0.896875 0.209375 0.0453125 0.084375
11 0.9640625 0.215625 0.0578125 0.0640625
3 0.0546875 0.2 0.046875 0.065625
3 0.69375 0.2078125 0.05 0.08125
3 0.759375 0.2078125 0.05 0.071875
3 0.825 0.203125 0.04375 0.0671875