11 0.0609375 0.184375 0.0484375 0.05
11 0.1625 0.1875 0.0484375 0.06875
11 0.259375 0.190625 0.040625 0.0625
11 0.25625 0.3109375 0.040625 0.059375
11 0.153125 0.31875 0.0546875 0.0546875
11 0.0625 0.3125 0.0546875 0.0609375
3 0.675 0.196875 0.0359375 0.0671875
11 0.740625 0.2046875 0.0484375 0.059375
11 0.74375 0.315625 0.0421875 0.0609375
11 0.609375 0.31875 0.0359375 0.065625
11 0.484375 0.3171875 0.040625 0.0640625
12 0.35 0.31875 0.034375 0.0484375
12 0.3515625 0.1828125 0.0265625 0.04375
12 0.8375 0.18125 0.0296875 0.0453125
12 0.8390625 0.3203125 0.0375 0.046875
11 0.96875 0.3125 0.0328125 0.059375
11 0.08125 0.90625 0.0390625 0.0609375
11 0.23125 0.896875 0.0484375 0.065625
11 0.375 0.9078125 0.04375 0.0625
11 0.553125 0.8984375 0.0484375 0.06875
3 0.45 0.775 0.04375 0.0765625
11 0.55 0.765625 0.0421875 0.0609375
11 0.6609375 0.7703125 0.04375 0.0640625
11 0.76875 0.775 0.046875 0.05625
11 0.65 0.903125 0.0421875 0.0609375
11 0.7703125 0.8984375 0.046875 0.0609375
12 0.86875 0.765625 0.0265625 0.0453125
12 0.865625 0.9 0.03125 0.0453125
3 0.484375 0.19375 0.0453125 0.0640625
3 0.5484375 0.190625 0.046875 0.0609375
3 0.609375 0.1875 0.040625 0.0671875
3 0.971875 0.1875 0.0484375 0.075
3 0.084375 0.7671875 0.0484375 0.06875
3 0.15625 0.7703125 0.0515625 0.08125
3 0.23125 0.775 0.0421875 0.0828125
3 0.303125 0.7703125 0.04375 0.071875
3 0.378125 0.771875 0.0484375 0.065625