12 0.7 0.49375 0.040625 0.0625
11 0.09375 0.034375 0.05 0.05625
12 0.18125 0.0421875 0.040625 0.0546875
12 0.6734375 0.04375 0.034375 0.053125
12 0.703125 0.6234375 0.0390625 0.0625
11 0.3125 0.0390625 0.053125 0.0609375
11 0.4453125 0.04375 0.040625 0.0703125
11 0.5765625 0.0375 0.0453125 0.05625
11 0.803125 0.0375 0.046875 0.059375
11 0.940625 0.0484375 0.0453125 0.059375
3 0.28125 0.5 0.0390625 0.084375
11 0.3828125 0.4890625 0.040625 0.06875
11 0.49375 0.4921875 0.040625 0.0640625
11 0.603125 0.496875 0.0453125 0.065625
11 0.384375 0.6234375 0.0421875 0.0625
11 0.4875 0.63125 0.04375 0.0625
11 0.6 0.621875 0.046875 0.0625
11 0.8453125 0.6265625 0.0484375 0.059375
11 0.978125 0.6296875 0.0390625 0.0640625
11 0.209375 0.63125 0.034375 0.0703125
11 0.0625 0.6265625 0.0390625 0.065625
3 0.065625 0.4984375 0.0484375 0.0875
3 0.1375 0.4953125 0.05 0.071875
3 0.2140625 0.496875 0.04375 0.0734375
3 0.846875 0.49375 0.0484375 0.084375
3 0.9125 0.4984375 0.04375 0.0625
3 0.9796875 0.49375 0.034375 0.0703125