3 0.4109375 0.3171875 0.046875 0.06875
11 0.48125 0.328125 0.0453125 0.059375
3 0.1875 0.9 0.04375 0.06875
11 0.2921875 0.884375 0.05 0.059375
11 0.4 0.890625 0.0484375 0.06875
11 0.50625 0.9 0.046875 0.065625
11 0.48125 0.4359375 0.040625 0.059375
11 0.3421875 0.440625 0.0453125 0.0640625
11 0.228125 0.440625 0.0453125 0.0578125
11 0.7125 0.43125 0.040625 0.05625
11 0.8421875 0.44375 0.0421875 0.059375
11 0.9828125 0.440625 0.034375 0.0546875
12 0.0875 0.3046875 0.03125 0.046875
12 0.0875 0.4375 0.0421875 0.05
12 0.578125 0.30625 0.0296875 0.05
12 0.5765625 0.4390625 0.025 0.0484375
12 0.609375 0.8890625 0.0328125 0.053125
3 0.2203125 0.3140625 0.046875 0.078125
3 0.2875 0.309375 0.0484375 0.0765625
3 0.353125 0.30625 0.0453125 0.0734375
3 0.709375 0.309375 0.0484375 0.0703125
3 0.778125 0.3015625 0.05 0.075
3 0.846875 0.2984375 0.0453125 0.071875
3 0.9125 0.309375 0.040625 0.071875
3 0.046875 0.8953125 0.05625 0.075
3 0.115625 0.89375 0.0546875 0.0578125
3 0.7515625 0.9 0.046875 0.071875
3 0.81875 0.9 0.0421875 0.0640625
3 0.8859375 0.890625 0.04375 0.0671875
3 0.953125 0.9 0.046875 0.06875