12 0.2265625 0.278125 0.0375 0.0453125
12 0.228125 0.415625 0.034375 0.04375
12 0.746875 0.2765625 0.0265625 0.046875
12 0.75 0.4171875 0.0359375 0.046875
3 0.571875 0.2890625 0.0421875 0.071875
11 0.6421875 0.296875 0.0484375 0.0703125
11 0.6375 0.409375 0.046875 0.05625
11 0.5015625 0.41875 0.0390625 0.0625
11 0.365625 0.4125 0.0375 0.0625
11 0.121875 0.2875 0.0390625 0.0625
11 0.125 0.4125 0.040625 0.059375
11 0.021875 0.28125 0.0421875 0.06875
3 0.365625 0.2859375 0.0484375 0.084375
3 0.43125 0.2875 0.0484375 0.0671875
3 0.503125 0.2828125 0.0484375 0.065625