12 0.66875 0.303125 0.040625 0.0484375
11 0.56875 0.4328125 0.0421875 0.0640625
12 0.6671875 0.4375 0.0328125 0.05625
3 0.2515625 0.3140625 0.04375 0.071875
11 0.35 0.303125 0.0421875 0.0609375
11 0.4625 0.30625 0.0421875 0.0703125
11 0.56875 0.315625 0.0390625 0.0609375
11 0.0328125 0.4390625 0.0390625 0.0625
11 0.1703125 0.4390625 0.0484375 0.065625
11 0.35 0.434375 0.046875 0.0609375
11 0.45625 0.4421875 0.0484375 0.06875
11 0.8125 0.4375 0.04375 0.0609375
11 0.9421875 0.4390625 0.046875 0.065625
3 0.034375 0.315625 0.04375 0.0796875
3 0.103125 0.3125 0.0390625 0.065625
3 0.1734375 0.309375 0.04375 0.0703125
3 0.8140625 0.3140625 0.059375 0.08125
3 0.878125 0.3125 0.0453125 0.0640625
3 0.9484375 0.3109375 0.040625 0.065625