11 0.40625 0.078125 0.04375 0.0609375
12 0.4953125 0.08125 0.040625 0.0453125
11 0.8859375 0.078125 0.040625 0.0578125
12 0.984375 0.08125 0.03125 0.04375
11 0.209375 0.071875 0.0484375 0.065625
11 0.303125 0.0875 0.04375 0.0625
11 0.63125 0.084375 0.0453125 0.065625
11 0.75625 0.0859375 0.04375 0.0546875
3 0.59375 0.5390625 0.0421875 0.078125
11 0.703125 0.53125 0.046875 0.0578125
11 0.8046875 0.5375 0.05 0.0625
11 0.915625 0.5375 0.04375 0.071875
11 0.696875 0.6609375 0.0484375 0.0578125
11 0.803125 0.66875 0.05 0.0703125
11 0.915625 0.659375 0.040625 0.0578125
11 0.521875 0.66875 0.040625 0.0625
11 0.38125 0.659375 0.0453125 0.071875
11 0.228125 0.66875 0.0421875 0.065625
11 0.0875 0.6578125 0.04375 0.059375
0 0.090625 0.075 0.0609375 0.06875
3 0.084375 0.534375 0.0453125 0.0671875
3 0.159375 0.534375 0.0484375 0.0734375
3 0.2296875 0.528125 0.046875 0.075
3 0.303125 0.5359375 0.0390625 0.0875
3 0.378125 0.5375 0.0375 0.0796875
3 0.453125 0.5390625 0.0484375 0.06875
3 0.525 0.53125 0.04375 0.0703125