11 0.1125 0.103125 0.0171875 0.075
11 0.478125 0.096875 0.015625 0.0875
11 0.5578125 0.09375 0.015625 0.0890625
11 0.5640625 0.290625 0.015625 0.0859375
11 0.48125 0.31875 0.0140625 0.0828125
11 0.4859375 0.475 0.015625 0.0765625
11 0.571875 0.525 0.0171875 0.0875
11 0.746875 0.696875 0.015625 0.09375
11 0.321875 0.7203125 0.021875 0.1
11 0.23125 0.684375 0.015625 0.1
11 0.503125 0.9296875 0.015625 0.096875
3 0.93125 0.8625 0.0171875 0.096875
3 0.915625 0.865625 0.0125 0.10625
3 0.9 0.865625 0.0125 0.1
3 0.884375 0.865625 0.0140625 0.1
3 0.8421875 0.884375 0.0125 0.0890625
3 0.828125 0.884375 0.0109375 0.0921875
3 0.8125 0.8921875 0.0109375 0.1
3 0.796875 0.8921875 0.0125 0.1
3 0.4453125 0.903125 0.0140625 0.075
3 0.3859375 0.896875 0.015625 0.071875
3 0.3671875 0.896875 0.0140625 0.075
3 0.35 0.85625 0.0125 0.071875
3 0.33125 0.859375 0.0078125 0.0859375
3 0.2828125 0.86875 0.0125 0.096875
3 0.265625 0.8734375 0.0109375 0.096875
3 0.25 0.878125 0.0125 0.0953125
3 0.234375 0.884375 0.0125 0.1015625
3 0.165625 0.9046875 0.0125 0.0984375
3 0.1484375 0.903125 0.0140625 0.0953125
3 0.1296875 0.90625 0.0125 0.0984375
3 0.1109375 0.909375 0.0140625 0.1046875
3 0.3671875 0.675 0.0203125 0.0875
3 0.4125 0.684375 0.025 0.10625
3 0.478125 0.6984375 0.01875 0.084375
3 0.5125 0.709375 0.025 0.0515625
3 0.68125 0.659375 0.0234375 0.0984375
3 0.7171875 0.6953125 0.0265625 0.0921875
3 0.921875 0.4453125 0.0140625 0.084375
3 0.903125 0.4453125 0.015625 0.0828125
3 0.8890625 0.446875 0.0109375 0.08125
3 0.875 0.45 0.0125 0.0796875
3 0.8375 0.45 0.0140625 0.0828125
3 0.8203125 0.45625 0.0140625 0.0765625
3 0.8046875 0.45625 0.0125 0.078125
3 0.790625 0.459375 0.0125 0.0734375
3 0.51875 0.4875 0.015625 0.0734375
3 0.440625 0.50625 0.0125 0.1125
3 0.390625 0.49375 0.0109375 0.1046875
3 0.3734375 0.5 0.0125 0.10625
3 0.353125 0.53125 0.0140625 0.08125
3 0.3359375 0.540625 0.0125 0.090625
3 0.275 0.4828125 0.0140625 0.0890625
3 0.25625 0.484375 0.0125 0.0859375
3 0.2421875 0.4890625 0.0109375 0.08125
3 0.2265625 0.490625 0.0125 0.078125
3 0.16875 0.490625 0.0140625 0.078125
3 0.153125 0.49375 0.015625 0.078125
3 0.134375 0.5 0.0140625 0.0765625
3 0.115625 0.5 0.0140625 0.0765625
3 0.109375 0.340625 0.0125 0.0796875
3 0.128125 0.3375 0.0125 0.084375
3 0.146875 0.334375 0.0125 0.0875
3 0.165625 0.33125 0.0125 0.090625
3 0.228125 0.33125 0.0109375 0.0875
3 0.2421875 0.328125 0.0109375 0.090625
3 0.259375 0.328125 0.0140625 0.0890625
3 0.278125 0.325 0.0125 0.0921875
3 0.3265625 0.328125 0.0125 0.0734375
3 0.346875 0.325 0.0125 0.084375
3 0.36875 0.3296875 0.0140625 0.0953125
3 0.3875 0.328125 0.015625 0.10625
3 0.434375 0.29375 0.0125 0.0828125
3 0.5140625 0.265625 0.0125 0.0765625
3 0.7875 0.296875 0.0125 0.075
3 0.8015625 0.2984375 0.0109375 0.0875
3 0.815625 0.2890625 0.0109375 0.0828125
3 0.83125 0.2875 0.0125 0.090625
3 0.8765625 0.2875 0.0140625 0.0859375
3 0.89375 0.284375 0.0109375 0.103125
3 0.9078125 0.284375 0.0125 0.10625
3 0.925 0.284375 0.0140625 0.1125
13 0.45625 0.296875 0.0125 0.09375
13 0.534375 0.26875 0.0171875 0.0890625
13 0.5375 0.5234375 0.0140625 0.0890625
13 0.45625 0.53125 0.0171875 0.1
13 0.2671875 0.6734375 0.0125 0.115625
13 0.2859375 0.653125 0.01875 0.1375
13 0.440625 0.6734375 0.0125 0.0984375
13 0.45625 0.68125 0.0140625 0.0984375
13 0.465625 0.9421875 0.01875 0.0953125
3 0.509375 0.078125 0.0125 0.109375
3 0.140625 0.09375 0.0109375 0.0890625
3 0.225 0.125 0.0125 0.084375
3 0.240625 0.121875 0.0109375 0.0859375
3 0.2578125 0.121875 0.0125 0.0875
3 0.275 0.11875 0.009375 0.0875
3 0.315625 0.1171875 0.0125 0.0828125
3 0.3515625 0.0875 0.0125 0.0734375
3 0.334375 0.109375 0.0140625 0.1015625
3 0.36875 0.084375 0.015625 0.0875
3 0.4359375 0.071875 0.0125 0.0828125
3 0.790625 0.078125 0.0125 0.0734375
3 0.80625 0.0765625 0.0125 0.090625
3 0.8203125 0.0703125 0.0109375 0.0828125
3 0.834375 0.071875 0.0109375 0.090625
3 0.8671875 0.04375 0.0125 0.084375
3 0.88125 0.046875 0.0140625 0.084375
3 0.8984375 0.04375 0.0109375 0.0875
3 0.91875 0.046875 0.015625 0.09375
13 0.16875 0.103125 0.0125 0.109375
13 0.15625 0.0984375 0.0109375 0.0953125
13 0.45625 0.0828125 0.0125 0.09375
13 0.528125 0.0890625 0.0125 0.1015625
6 0.684375 0.071875 0.0203125 0.028125
6 0.6828125 0.2625 0.0203125 0.0375
6 0.6828125 0.4578125 0.01875 0.0375
6 0.68125 0.8640625 0.0203125 0.0296875
9 0.5625 0.884375 0.01875 0.0375
9 0.559375 0.68125 0.01875 0.0328125
9 0.81875 0.6734375 0.021875 0.03125
8 0.896875 0.6546875 0.0265625 0.1265625
8 0.6296875 0.6703125 0.0234375 0.1265625
8 0.13125 0.69375 0.028125 0.128125
2 0.0625 0.075 0.0171875 0.0453125
2 0.078125 0.053125 0.0171875 0.0578125
2 0.059375 0.125 0.015625 0.0453125
2 0.08125 0.10625 0.0203125 0.0484375
2 0.0796875 0.246875 0.0171875 0.05625
2 0.0609375 0.2609375 0.0203125 0.0546875
2 0.078125 0.459375 0.01875 0.0546875
2 0.059375 0.478125 0.0171875 0.053125
2 0.078125 0.6625 0.01875 0.0578125
2 0.0609375 0.678125 0.0171875 0.0640625
2 0.0765625 0.85625 0.0125 0.0546875
2 0.0625 0.875 0.0109375 0.0578125
0 0.028125 0.9125 0.0390625 0.1515625
14 0.0375 0.1546875 0.021875 0.1625
14 0.0390625 0.359375 0.01875 0.1765625