3 0.1 0.03125 0.0140625 0.040625
3 0.115625 0.03125 0.0125 0.0421875
3 0.13125 0.03125 0.0140625 0.0421875
3 0.15 0.03125 0.015625 0.04375
2 0.175 0.0578125 0.021875 0.0359375
3 0.19375 0.0375 0.0109375 0.0421875
3 0.2078125 0.0375 0.0109375 0.04375
3 0.221875 0.0375 0.0125 0.046875
3 0.2359375 0.0375 0.0125 0.0453125
3 0.29375 0.0375 0.0109375 0.040625
3 0.30625 0.0359375 0.0109375 0.0421875
3 0.321875 0.0375 0.0125 0.04375
3 0.3375 0.0375 0.0125 0.046875
3 0.378125 0.04375 0.0109375 0.053125
3 0.615625 0.059375 0.0109375 0.046875
3 0.85 0.0421875 0.0109375 0.0453125
3 0.9671875 0.04375 0.0125 0.0546875
3 0.98125 0.04375 0.0125 0.0515625
3 0.9953125 0.04375 0.009375 0.053125
3 0.99375 0.15 0.0125 0.04375
3 0.978125 0.15 0.0125 0.0453125
3 0.9625 0.1484375 0.0140625 0.0421875
3 0.840625 0.15625 0.0125 0.040625
3 0.615625 0.178125 0.0125 0.04375
3 0.375 0.1625 0.0140625 0.053125
3 0.99375 0.275 0.0125 0.053125
3 0.9765625 0.278125 0.0140625 0.0484375
3 0.9578125 0.278125 0.0171875 0.0515625
3 0.84375 0.275 0.0125 0.0515625
3 0.6046875 0.2609375 0.0125 0.04375
3 0.3828125 0.234375 0.01875 0.0453125
3 0.34375 0.26875 0.0140625 0.0453125
3 0.325 0.26875 0.0125 0.0453125
3 0.309375 0.26875 0.0125 0.046875
3 0.29375 0.2703125 0.0140625 0.0515625
3 0.24375 0.24375 0.0109375 0.040625
3 0.225 0.2453125 0.0125 0.040625
3 0.2078125 0.24375 0.0140625 0.040625
3 0.1875 0.24375 0.0125 0.0421875
3 0.1375 0.240625 0.0140625 0.046875
3 0.11875 0.240625 0.0140625 0.0453125
3 0.103125 0.2421875 0.0125 0.0453125
3 0.0859375 0.2421875 0.0125 0.0453125
3 0.1453125 0.3578125 0.028125 0.046875
3 0.25 0.346875 0.0296875 0.059375
3 0.3421875 0.375 0.028125 0.046875
3 0.3734375 0.3671875 0.0234375 0.028125
3 0.6625 0.375 0.0296875 0.0296875
3 0.99375 0.4734375 0.0125 0.053125
3 0.975 0.475 0.0140625 0.0546875
3 0.8953125 0.48125 0.0359375 0.0359375
3 0.65625 0.490625 0.0328125 0.0296875
3 0.346875 0.484375 0.0328125 0.028125
3 0.240625 0.459375 0.0125 0.0421875
3 0.221875 0.4578125 0.0125 0.0453125
3 0.20625 0.459375 0.0125 0.0421875
3 0.190625 0.459375 0.015625 0.040625
3 0.14375 0.4578125 0.0140625 0.0421875
3 0.121875 0.45625 0.0140625 0.0421875
3 0.1046875 0.45625 0.0140625 0.040625
3 0.084375 0.45625 0.0125 0.040625
11 0.096875 0.540625 0.0171875 0.05625
3 0.128125 0.5421875 0.0109375 0.0625
3 0.2 0.565625 0.0125 0.0546875
3 0.215625 0.565625 0.0125 0.0578125
3 0.23125 0.565625 0.0109375 0.0578125
3 0.25 0.5671875 0.015625 0.059375
3 0.28125 0.56875 0.0140625 0.0546875
3 0.296875 0.5671875 0.0125 0.0546875
3 0.3140625 0.565625 0.0125 0.0484375
3 0.33125 0.565625 0.0140625 0.0515625
3 0.409375 0.5765625 0.0171875 0.053125
3 0.440625 0.575 0.015625 0.05
3 0.475 0.5765625 0.015625 0.0484375
3 0.509375 0.578125 0.01875 0.053125
3 0.58125 0.590625 0.0125 0.05
3 0.59375 0.5890625 0.0109375 0.046875
3 0.60625 0.5875 0.0109375 0.0515625
3 0.621875 0.590625 0.0171875 0.05
3 0.69375 0.59375 0.01875 0.0453125
3 0.7125 0.59375 0.0140625 0.0484375
3 0.73125 0.5921875 0.015625 0.0484375
3 0.75 0.590625 0.015625 0.05
3 0.79375 0.59375 0.0140625 0.05
3 0.8109375 0.59375 0.015625 0.046875
3 0.828125 0.5921875 0.015625 0.05
3 0.85 0.59375 0.01875 0.0515625
3 0.9265625 0.578125 0.0171875 0.046875
3 0.95 0.578125 0.015625 0.0484375
3 0.9765625 0.578125 0.0171875 0.0515625
3 0.996875 0.578125 0.0046875 0.0515625
3 0.996875 0.69375 0.0046875 0.0578125
3 0.978125 0.69375 0.015625 0.0546875
3 0.953125 0.69375 0.0171875 0.059375
3 0.928125 0.69375 0.01875 0.0578125
3 0.8625 0.690625 0.01875 0.05
3 0.840625 0.690625 0.015625 0.0515625
3 0.8203125 0.69375 0.0140625 0.0546875
3 0.8 0.69375 0.01875 0.0578125
3 0.7453125 0.690625 0.015625 0.0515625
3 0.990625 0.7703125 0.0171875 0.04375
3 0.9703125 0.771875 0.0171875 0.04375
3 0.95 0.771875 0.0171875 0.04375
3 0.925 0.771875 0.01875 0.0421875
3 0.853125 0.7796875 0.015625 0.0515625
3 0.834375 0.78125 0.0125 0.0515625
3 0.815625 0.784375 0.015625 0.0453125
3 0.796875 0.7828125 0.01875 0.04375
3 0.7375 0.784375 0.015625 0.04375
3 0.71875 0.7828125 0.015625 0.0453125
3 0.703125 0.784375 0.0125 0.0484375
3 0.684375 0.78125 0.015625 0.046875
3 0.6328125 0.790625 0.0171875 0.046875
3 0.615625 0.79375 0.0140625 0.046875
3 0.59375 0.7921875 0.015625 0.05
3 0.575 0.79375 0.0171875 0.053125
3 0.5109375 0.78125 0.0125 0.0453125
3 0.48125 0.7875 0.01875 0.05
3 0.4234375 0.784375 0.0171875 0.05
3 0.39375 0.7984375 0.0203125 0.040625
3 0.34375 0.76875 0.0125 0.0453125
3 0.3265625 0.771875 0.0125 0.04375
3 0.3125 0.7703125 0.0125 0.046875
3 0.296875 0.7703125 0.015625 0.04375
3 0.25 0.765625 0.0140625 0.0453125
3 0.2328125 0.76875 0.015625 0.046875
3 0.2125 0.76875 0.0140625 0.04375
3 0.19375 0.7671875 0.015625 0.0421875
3 0.140625 0.7796875 0.0140625 0.04375
3 0.1203125 0.778125 0.015625 0.04375
3 0.1015625 0.7796875 0.0125 0.04375
3 0.0828125 0.78125 0.0171875 0.04375
3 0.396875 0.875 0.0328125 0.05
3 0.340625 0.8921875 0.034375 0.0484375
3 0.4453125 0.89375 0.0359375 0.0484375
3 0.496875 0.89375 0.04375 0.046875
3 0.5453125 0.89375 0.03125 0.0578125
3 0.6453125 0.88125 0.0296875 0.05625
3 0.73125 0.8984375 0.0328125 0.053125
3 0.6875 0.8875 0.0265625 0.05
3 0.79375 0.890625 0.0265625 0.0296875
3 0.83125 0.8921875 0.03125 0.0484375
3 0.878125 0.890625 0.03125 0.05
3 0.9203125 0.871875 0.03125 0.0484375
3 0.9578125 0.8859375 0.0296875 0.0484375
3 0.990625 0.884375 0.0171875 0.040625
3 0.99609375 0.98359375 0.0078125 0.0265625
3 0.984375 0.984375 0.0171875 0.0296875
3 0.96171875 0.98671875 0.0171875 0.0265625
3 0.93671875 0.98671875 0.0171875 0.0265625
3 0.86015625 0.98671875 0.0171875 0.0265625
3 0.84375 0.98671875 0.0125 0.0265625
3 0.825 0.9875 0.015625 0.0234375
3 0.80625 0.9890625 0.0203125 0.021875
3 0.74375 0.98671875 0.0125 0.0265625
3 0.721875 0.98671875 0.015625 0.0265625
3 0.7046875 0.9890625 0.015625 0.021875
3 0.6859375 0.9875 0.0171875 0.0234375
3 0.634375 0.9875 0.0171875 0.0234375
3 0.615625 0.9875 0.0171875 0.0234375
3 0.5953125 0.9890625 0.0140625 0.021875
3 0.57421875 0.98984375 0.0171875 0.0203125
3 0.51875 0.9875 0.0171875 0.025
3 0.484375 0.9875 0.021875 0.025
3 0.4390625 0.9875 0.021875 0.025
3 0.4 0.9875 0.0234375 0.0234375
3 0.3375 0.9796875 0.0140625 0.040625
3 0.31875 0.98046875 0.0125 0.0390625
3 0.303125 0.978125 0.015625 0.0421875
3 0.2875 0.98046875 0.015625 0.0390625
3 0.2375 0.9859375 0.009375 0.028125
3 0.2203125 0.9859375 0.0125 0.028125
3 0.20625 0.984375 0.0125 0.0296875
3 0.190625 0.9859375 0.0140625 0.028125
3 0.13125 0.975 0.0140625 0.0453125
3 0.115625 0.978125 0.0140625 0.04375
3 0.096875 0.978125 0.0125 0.04375
3 0.0796875 0.978125 0.01875 0.04375
2 0.0484375 0.96875 0.021875 0.03125
2 0.05 0.8625 0.0203125 0.0328125
2 0.0296875 0.865625 0.015625 0.0296875
2 0.046875 0.890625 0.0203125 0.021875
2 0.0453125 0.746875 0.01875 0.0265625
2 0.025 0.75625 0.021875 0.0203125
2 0.053125 0.6375 0.0171875 0.03125
14 0.0125 0.69375 0.021875 0.0953125
2 0.0328125 0.64375 0.0171875 0.0296875
2 0.059375 0.5578125 0.0203125 0.0203125
14 0.0140625 0.5796875 0.021875 0.0765625
2 0.0375 0.5671875 0.0171875 0.021875
2 0.0359375 0.44375 0.0140625 0.028125
2 0.0546875 0.4625 0.0171875 0.0234375
2 0.05625 0.3671875 0.01875 0.028125
2 0.0375 0.34375 0.015625 0.025
2 0.040625 0.23125 0.021875 0.021875
14 0.021875 0.159375 0.0171875 0.0859375
2 0.0421875 0.115625 0.0203125 0.0234375
2 0.0640625 0.109375 0.0171875 0.0359375
14 0.021875 0.059375 0.0265625 0.0765625
2 0.04375 0.0140625 0.015625 0.025
2 0.0625 0.040625 0.0171875 0.034375
13 0.4015625 0.05 0.0171875 0.0484375
13 0.640625 0.065625 0.0234375 0.0671875
13 0.871875 0.04375 0.0171875 0.0515625
13 0.865625 0.1609375 0.01875 0.0515625
13 0.6375 0.18125 0.0171875 0.053125
13 0.4 0.165625 0.0140625 0.0515625
13 0.403125 0.259375 0.01875 0.0390625
13 0.628125 0.275 0.0140625 0.059375
13 0.86875 0.26875 0.01875 0.053125
13 0.2890625 0.3625 0.015625 0.0546875
13 0.30625 0.3703125 0.015625 0.0578125
11 0.43125 0.05625 0.0203125 0.0546875
11 0.671875 0.075 0.01875 0.0546875
11 0.903125 0.05625 0.0234375 0.0546875
11 0.9 0.1796875 0.0203125 0.0484375
11 0.671875 0.1875 0.01875 0.0625
11 0.4375 0.14375 0.0171875 0.04375
11 0.4375 0.25625 0.021875 0.04375
11 0.665625 0.259375 0.01875 0.0375
11 0.90625 0.26875 0.01875 0.0671875
11 0.825 0.3640625 0.0203125 0.05
11 0.78125 0.3703125 0.0234375 0.0484375
11 0.740625 0.378125 0.0234375 0.0546875
11 0.60625 0.3796875 0.01875 0.04375
11 0.559375 0.35625 0.01875 0.0453125
11 0.5046875 0.3609375 0.01875 0.046875
11 0.090625 0.353125 0.01875 0.0546875
11 0.29375 0.471875 0.01875 0.046875
11 0.49375 0.484375 0.01875 0.053125
11 0.54375 0.4671875 0.0203125 0.046875
11 0.596875 0.478125 0.0125 0.040625
11 0.7265625 0.46875 0.015625 0.0515625
11 0.775 0.478125 0.015625 0.053125
11 0.834375 0.4875 0.0203125 0.05
11 0.2703125 0.890625 0.01875 0.05
11 0.5921875 0.884375 0.0125 0.0484375
11 0.7609375 0.878125 0.0125 0.046875
11 0.1875 0.353125 0.0171875 0.0640625
3 0.078125 0.6734375 0.0171875 0.0578125
3 0.0984375 0.671875 0.0140625 0.05625
3 0.1203125 0.66875 0.01875 0.05625
3 0.19375 0.6734375 0.0171875 0.0609375
3 0.215625 0.671875 0.0109375 0.0546875
3 0.2296875 0.6734375 0.0140625 0.053125
3 0.246875 0.671875 0.0125 0.0546875
3 0.29375 0.6796875 0.0109375 0.0515625
3 0.309375 0.678125 0.0109375 0.0515625
3 0.325 0.678125 0.0125 0.0546875
3 0.3421875 0.68125 0.0109375 0.0578125
3 0.40625 0.665625 0.015625 0.040625
3 0.434375 0.6625 0.0171875 0.0421875
3 0.4875 0.6625 0.01875 0.04375
3 0.515625 0.6625 0.0140625 0.0484375
3 0.5703125 0.665625 0.015625 0.0421875
3 0.59375 0.6640625 0.0171875 0.0421875
3 0.6140625 0.6640625 0.0171875 0.0453125
3 0.6328125 0.665625 0.015625 0.04375
3 0.6875 0.690625 0.0125 0.0484375
3 0.70625 0.6875 0.0125 0.05
3 0.725 0.690625 0.0125 0.0484375
3 0.0875 0.146875 0.0125 0.0515625
3 0.103125 0.146875 0.0125 0.053125
3 0.1171875 0.146875 0.0109375 0.05
3 0.134375 0.1484375 0.0140625 0.05
3 0.18125 0.15 0.0109375 0.0515625
3 0.196875 0.15 0.0125 0.0546875
3 0.21875 0.15 0.0140625 0.053125
3 0.2375 0.1515625 0.0109375 0.0546875
3 0.284375 0.1546875 0.0109375 0.04375
3 0.2984375 0.1546875 0.0078125 0.046875
3 0.3109375 0.1546875 0.0109375 0.0453125
3 0.328125 0.15625 0.0125 0.0484375
2 0.53125 0.371875 0.01875 0.0328125
9 0.421875 0.365625 0.021875 0.01875
9 0.4140625 0.4703125 0.01875 0.0140625
6 0.10625 0.8828125 0.021875 0.0171875
9 0.2125 0.884375 0.0265625 0.0234375
9 0.778125 0.159375 0.0171875 0.0171875
9 0.5359375 0.159375 0.0265625 0.0265625
9 0.54375 0.05625 0.0203125 0.021875
9 0.784375 0.053125 0.025 0.0203125
9 0.7796875 0.265625 0.025 0.0140625
9 0.534375 0.265625 0.0234375 0.021875
9 0.9875 0.375 0.0234375 0.0234375
3 0.99921875 0.98359375 0.0015625 0.0265625