3 0.98125 0.034375 0.015625 0.04375
3 0.965625 0.0328125 0.0140625 0.0453125
3 0.946875 0.034375 0.0140625 0.046875
3 0.9265625 0.0328125 0.0171875 0.0484375
2 0.9 0.0625 0.025 0.0390625
3 0.878125 0.040625 0.0125 0.0453125
3 0.8640625 0.040625 0.0125 0.0484375
3 0.8484375 0.040625 0.0125 0.05
3 0.8328125 0.040625 0.0140625 0.0484375
3 0.771875 0.0375 0.0125 0.04375
3 0.75625 0.0375 0.0125 0.046875
3 0.7390625 0.0375 0.0125 0.046875
3 0.721875 0.0375 0.0125 0.0515625
3 0.678125 0.046875 0.0125 0.0578125
3 0.41875 0.0625 0.0125 0.0515625
3 0.1625 0.04375 0.0109375 0.0484375
3 0.0359375 0.046875 0.0140625 0.0609375
3 0.01875 0.046875 0.0125 0.05625
3 0.00625 0.046875 0.0109375 0.0578125
3 0.00625 0.1609375 0.0125 0.046875
3 0.021875 0.1625 0.0140625 0.05
3 0.040625 0.159375 0.015625 0.0453125
3 0.1734375 0.1703125 0.0140625 0.0453125
3 0.41875 0.1921875 0.0125 0.0484375
3 0.68125 0.175 0.015625 0.05625
3 0.00625 0.3 0.0125 0.05625
3 0.025 0.3 0.015625 0.053125
3 0.046875 0.3 0.01875 0.05625
3 0.171875 0.2984375 0.0140625 0.05625
3 0.43125 0.2828125 0.0140625 0.046875
3 0.6734375 0.2546875 0.0203125 0.05
3 0.7171875 0.2921875 0.015625 0.05
3 0.734375 0.2921875 0.0125 0.0484375
3 0.753125 0.2921875 0.0125 0.0515625
3 0.7703125 0.29375 0.015625 0.05625
3 0.825 0.265625 0.0125 0.0453125
3 0.84375 0.265625 0.0140625 0.04375
3 0.8640625 0.2640625 0.0140625 0.04375
3 0.8859375 0.2640625 0.0140625 0.046875
3 0.940625 0.2609375 0.015625 0.0515625
3 0.9609375 0.2625 0.015625 0.0484375
3 0.978125 0.2625 0.0125 0.05
3 0.9953125 0.2625 0.009375 0.0484375
3 0.93125 0.3890625 0.0296875 0.0515625
3 0.81875 0.378125 0.0328125 0.0640625
3 0.7171875 0.40625 0.03125 0.05
3 0.6828125 0.3984375 0.0265625 0.03125
3 0.36875 0.40625 0.03125 0.0328125
3 0.00625 0.51484375 0.0125 0.0578125
3 0.0265625 0.5171875 0.015625 0.059375
3 0.1140625 0.521875 0.0390625 0.0390625
3 0.375 0.5328125 0.0359375 0.03125
3 0.7125 0.525 0.0359375 0.0296875
3 0.828125 0.5 0.0125 0.046875
3 0.85 0.4984375 0.0125 0.0484375
3 0.865625 0.5 0.0140625 0.0453125
3 0.8828125 0.5 0.0171875 0.04375
3 0.934375 0.496875 0.0140625 0.046875
3 0.95625 0.496875 0.0140625 0.0453125
3 0.9765625 0.496875 0.015625 0.04375
3 0.9953125 0.496875 0.009375 0.04375
11 0.984375 0.5890625 0.01875 0.0625
3 0.95 0.5890625 0.0125 0.06875
3 0.871875 0.615625 0.0140625 0.059375
3 0.85625 0.615625 0.0125 0.0625
3 0.8375 0.615625 0.0125 0.0625
3 0.81875 0.6171875 0.01875 0.065625
3 0.784375 0.61875 0.015625 0.059375
3 0.765625 0.6171875 0.0125 0.0609375
3 0.746875 0.6140625 0.0125 0.0515625
3 0.728125 0.615625 0.015625 0.05625
3 0.64375 0.628125 0.01875 0.0578125
3 0.609375 0.6265625 0.0171875 0.0546875
3 0.5734375 0.628125 0.015625 0.0515625
3 0.5359375 0.6296875 0.0203125 0.0578125
3 0.4578125 0.64375 0.0140625 0.0546875
3 0.44375 0.640625 0.0125 0.0515625
3 0.428125 0.640625 0.0125 0.05625
3 0.4125 0.64375 0.01875 0.0546875
3 0.334375 0.646875 0.0203125 0.0484375
3 0.3125 0.6453125 0.015625 0.053125
3 0.29375 0.64375 0.0171875 0.053125
3 0.271875 0.64375 0.0171875 0.0546875
3 0.225 0.6453125 0.015625 0.053125
3 0.20625 0.6453125 0.0171875 0.0515625
3 0.1875 0.64375 0.0171875 0.053125
3 0.165625 0.6453125 0.0203125 0.0578125
3 0.0796875 0.6296875 0.01875 0.0515625
3 0.053125 0.628125 0.0171875 0.0515625
3 0.025 0.6296875 0.01875 0.0546875
3 0.003125 0.628125 0.0046875 0.0578125
3 0.003125 0.7546875 0.0046875 0.0625
3 0.021875 0.753125 0.0171875 0.059375
3 0.053125 0.7546875 0.0171875 0.065625
3 0.078125 0.753125 0.0203125 0.0640625
3 0.15 0.753125 0.0203125 0.0546875
3 0.1734375 0.753125 0.0171875 0.0578125
3 0.196875 0.753125 0.015625 0.059375
3 0.21875 0.75625 0.0203125 0.0625
3 0.278125 0.753125 0.015625 0.05625
3 0.009375 0.8375 0.01875 0.0484375
3 0.03125 0.840625 0.01875 0.0484375
3 0.0546875 0.840625 0.01875 0.05
3 0.08125 0.840625 0.0203125 0.0453125
3 0.1609375 0.85 0.0171875 0.05625
3 0.18125 0.85 0.0140625 0.05625
3 0.2 0.853125 0.0171875 0.0484375
3 0.221875 0.853125 0.0203125 0.046875
3 0.284375 0.853125 0.0171875 0.0484375
3 0.30625 0.853125 0.015625 0.05
3 0.325 0.853125 0.015625 0.0515625
3 0.34375 0.85 0.0171875 0.05
3 0.4 0.8609375 0.0171875 0.0515625
3 0.4203125 0.8625 0.015625 0.0515625
3 0.44375 0.8625 0.015625 0.0546875
3 0.4625 0.8640625 0.01875 0.0578125
3 0.534375 0.85 0.0125 0.0484375
3 0.5671875 0.8578125 0.0203125 0.0546875
3 0.628125 0.853125 0.01875 0.0546875
3 0.6609375 0.86875 0.021875 0.0453125
3 0.715625 0.8375 0.0125 0.05
3 0.734375 0.8390625 0.0140625 0.0484375
3 0.75 0.8390625 0.0125 0.0515625
3 0.76875 0.8390625 0.0171875 0.0484375
3 0.8171875 0.834375 0.015625 0.05
3 0.8375 0.8359375 0.0171875 0.05
3 0.859375 0.8375 0.015625 0.046875
3 0.878125 0.834375 0.0171875 0.0453125
3 0.9375 0.8484375 0.0140625 0.046875
3 0.959375 0.846875 0.0171875 0.046875
3 0.9796875 0.85 0.0140625 0.0484375
3 0.9953125 0.85 0.009375 0.046875
3 0.6578125 0.953125 0.034375 0.053125
3 0.71875 0.971875 0.0375 0.053125
3 0.60625 0.9734375 0.0390625 0.0515625
3 0.546875 0.9734375 0.046875 0.05
3 0.496875 0.9703125 0.0328125 0.059375
3 0.3875 0.959375 0.0328125 0.0609375
3 0.29453125 0.97421875 0.0359375 0.0515625
3 0.340625 0.9671875 0.0296875 0.0546875
3 0.225 0.9703125 0.0296875 0.0328125
3 0.1828125 0.971875 0.034375 0.053125
3 0.13125 0.971875 0.0328125 0.0546875
3 0.0875 0.9484375 0.034375 0.0515625
3 0.046875 0.965625 0.03125 0.053125
3 0.009375 0.9625 0.01875 0.0453125
13 0.653125 0.053125 0.0171875 0.053125
13 0.3921875 0.0703125 0.0234375 0.071875
13 0.140625 0.046875 0.0171875 0.05625
13 0.146875 0.1734375 0.0203125 0.0546875
13 0.39375 0.1953125 0.01875 0.059375
13 0.653125 0.1796875 0.015625 0.05625
13 0.65 0.28125 0.0203125 0.0421875
13 0.4046875 0.2984375 0.015625 0.0640625
13 0.14375 0.290625 0.0203125 0.0578125
13 0.775 0.39375 0.0171875 0.0609375
13 0.7578125 0.403125 0.0171875 0.0625
11 0.61875 0.059375 0.0234375 0.059375
11 0.35625 0.08125 0.0203125 0.059375
11 0.1046875 0.059375 0.0265625 0.059375
11 0.109375 0.19375 0.021875 0.053125
11 0.359375 0.203125 0.021875 0.0671875
11 0.6125 0.153125 0.01875 0.046875
11 0.6125 0.278125 0.0234375 0.0484375
11 0.3625 0.28125 0.0203125 0.0421875
11 0.1015625 0.290625 0.0203125 0.071875
11 0.190625 0.3953125 0.021875 0.0546875
11 0.2390625 0.403125 0.025 0.053125
11 0.284375 0.4125 0.0234375 0.0609375
11 0.43125 0.4125 0.0203125 0.046875
11 0.48125 0.3875 0.0203125 0.0484375
11 0.540625 0.3921875 0.0203125 0.0515625
11 0.990625 0.38125 0.01875 0.0609375
11 0.7703125 0.5125 0.0203125 0.0515625
11 0.553125 0.5265625 0.0203125 0.059375
11 0.4984375 0.5078125 0.021875 0.0515625
11 0.4390625 0.5203125 0.0140625 0.0453125
11 0.2984375 0.5109375 0.015625 0.05625
11 0.2453125 0.521875 0.0171875 0.0578125
11 0.18125 0.53125 0.021875 0.0546875
11 0.7953125 0.9703125 0.021875 0.0546875
11 0.44375 0.9625 0.015625 0.053125
11 0.2609375 0.95625 0.0140625 0.0515625
11 0.884375 0.3828125 0.01875 0.0703125
3 0.9984375 0.73125 0.003125 0.0640625
3 0.9828125 0.73125 0.015625 0.0625
3 0.959375 0.728125 0.0203125 0.0625
3 0.878125 0.7328125 0.01875 0.0671875
3 0.85625 0.73125 0.0109375 0.059375
3 0.840625 0.7328125 0.015625 0.0578125
3 0.821875 0.73125 0.0140625 0.0609375
3 0.771875 0.740625 0.0109375 0.05625
3 0.753125 0.7390625 0.0109375 0.0578125
3 0.734375 0.7375 0.0125 0.059375
3 0.7171875 0.74375 0.0125 0.0625
3 0.646875 0.725 0.0171875 0.04375
3 0.6171875 0.721875 0.01875 0.0453125
3 0.559375 0.721875 0.0203125 0.0484375
3 0.528125 0.7203125 0.0140625 0.0515625
3 0.46875 0.725 0.0171875 0.0453125
3 0.44375 0.7234375 0.0171875 0.0453125
3 0.4203125 0.7234375 0.01875 0.0484375
3 0.4 0.725 0.015625 0.0484375
3 0.340625 0.7515625 0.0125 0.053125
3 0.31875 0.75 0.0125 0.053125
3 0.3 0.75 0.0140625 0.053125
3 0.99375 0.159375 0.0109375 0.05625
3 0.978125 0.159375 0.0140625 0.05625
3 0.9625 0.159375 0.0109375 0.0546875
3 0.94375 0.159375 0.015625 0.0546875
3 0.8921875 0.1625 0.0125 0.05625
3 0.875 0.1625 0.0125 0.0609375
3 0.853125 0.1625 0.015625 0.0578125
3 0.8328125 0.1640625 0.0125 0.059375
3 0.7796875 0.1671875 0.0125 0.0484375
3 0.765625 0.165625 0.009375 0.0515625
3 0.75 0.1671875 0.0125 0.05
3 0.734375 0.16875 0.0125 0.053125
2 0.5109375 0.4046875 0.0203125 0.0359375
9 0.628125 0.396875 0.025 0.0203125
9 0.6375 0.5109375 0.0203125 0.0140625
6 0.975 0.9625 0.0234375 0.01875
9 0.8578125 0.9625 0.028125 0.0265625
9 0.2421875 0.171875 0.01875 0.0203125
9 0.50625 0.171875 0.0296875 0.0296875
9 0.4984375 0.0609375 0.0234375 0.0234375
9 0.234375 0.05625 0.028125 0.021875
9 0.240625 0.2875 0.0265625 0.015625
9 0.50625 0.2875 0.025 0.0234375
9 0.0125 0.40625 0.025 0.0265625