14 0.1359375 0.815625 0.0421875 0.1125
1 0.169826275 0.8272611124999999 0.17210473125 0.8185490859375 0.1584339296875 0.800710203125 0.15757951875 0.8446851343749999 0.1652693609375 0.84758915625 0.164414909375 0.82850568125 0.169826275 0.8272611124999999
1 0.1823746046875 0.8516962140625 0.18251526875 0.839402059375 0.1701363453125 0.8277226125 0.1686884671875 0.8667946750000001 0.174497103125 0.867268821875 0.1746377671875 0.8504668046875 0.1823746046875 0.8516962140625
1 0.202490375 0.840016771875 0.20305305156250003 0.8410412875000001 0.2013650125 0.8291569234375 0.19883295781250002 0.8230098484375 0.192221484375 0.8228049546875 0.1917897328125 0.860112646875 0.1955975515625 0.8615315453125 0.1954568890625 0.8416559937500001 0.202490375 0.840016771875
1 0.21247791875000002 0.8148137390624999 0.21472863437499998 0.8088715734375 0.21304060468750002 0.8010852734375 0.20811715937500003 0.7951430875 0.2026310390625 0.7963725109374999 0.20305305156250003 0.8301814421874999 0.20783581406249999 0.8299765453125 0.2068511328125 0.8160431656249999 0.21247791875000002 0.8148137390624999
1 0.192502821875 0.8101009906250001 0.18406264375 0.7998558578125 0.181389925 0.7996509546875 0.1808272390625 0.8365334265625 0.18490666718749998 0.8357138187500001 0.1846253203125 0.81993630625 0.18954875468750002 0.8213706343749999 0.19278415937499999 0.8182970921875 0.192502821875 0.8101009906250001
11 0.35 0.796875 0.0203125 0.0640625
11 0.38125 0.80625 0.0171875 0.0609375
11 0.415625 0.8125 0.0171875 0.059375
11 0.45 0.81875 0.0171875 0.0578125
11 0.4984375 0.825 0.01875 0.0625
11 0.53125 0.8359375 0.01875 0.0625
11 0.5640625 0.8 0.0171875 0.0625
11 0.596875 0.803125 0.0171875 0.059375
11 0.596875 0.7078125 0.0203125 0.065625
11 0.5625 0.703125 0.01875 0.0625
11 0.5296875 0.6921875 0.0171875 0.0625
11 0.496875 0.684375 0.0171875 0.059375
11 0.45 0.678125 0.0171875 0.0625
11 0.415625 0.671875 0.01875 0.0640625
11 0.38125 0.665625 0.015625 0.0640625
11 0.3515625 0.7015625 0.0203125 0.0625
11 0.515625 0.475 0.025 0.0625
11 0.553125 0.490625 0.015625 0.0625
11 0.59375 0.50625 0.0171875 0.0609375
11 0.6296875 0.484375 0.0171875 0.0609375
11 0.684375 0.475 0.015625 0.0625
11 0.725 0.50625 0.0203125 0.0609375
11 0.7640625 0.490625 0.0171875 0.059375
11 0.8015625 0.478125 0.01875 0.0609375
11 0.85625 0.490625 0.0171875 0.059375
11 0.8953125 0.50625 0.0171875 0.0609375
11 0.93125 0.4828125 0.0171875 0.059375
11 0.971875 0.484375 0.01875 0.0609375
11 0.971875 0.3796875 0.015625 0.059375
11 0.9328125 0.35 0.015625 0.0609375
11 0.89375 0.3640625 0.015625 0.059375
11 0.85625 0.35 0.0171875 0.059375
11 0.8015625 0.3796875 0.015625 0.0578125
11 0.7625 0.35 0.015625 0.059375
11 0.725 0.365625 0.0171875 0.05625
11 0.684375 0.3796875 0.015625 0.059375
11 0.63125 0.3859375 0.0203125 0.0625
11 0.59375 0.365625 0.015625 0.0609375
11 0.553125 0.35 0.0171875 0.059375
11 0.515625 0.378125 0.015625 0.0625
0 0.090625 0.0484375 0.025 0.0546875
0 0.0921875 0.36875 0.021875 0.0546875
0 0.1375 0.690625 0.021875 0.0546875
1 0.175 0.7015625 0.009375 0.0390625
1 0.1640625 0.678125 0.0109375 0.0359375
1 0.1859375 0.671875 0.009375 0.034375
1 0.196875 0.69375 0.0109375 0.0359375
1 0.209375 0.6640625 0.0109375 0.0375
14 0.090625 0.490625 0.03125 0.1328125
1 0.11875 0.50625 0.0109375 0.0390625
1 0.1296875 0.528125 0.0109375 0.0375
1 0.140625 0.5 0.009375 0.0390625
1 0.1515625 0.521875 0.009375 0.040625
1 0.1625 0.490625 0.009375 0.0359375
1 0.11875 0.35625 0.0109375 0.0390625
1 0.1296875 0.378125 0.009375 0.0375
1 0.140625 0.3515625 0.0109375 0.0375
1 0.1515625 0.3734375 0.009375 0.040625
1 0.1625 0.34375 0.0109375 0.0359375
14 0.0890625 0.1734375 0.021875 0.1375
1 0.11875 0.184375 0.0109375 0.0390625
1 0.1296875 0.20625 0.0109375 0.0390625
1 0.140625 0.178125 0.0109375 0.0375
1 0.1515625 0.2 0.009375 0.0375
1 0.1625 0.1703125 0.009375 0.0359375
1 0.11875 0.0375 0.0109375 0.034375
1 0.1296875 0.059375 0.0109375 0.0390625
1 0.140625 0.03125 0.0109375 0.034375
1 0.1515625 0.05 0.009375 0.034375
1 0.1625 0.0234375 0.009375 0.0375
12 0.1875 0.178125 0.0125 0.0484375
12 0.225 0.178125 0.0125 0.0484375
12 0.265625 0.178125 0.0125 0.046875
12 0.303125 0.178125 0.0125 0.046875
12 0.35625 0.178125 0.0125 0.0453125
12 0.39375 0.178125 0.0125 0.05
12 0.43125 0.178125 0.0125 0.046875
12 0.46875 0.178125 0.0125 0.04375
12 0.521875 0.178125 0.0109375 0.0453125
12 0.559375 0.178125 0.0125 0.046875
12 0.596875 0.178125 0.0125 0.046875
12 0.634375 0.178125 0.0125 0.046875
12 0.6875 0.178125 0.0109375 0.0453125
12 0.725 0.178125 0.0125 0.0453125
12 0.7640625 0.178125 0.0125 0.04375
12 0.803125 0.178125 0.0125 0.046875
12 0.8546875 0.178125 0.0125 0.04375
12 0.8921875 0.178125 0.0125 0.04375
9 0.93125 0.18125 0.0171875 0.0203125
6 0.253125 0.05625 0.01875 0.0171875
6 0.41875 0.05625 0.0171875 0.01875
6 0.5875 0.05625 0.01875 0.015625
6 0.75 0.05625 0.0140625 0.0140625
5 0.65 0.790625 0.03125 0.053125
5 0.834375 0.8046875 0.0203125 0.05