11 0.2 0.1671875 0.05 0.0609375
11 0.5890625 0.1828125 0.04375 0.0609375
11 0.1484375 0.7328125 0.05 0.0625
11 0.35625 0.725 0.0421875 0.065625
12 0.75 0.165625 0.0359375 0.0484375
8 0.5859375 0.303125 0.0328125 0.065625
8 0.203125 0.296875 0.0484375 0.0609375
8 0.5875 0.609375 0.04375 0.0578125
8 0.59375 0.71875 0.0359375 0.0640625
3 0.075 0.1875 0.0515625 0.0640625
3 0.36875 0.1734375 0.0515625 0.071875
3 0.465625 0.1796875 0.0515625 0.065625
3 0.15625 0.5875 0.053125 0.0703125
3 0.25625 0.584375 0.046875 0.0703125
3 0.35625 0.615625 0.0375 0.065625
3 0.4578125 0.615625 0.05 0.06875