8 0.465625 0.44375 0.04375 0.059375
8 0.046875 0.446875 0.046875 0.059375
8 0.821875 0.446875 0.05 0.059375
8 0.415625 0.85625 0.046875 0.05625
8 0.8 0.8671875 0.0390625 0.071875
11 0.4625 0.3078125 0.0453125 0.0640625
11 0.83125 0.328125 0.04375 0.0625
11 0.80625 0.7375 0.04375 0.0578125
11 0.4125 0.75625 0.05 0.0578125
12 0.978125 0.3109375 0.0296875 0.0453125
12 0.9625 0.740625 0.0328125 0.0421875
3 0.053125 0.3125 0.0421875 0.0640625
3 0.14375 0.3203125 0.0515625 0.065625
3 0.246875 0.325 0.0484375 0.0640625
3 0.3375 0.33125 0.05 0.0609375
3 0.621875 0.31875 0.05625 0.0671875
3 0.70625 0.31875 0.0484375 0.0640625
3 0.0921875 0.73125 0.040625 0.0609375
3 0.19375 0.728125 0.0453125 0.0640625
3 0.2875 0.734375 0.0453125 0.0578125
3 0.575 0.7453125 0.0515625 0.06875
3 0.678125 0.75 0.0515625 0.0625