8 0.159375 0.028125 0.0453125 0.05625
8 0.54375 0.0328125 0.04375 0.059375
8 0.5515625 0.7640625 0.04375 0.0625
8 0.5546875 0.884375 0.0375 0.0609375
8 0.165625 0.45625 0.0390625 0.0640625
8 0.5515625 0.4640625 0.04375 0.0578125
11 0.165625 0.325 0.0453125 0.0640625
11 0.5578125 0.34375 0.05 0.06875
11 0.321875 0.890625 0.0453125 0.0640625
11 0.1140625 0.896875 0.04375 0.059375
12 0.709375 0.3265625 0.04375 0.0484375
3 0.034375 0.34375 0.05 0.071875
3 0.325 0.334375 0.0515625 0.06875
3 0.428125 0.3375 0.05 0.0703125
3 0.121875 0.746875 0.053125 0.0671875
3 0.21875 0.746875 0.046875 0.0734375
3 0.3140625 0.76875 0.053125 0.075
3 0.415625 0.775 0.0515625 0.065625