14 0.1328125 0.1265625 0.0609375 0.1078125
0 0.134375 0.240625 0.0640625 0.0609375
0 0.1359375 0.66875 0.06875 0.0640625
14 0.134375 0.5375 0.05625 0.1015625
8 0.2125 0.6640625 0.0453125 0.0609375
8 0.6359375 0.671875 0.0390625 0.059375
8 0.2109375 0.234375 0.040625 0.0609375
8 0.64375 0.246875 0.040625 0.06875
11 0.209375 0.959375 0.0390625 0.0609375
11 0.3796875 0.97109375 0.0375 0.0578125
11 0.590625 0.9578125 0.046875 0.0578125
3 0.209375 0.1296875 0.053125 0.0625
3 0.3015625 0.128125 0.05 0.059375
3 0.409375 0.1125 0.0484375 0.071875
3 0.509375 0.11875 0.046875 0.0640625
3 0.6453125 0.1125 0.0375 0.05625
3 0.74375 0.1078125 0.0453125 0.065625
3 0.84375 0.109375 0.0453125 0.0578125
3 0.94375 0.1125 0.040625 0.0578125
3 0.209375 0.534375 0.0421875 0.0578125
3 0.303125 0.53125 0.0359375 0.0578125
3 0.409375 0.546875 0.0484375 0.0671875
3 0.503125 0.540625 0.0375 0.0671875
3 0.6375 0.5375 0.053125 0.0625
3 0.7390625 0.540625 0.04375 0.065625
3 0.84375 0.55 0.040625 0.0640625
3 0.940625 0.5578125 0.05625 0.059375
3 0.765625 0.9609375 0.05 0.071875
3 0.86875 0.9625 0.0546875 0.071875