8 0.25625 0.0671875 0.04375 0.0578125
8 0.63125 0.075 0.0359375 0.0625
0 0.0625 0.484375 0.0625 0.0625
8 0.1375 0.484375 0.04375 0.0578125
8 0.56875 0.49375 0.0359375 0.0734375
0 0.0609375 0.915625 0.0625 0.075
8 0.1390625 0.9125 0.0421875 0.059375
8 0.56875 0.91875 0.046875 0.059375
14 0.0609375 0.375 0.0625 0.10625
14 0.0609375 0.7875 0.065625 0.1
0 0.14375 0.071875 0.059375 0.0609375
3 0.1421875 0.371875 0.053125 0.0625
3 0.234375 0.375 0.040625 0.0546875
3 0.334375 0.359375 0.0421875 0.0609375
3 0.4390625 0.3625 0.053125 0.065625
3 0.575 0.3625 0.0484375 0.0578125
3 0.66875 0.35625 0.0390625 0.0578125
3 0.7703125 0.35625 0.046875 0.0609375
3 0.8671875 0.3578125 0.053125 0.0625
3 0.1359375 0.7796875 0.046875 0.059375
3 0.2328125 0.775 0.046875 0.0671875
3 0.3375 0.790625 0.0515625 0.0609375
3 0.43125 0.7875 0.0390625 0.0671875
3 0.56875 0.78125 0.0421875 0.0703125
3 0.66875 0.790625 0.0453125 0.0609375
3 0.771875 0.79375 0.0515625 0.0640625
3 0.86875 0.8046875 0.053125 0.053125