12 0.8375 0.34375 0.0375 0.0453125
8 0.28125 0.04375 0.046875 0.0546875
8 0.6734375 0.05 0.0515625 0.0609375
8 0.2875 0.46875 0.0390625 0.0625
8 0.671875 0.478125 0.04375 0.0640625
8 0.671875 0.784375 0.034375 0.0625
8 0.678125 0.89375 0.034375 0.059375
11 0.2875 0.34375 0.0375 0.0640625
11 0.678125 0.353125 0.04375 0.065625
11 0.2375 0.90625 0.0390625 0.065625
11 0.44375 0.9046875 0.0390625 0.05625
3 0.0640625 0.353125 0.05625 0.0734375
3 0.1546875 0.3578125 0.046875 0.0625
3 0.45625 0.35 0.0546875 0.0703125
3 0.546875 0.353125 0.0390625 0.0671875
3 0.084375 0.76875 0.0390625 0.0609375
3 0.24375 0.7625 0.0453125 0.065625
3 0.340625 0.7640625 0.0421875 0.0625
3 0.44375 0.7875 0.04375 0.0609375
3 0.54375 0.7890625 0.0546875 0.0625