0 0.115625 0.09375 0.059375 0.0609375
8 0.228125 0.0890625 0.04375 0.0578125
8 0.6 0.0984375 0.0421875 0.0578125
14 0.0375 0.396875 0.065625 0.09375
14 0.03125 0.8125 0.0625 0.103125
0 0.03125 0.940625 0.0625 0.0640625
0 0.0328125 0.515625 0.0625 0.0703125
8 0.10625 0.9375 0.0328125 0.0578125
8 0.53125 0.9453125 0.0484375 0.0578125
8 0.96875 0.9421875 0.04375 0.0578125
11 0.9703125 0.80625 0.0421875 0.059375
11 0.9609375 0.4 0.040625 0.0609375
8 0.540625 0.51875 0.0421875 0.0578125
8 0.965625 0.509375 0.0421875 0.059375
3 0.10625 0.396875 0.04375 0.0640625
3 0.20625 0.39375 0.04375 0.0640625
3 0.3078125 0.38125 0.05 0.078125
3 0.4046875 0.3875 0.046875 0.06875
3 0.546875 0.38125 0.0515625 0.0703125
3 0.640625 0.38125 0.0390625 0.065625
3 0.746875 0.38125 0.05 0.0640625
3 0.840625 0.38125 0.040625 0.0671875
3 0.109375 0.8015625 0.0390625 0.065625
3 0.20625 0.803125 0.0421875 0.0609375
3 0.30625 0.815625 0.0453125 0.0609375
3 0.4015625 0.815625 0.040625 0.0625
3 0.5390625 0.8078125 0.05 0.071875
3 0.6375 0.815625 0.040625 0.0640625
3 0.746875 0.81875 0.059375 0.0640625
3 0.8375 0.8234375 0.0421875 0.06875
8 0.103125 0.509375 0.0421875 0.053125