0 0.0765625 0.840625 0.0359375 0.046875
0 0.1234375 0.09375 0.0359375 0.04375
14 0.075 0.740625 0.034375 0.0765625
14 0.0765625 0.4921875 0.0359375 0.078125
0 0.0765625 0.59375 0.0359375 0.04375
14 0.078125 0.240625 0.0375 0.078125
0 0.0765625 0.34375 0.0359375 0.0453125
3 0.35 0.24375 0.03125 0.0515625
12 0.675 0.840625 0.0265625 0.040625
3 0.3234375 0.740625 0.034375 0.0515625
8 0.134375 0.60625 0.028125 0.046875
12 0.675 0.734375 0.0234375 0.0375
3 0.203125 0.75625 0.0390625 0.059375
3 0.75625 0.23125 0.0390625 0.0453125
3 0.728125 0.48125 0.0359375 0.0453125
3 0.259375 0.75 0.0328125 0.0546875
3 0.840625 0.7390625 0.0328125 0.0546875
4 0.3828125 0.7375 0.0265625 0.03125
8 0.840625 0.23125 0.028125 0.0453125
8 0.421875 0.35625 0.03125 0.046875
8 0.134375 0.359375 0.0296875 0.046875
12 0.9 0.4875 0.0265625 0.0390625
8 0.4203125 0.4625 0.0296875 0.0578125
3 0.896875 0.7375 0.03125 0.0515625
4 0.278125 0.490625 0.028125 0.0328125
8 0.41875 0.603125 0.0296875 0.0484375
8 0.3828125 0.8390625 0.028125 0.05
8 0.584375 0.5859375 0.03125 0.05
3 0.1390625 0.2234375 0.0328125 0.0546875
8 0.5890625 0.3375 0.03125 0.0546875
3 0.2015625 0.234375 0.034375 0.0515625
3 0.2 0.48125 0.0359375 0.053125
8 0.465625 0.109375 0.0296875 0.0484375
8 0.625 0.090625 0.03125 0.0546875
8 0.421875 0.2421875 0.028125 0.0484375
11 0.13671875 0.97734375 0.0296875 0.0453125
12 0.259375 0.840625 0.025 0.0359375
8 0.846875 0.09375 0.0296875 0.0515625
8 0.834375 0.340625 0.03125 0.053125
11 0.58125 0.75 0.0296875 0.05
8 0.790625 0.590625 0.03125 0.0515625
1 0.103125 0.48125 0.0203125 0.0421875
3 0.1375 0.4734375 0.0359375 0.05625
11 0.79375 0.48125 0.03125 0.0453125
8 0.20625 0.109375 0.025 0.046875
4 0.1953125 0.84375 0.0265625 0.03125
11 0.578125 0.85625 0.025 0.04375
3 0.95625 0.734375 0.028125 0.05
3 0.1375 0.834375 0.0296875 0.05
1 0.1515625 0.1 0.0171875 0.0359375
4 0.278125 0.2375 0.0296875 0.0359375
4 0.134375 0.7375 0.0234375 0.0328125
10 0.596875 0.25 0.0375 0.0484375
10 0.45 0.7421875 0.0328125 0.0515625
3 0.346875 0.4640625 0.0328125 0.0578125
1 0.1046875 0.6 0.021875 0.034375
1 0.10625 0.23125 0.021875 0.0375
1 0.103125 0.98125 0.0203125 0.0375
1 0.1046875 0.846875 0.021875 0.0328125
1 0.1046875 0.728125 0.0203125 0.0390625
4 0.65625 0.9859375 0.0265625 0.028125
1 0.1046875 0.35 0.021875 0.0359375
4 0.7734375 0.7375 0.025 0.03125
10 0.5875 0.5 0.0359375 0.0484375
9 0.7734375 0.840625 0.03125 0.0234375
2 0.9390625 0.74375 0.0203125 0.0390625