0 0.0375 0.14375 0.0359375 0.046875
3 0.69375 0.015625 0.040625 0.03125
4 0.25 0.01875 0.028125 0.0328125
3 0.671875 0.2765625 0.0375 0.046875
3 0.1171875 0.8 0.0359375 0.0578125
3 0.315625 0.0234375 0.034375 0.046875
8 0.503125 0.634375 0.0296875 0.0515625
8 0.11875 0.1578125 0.0265625 0.0453125
3 0.2375 0.784375 0.03125 0.05
3 0.265625 0.2890625 0.0296875 0.05
3 0.6453125 0.528125 0.0390625 0.04375
3 0.053125 0.271875 0.0328125 0.0515625
8 0.296875 0.884375 0.03125 0.0515625
8 0.76875 0.015625 0.0296875 0.0296875
3 0.11875 0.5328125 0.034375 0.05
8 0.378125 0.153125 0.028125 0.046875
3 0.053125 0.521875 0.03125 0.053125
8 0.765625 0.140625 0.03125 0.053125
3 0.1203125 0.278125 0.0359375 0.0515625
8 0.75 0.275 0.028125 0.046875
8 0.3359375 0.409375 0.03125 0.0484375
4 0.053125 0.784375 0.0234375 0.03125
3 0.178125 0.790625 0.03125 0.053125
8 0.3359375 0.2890625 0.028125 0.0484375
12 0.1734375 0.8875 0.0265625 0.040625
8 0.053125 0.6546875 0.028125 0.0453125
8 0.334375 0.65625 0.0296875 0.046875
4 0.1125 0.890625 0.0265625 0.034375
8 0.7484375 0.3875 0.0328125 0.053125
8 0.5421875 0.1375 0.0296875 0.0515625
8 0.709375 0.6390625 0.0296875 0.0515625
8 0.509375 0.38125 0.0296875 0.053125
11 0.4984375 0.79375 0.028125 0.05
3 0.8125 0.78125 0.0296875 0.046875
8 0.38046875 0.021875 0.0265625 0.04375
11 0.7109375 0.5296875 0.0296875 0.046875
1 0.01875 0.89375 0.028125 0.0375
3 0.053125 0.884375 0.028125 0.05
12 0.5875 0.78125 0.0265625 0.04375
12 0.5875 0.8875 0.0265625 0.0421875
1 0.01875 0.396875 0.025 0.0484375
8 0.053125 0.40625 0.028125 0.0453125
3 0.265625 0.5125 0.03125 0.0578125
3 0.753125 0.784375 0.03125 0.0515625
11 0.496875 0.903125 0.0265625 0.04375
10 0.3640625 0.7890625 0.034375 0.0515625
8 0.33125 0.5140625 0.028125 0.059375
1 0.065625 0.146875 0.01875 0.034375
4 0.296875 0.784375 0.0265625 0.0328125
12 0.81875 0.534375 0.0265625 0.0421875
10 0.5453125 0.028125 0.0375 0.05
4 0.190625 0.2859375 0.028125 0.0328125
4 0.190625 0.534375 0.0265625 0.0328125
1 0.065625 0.015625 0.0203125 0.03125
10 0.50625 0.546875 0.0390625 0.046875
3 0.8734375 0.7828125 0.028125 0.046875
1 0.0171875 0.778125 0.021875 0.034375
10 0.515625 0.3 0.0390625 0.0515625
1 0.0171875 0.646875 0.0203125 0.034375
9 0.6875 0.8875 0.0296875 0.021875
1 0.0171875 0.28125 0.0234375 0.0375
1 0.0171875 0.53125 0.021875 0.0359375
4 0.6875 0.784375 0.025 0.0328125