3 0.784375 0.0203125 0.0390625 0.040625
3 0.3796875 0.028125 0.0328125 0.053125
3 0.75625 0.265625 0.0390625 0.0453125
0 0.10625 0.6265625 0.0359375 0.046875
14 0.10625 0.775 0.0328125 0.0765625
4 0.225 0.63125 0.0265625 0.0328125
3 0.753125 0.7640625 0.0375 0.046875
0 0.10625 0.38125 0.0359375 0.046875
3 0.35 0.525 0.03125 0.053125
14 0.10625 0.5296875 0.0328125 0.075
0 0.10625 0.1296875 0.0359375 0.0484375
8 0.615625 0.375 0.03125 0.053125
8 0.86171875 0.01875 0.0328125 0.0375
8 0.165625 0.14375 0.028125 0.0484375
0 0.10625 0.871875 0.0359375 0.0453125
8 0.446875 0.028125 0.0296875 0.05
3 0.61875 0.76875 0.0359375 0.0546875
8 0.859375 0.1296875 0.0328125 0.053125
8 0.165625 0.39375 0.0265625 0.0484375
3 0.56875 0.775 0.028125 0.0515625
4 0.8 0.521875 0.0234375 0.0328125
3 0.8625 0.521875 0.0328125 0.0546875
3 0.86875 0.771875 0.0328125 0.0546875
3 0.23125 0.540625 0.0375 0.059375
3 0.809375 0.7625 0.03125 0.046875
3 0.29375 0.534375 0.0328125 0.0546875
3 0.23125 0.0234375 0.040625 0.046875
12 0.703125 0.521875 0.0265625 0.0421875
1 0.13125 0.7671875 0.0203125 0.0359375
11 0.1671875 0.7671875 0.028125 0.0484375
11 0.8234375 0.265625 0.028125 0.0453125
8 0.4484375 0.146875 0.03125 0.0484375
8 0.81875 0.375 0.03125 0.053125
8 0.5671875 0.8875 0.028125 0.0484375
8 0.61875 0.125 0.03125 0.0546875
12 0.7 0.6296875 0.0265625 0.0421875
14 0.10625 0.278125 0.034375 0.0765625
8 0.44375 0.2515625 0.0296875 0.059375
3 0.375 0.25 0.03125 0.0609375
12 0.2875 0.63125 0.025 0.0390625
8 0.409375 0.628125 0.03125 0.0515625
4 0.165625 0.5234375 0.025 0.0328125
11 0.6109375 0.5359375 0.028125 0.0515625
3 0.925 0.521875 0.0296875 0.046875
8 0.35625 0.871875 0.03125 0.0515625
8 0.446875 0.396875 0.0296875 0.046875
8 0.803125 0.8859375 0.03125 0.0484375
3 0.928125 0.76875 0.0296875 0.0515625
4 0.303125 0.275 0.028125 0.03125
1 0.13125 0.26875 0.0171875 0.0375
3 0.165625 0.259375 0.0359375 0.05625
3 0.23125 0.2671875 0.0359375 0.053125
4 0.409375 0.521875 0.0265625 0.03125
4 0.684375 0.7734375 0.0265625 0.0328125
1 0.13125 0.878125 0.0234375 0.0453125
8 0.1609375 0.871875 0.0265625 0.053125
12 0.925 0.2765625 0.0265625 0.0421875
11 0.35625 0.778125 0.0296875 0.05
10 0.4734375 0.528125 0.034375 0.0515625
3 0.165625 0.61875 0.0296875 0.05
3 0.9859375 0.525 0.028125 0.0484375
11 0.6078125 0.64375 0.0265625 0.04375
4 0.3046875 0.025 0.0296875 0.034375
3 0.9859375 0.76875 0.0265625 0.05
10 0.61875 0.034375 0.0390625 0.05
9 0.8 0.6265625 0.03125 0.0203125
1 0.1296875 0.1375 0.0203125 0.0359375
1 0.13125 0.384375 0.01875 0.0328125
2 0.96875 0.534375 0.021875 0.0359375
2 0.9703125 0.78125 0.021875 0.0359375
11 0.4546875 0.7765625 0.03125 0.0515625
1 0.128125 0.515625 0.0203125 0.0359375
1 0.1296875 0.634375 0.0203125 0.034375
10 0.615625 0.290625 0.034375 0.0484375
11 0.2625 0.784375 0.03125 0.046875
1 0.1296875 0.01875 0.01875 0.0375