0 0.065625 0.30625 0.034375 0.04375
0 0.01875 0.5546875 0.0375 0.046875
1 0.04375 0.446875 0.01875 0.0328125
3 0.078125 0.4375 0.0328125 0.0546875
3 0.7015625 0.4421875 0.0375 0.046875
14 0.01875 0.453125 0.0359375 0.078125
1 0.046875 0.69375 0.0203125 0.0359375
3 0.078125 0.6875 0.0328125 0.05625
0 0.01875 0.80625 0.0375 0.046875
3 0.14375 0.965625 0.0390625 0.0609375
4 0.3265625 0.95 0.025 0.03125
14 0.01875 0.7046875 0.0359375 0.078125
3 0.6703125 0.69375 0.0390625 0.04375
3 0.2921875 0.45625 0.03125 0.05
3 0.721875 0.175 0.0359375 0.04375
8 0.7796875 0.440625 0.0296875 0.046875
8 0.528125 0.7984375 0.0296875 0.0515625
4 0.278125 0.1828125 0.0265625 0.0328125
11 0.5234375 0.9625 0.0296875 0.053125
8 0.790625 0.30625 0.03125 0.0515625
14 0.065625 0.184375 0.034375 0.078125
3 0.209375 0.175 0.0328125 0.0515625
8 0.0765625 0.5703125 0.028125 0.0484375
8 0.0765625 0.821875 0.0265625 0.046875
8 0.534375 0.553125 0.03125 0.0515625
8 0.775 0.553125 0.0328125 0.0515625
1 0.046875 0.9421875 0.0203125 0.0390625
4 0.078125 0.95 0.025 0.0328125
8 0.3609375 0.56875 0.03125 0.0484375
3 0.778125 0.9453125 0.03125 0.053125
3 0.20625 0.9609375 0.03125 0.05625
8 0.79375 0.178125 0.0296875 0.0453125
3 0.265625 0.9515625 0.03125 0.0515625
8 0.3625 0.453125 0.03125 0.0484375
8 0.146875 0.321875 0.025 0.0453125
8 0.3578125 0.821875 0.0296875 0.046875
8 0.5671875 0.30625 0.028125 0.053125
8 0.7328125 0.803125 0.0296875 0.05
3 0.146875 0.446875 0.0390625 0.0546875
3 0.840625 0.94375 0.03125 0.0484375
8 0.40625 0.184375 0.0265625 0.0484375
14 0.0171875 0.9515625 0.034375 0.078125
11 0.7359375 0.69375 0.03125 0.04375
8 0.4125 0.3234375 0.0296875 0.046875
8 0.35625 0.678125 0.0296875 0.0578125
12 0.84375 0.7 0.0265625 0.0375
12 0.615625 0.946875 0.0265625 0.040625
4 0.2203125 0.4515625 0.0296875 0.034375
3 0.1453125 0.696875 0.0375 0.0546875
4 0.21875 0.703125 0.028125 0.03125
3 0.290625 0.6765625 0.034375 0.059375
3 0.34375 0.1875 0.03125 0.0515625
10 0.39375 0.9546875 0.0375 0.0515625
3 0.896875 0.9484375 0.0296875 0.046875
1 0.090625 0.1765625 0.0171875 0.0359375
3 0.146875 0.1703125 0.025 0.0484375
1 0.046875 0.8125 0.0203125 0.034375
10 0.571875 0.196875 0.0359375 0.0484375
1 0.046875 0.5625 0.0203125 0.034375
10 0.5390625 0.4640625 0.0375 0.05
10 0.534375 0.709375 0.0375 0.0484375
4 0.715625 0.95 0.025 0.03125
2 0.8828125 0.95625 0.0234375 0.0421875
1 0.09375 0.3140625 0.0203125 0.03125