3 0.678125 0.4390625 0.0375 0.0453125
3 0.6515625 0.690625 0.0359375 0.04375
0 0.046875 0.303125 0.0359375 0.046875
4 0.259375 0.18125 0.0265625 0.03125
4 0.0578125 0.946875 0.0265625 0.0328125
3 0.7015625 0.171875 0.0359375 0.046875
8 0.0578125 0.81875 0.028125 0.0453125
3 0.121875 0.9625 0.0359375 0.0578125
3 0.1875 0.171875 0.0328125 0.053125
8 0.0578125 0.56875 0.028125 0.046875
8 0.3875 0.1828125 0.028125 0.0484375
3 0.24375 0.9453125 0.0328125 0.0515625
8 0.5125 0.546875 0.03125 0.053125
4 0.6921875 0.946875 0.028125 0.0328125
3 0.759375 0.94375 0.03125 0.053125
3 0.125 0.44375 0.0375 0.053125
1 0.0234375 0.4390625 0.021875 0.040625
3 0.059375 0.434375 0.0328125 0.053125
8 0.3421875 0.565625 0.03125 0.0484375
8 0.759375 0.4375 0.028125 0.046875
8 0.3390625 0.8171875 0.0296875 0.046875
3 0.1875 0.959375 0.0328125 0.05625
8 0.715625 0.8 0.03125 0.053125
3 0.125 0.69375 0.0375 0.0515625
8 0.3890625 0.31875 0.028125 0.046875
3 0.325 0.18125 0.0328125 0.0515625
3 0.815625 0.940625 0.0296875 0.046875
3 0.271875 0.4515625 0.03125 0.0515625
8 0.771875 0.3046875 0.03125 0.053125
1 0.071875 0.309375 0.0171875 0.0515625
8 0.125 0.315625 0.028125 0.046875
12 0.8234375 0.696875 0.0265625 0.040625
1 0.0234375 0.690625 0.01875 0.0390625
3 0.059375 0.6828125 0.03125 0.053125
11 0.7171875 0.690625 0.0296875 0.04375
8 0.546875 0.296875 0.0296875 0.0515625
8 0.340625 0.4515625 0.0296875 0.05
8 0.7734375 0.1703125 0.0265625 0.0453125
8 0.75625 0.553125 0.03125 0.0515625
8 0.5078125 0.7953125 0.0296875 0.0515625
11 0.5046875 0.959375 0.03125 0.0515625
14 0.046875 0.18125 0.0375 0.078125
8 0.340625 0.675 0.03125 0.059375
4 0.196875 0.7 0.028125 0.0328125
12 0.596875 0.94375 0.0265625 0.0421875
1 0.071875 0.171875 0.0234375 0.0375
3 0.125 0.165625 0.028125 0.0484375
4 0.303125 0.946875 0.0265625 0.034375
3 0.26875 0.675 0.03125 0.0546875
4 0.1984375 0.45 0.028125 0.0328125
3 0.878125 0.9453125 0.028125 0.05
1 0.0234375 0.809375 0.021875 0.034375
10 0.5109375 0.7109375 0.0375 0.0484375
1 0.0234375 0.5578125 0.021875 0.0359375
10 0.521875 0.459375 0.0375 0.0515625
10 0.55 0.1953125 0.0359375 0.0484375
1 0.021875 0.9421875 0.0234375 0.034375
10 0.371875 0.95 0.0359375 0.0515625