0 0.15625 0.159375 0.034375 0.046875
3 0.165625 0.9015625 0.03125 0.05
14 0.1515625 0.0375 0.034375 0.0734375
4 0.30625 0.3046875 0.028125 0.0359375
8 0.45 0.309375 0.0296875 0.046875
1 0.1328125 0.296875 0.01875 0.0359375
3 0.1671875 0.2875 0.034375 0.0546875
3 0.38125 0.30625 0.0328125 0.0515625
8 0.234375 0.175 0.0265625 0.0453125
3 0.80625 0.025 0.0390625 0.0484375
1 0.13125 0.546875 0.0203125 0.0296875
3 0.16875 0.540625 0.0359375 0.05625
3 0.35 0.803125 0.03125 0.0515625
4 0.3640625 0.034375 0.0296875 0.034375
0 0.10625 0.909375 0.0359375 0.0453125
12 0.2875 0.909375 0.0265625 0.040625
3 0.7875 0.29375 0.0390625 0.046875
8 0.165625 0.425 0.0265625 0.046875
1 0.13125 0.796875 0.021875 0.0390625
4 0.165625 0.803125 0.025 0.0328125
12 0.928125 0.5515625 0.0265625 0.0421875
8 0.8609375 0.409375 0.03125 0.053125
0 0.1078125 0.409375 0.0375 0.0484375
3 0.234375 0.025 0.0296875 0.0484375
8 0.496875 0.175 0.0296875 0.0484375
3 0.86875 0.8 0.034375 0.0546875
8 0.446875 0.671875 0.03125 0.046875
8 0.165625 0.6734375 0.0265625 0.0484375
3 0.7578125 0.546875 0.0390625 0.046875
14 0.109375 0.80625 0.034375 0.078125
3 0.2296875 0.8171875 0.034375 0.05625
8 0.86875 0.2984375 0.0296875 0.046875
8 0.4140625 0.90625 0.0296875 0.0515625
8 0.615625 0.653125 0.03125 0.0515625
12 0.7 0.7984375 0.0265625 0.0421875
3 0.296875 0.809375 0.03125 0.05625
8 0.878125 0.159375 0.03125 0.053125
8 0.81875 0.65625 0.0328125 0.053125
11 0.6125 0.815625 0.0296875 0.0515625
3 0.928125 0.8015625 0.03125 0.0484375
8 0.45 0.425 0.03125 0.0484375
3 0.234375 0.303125 0.0359375 0.0546875
4 0.228125 0.909375 0.0265625 0.034375
0 0.1078125 0.6578125 0.0359375 0.0453125
3 0.3 0.028125 0.0375 0.05625
8 0.6203125 0.40625 0.03125 0.0515625
12 0.7 0.90625 0.028125 0.0453125
8 0.4953125 0.040625 0.028125 0.046875
14 0.109375 0.55625 0.0359375 0.0765625
3 0.9859375 0.796875 0.028125 0.0515625
8 0.88125 0.028125 0.03125 0.0453125
3 0.4328125 0.0421875 0.0328125 0.0546875
4 0.303125 0.553125 0.028125 0.0328125
14 0.109375 0.3125 0.0359375 0.078125
3 0.2328125 0.55 0.0359375 0.053125
8 0.6546875 0.153125 0.028125 0.053125
8 0.446875 0.5328125 0.0296875 0.0578125
3 0.378125 0.53125 0.03125 0.05625
4 0.4109375 0.8 0.025 0.0328125
10 0.478125 0.80625 0.0359375 0.0515625
11 0.825 0.5453125 0.0296875 0.04375
11 0.609375 0.9234375 0.0265625 0.0453125
10 0.659375 0.046875 0.034375 0.0515625
9 0.8015625 0.90625 0.03125 0.021875
1 0.1796875 0.165625 0.0203125 0.0359375
1 0.1796875 0.0265625 0.0203125 0.0421875
1 0.13125 0.915625 0.01875 0.03125
10 0.61875 0.565625 0.0375 0.05
10 0.625 0.315625 0.0390625 0.05
1 0.13125 0.665625 0.0203125 0.03125
1 0.13125 0.41875 0.0203125 0.03125
4 0.8 0.8 0.025 0.03125