0 0.0515625 0.19375 0.0375 0.0453125
3 0.2765625 0.34375 0.03125 0.0515625
3 0.70625 0.0625 0.0359375 0.0453125
3 0.65625 0.578125 0.0375 0.0453125
3 0.0625 0.934375 0.0296875 0.05
3 0.246875 0.8375 0.03125 0.0515625
1 0.03125 0.334375 0.0265625 0.0390625
3 0.0625 0.325 0.0328125 0.0546875
14 0.053125 0.071875 0.0359375 0.078125
4 0.1234375 0.9453125 0.0265625 0.0328125
3 0.1265625 0.85625 0.0359375 0.059375
1 0.0296875 0.5796875 0.0234375 0.040625
3 0.0625 0.5765625 0.0328125 0.05625
3 0.684375 0.33125 0.0390625 0.046875
8 0.0625 0.7078125 0.0265625 0.046875
8 0.765625 0.33125 0.0296875 0.046875
3 0.1875 0.84375 0.03125 0.0578125
8 0.3453125 0.34375 0.0296875 0.046875
12 0.184375 0.9421875 0.0265625 0.0375
4 0.7015625 0.8375 0.0265625 0.0265625
3 0.7640625 0.840625 0.0328125 0.0546875
8 0.5125 0.6875 0.03125 0.0515625
11 0.721875 0.58125 0.0296875 0.04375
8 0.553125 0.1875 0.0296875 0.053125
8 0.0625 0.459375 0.028125 0.046875
8 0.778125 0.0625 0.03125 0.05
12 0.6015625 0.940625 0.028125 0.0421875
12 0.6 0.834375 0.025 0.0390625
8 0.3890625 0.2109375 0.0296875 0.0484375
8 0.34375 0.7046875 0.0296875 0.046875
3 0.328125 0.075 0.0328125 0.053125
8 0.346875 0.4578125 0.03125 0.0484375
4 0.30625 0.8375 0.025 0.0328125
8 0.3078125 0.9375 0.028125 0.0515625
1 0.03125 0.83125 0.0203125 0.0453125
4 0.0625 0.8375 0.025 0.0328125
4 0.2625 0.0703125 0.028125 0.0328125
12 0.828125 0.5875 0.0265625 0.0421875
8 0.34375 0.565625 0.0296875 0.059375
8 0.1296875 0.2078125 0.0265625 0.046875
3 0.8203125 0.8375 0.0328125 0.0515625
8 0.521875 0.440625 0.0296875 0.05625
8 0.775 0.19375 0.03125 0.053125
8 0.7625 0.440625 0.0328125 0.053125
8 0.715625 0.690625 0.0296875 0.0515625
3 0.13125 0.334375 0.034375 0.053125
8 0.390625 0.075 0.028125 0.0484375
11 0.509375 0.846875 0.0296875 0.0515625
3 0.128125 0.58125 0.0359375 0.053125
3 0.196875 0.0625 0.0328125 0.053125
10 0.3765625 0.8421875 0.0328125 0.0515625
3 0.275 0.5625 0.028125 0.059375
3 0.8828125 0.834375 0.028125 0.05
4 0.2015625 0.5875 0.028125 0.03125
4 0.20625 0.3390625 0.028125 0.034375
11 0.50625 0.95625 0.0265625 0.0453125
1 0.0765625 0.2 0.01875 0.0328125
1 0.028125 0.7 0.0203125 0.034375
3 0.13125 0.05625 0.028125 0.046875
10 0.515625 0.596875 0.0375 0.0484375
10 0.55625 0.084375 0.0390625 0.05
10 0.525 0.3484375 0.0375 0.0484375
1 0.028125 0.4484375 0.0203125 0.0359375
2 0.865625 0.8453125 0.0203125 0.0390625
1 0.028125 0.9453125 0.0203125 0.0359375
1 0.0765625 0.0640625 0.01875 0.034375
9 0.7015625 0.940625 0.0296875 0.0234375