0 0.109375 0.9359375 0.0375 0.0484375
0 0.15625 0.1859375 0.0328125 0.0453125
4 0.1671875 0.83125 0.025 0.03125
8 0.234375 0.2015625 0.028125 0.046875
4 0.4125 0.83125 0.0265625 0.03125
14 0.15625 0.06875 0.0359375 0.0765625
3 0.16875 0.928125 0.028125 0.0484375
4 0.30625 0.58125 0.0265625 0.03125
0 0.1078125 0.684375 0.0359375 0.046875
3 0.8109375 0.05625 0.0390625 0.0453125
3 0.871875 0.834375 0.034375 0.0546875
3 0.296875 0.84375 0.0328125 0.0578125
3 0.38125 0.3359375 0.03125 0.0484375
8 0.4484375 0.7015625 0.0296875 0.0484375
3 0.759375 0.571875 0.0390625 0.04375
3 0.23125 0.85 0.0359375 0.05625
3 0.7875 0.325 0.0390625 0.046875
3 0.234375 0.328125 0.0359375 0.0546875
3 0.353125 0.83125 0.03125 0.0515625
8 0.825 0.684375 0.03125 0.0515625
1 0.134375 0.328125 0.021875 0.0359375
3 0.16875 0.31875 0.0328125 0.0546875
8 0.45 0.45 0.03125 0.0484375
8 0.45 0.3359375 0.0296875 0.0484375
11 0.615625 0.840625 0.0296875 0.05
1 0.134375 0.578125 0.021875 0.0421875
3 0.16875 0.565625 0.0328125 0.0546875
1 0.13125 0.440625 0.021875 0.04375
8 0.16875 0.4515625 0.028125 0.0453125
8 0.8703125 0.325 0.0296875 0.0484375
8 0.8625 0.434375 0.03125 0.053125
8 0.4125 0.9328125 0.0296875 0.053125
3 0.234375 0.578125 0.0359375 0.0546875
8 0.621875 0.43125 0.03125 0.0515625
12 0.703125 0.8328125 0.025 0.040625
8 0.65625 0.1859375 0.028125 0.053125
8 0.6140625 0.68125 0.0296875 0.053125
8 0.496875 0.06875 0.0296875 0.0484375
8 0.4984375 0.203125 0.03125 0.0484375
14 0.109375 0.83125 0.0359375 0.0765625
8 0.8828125 0.053125 0.0296875 0.0453125
0 0.109375 0.4390625 0.0359375 0.046875
3 0.928125 0.828125 0.03125 0.0515625
12 0.2875 0.9359375 0.0265625 0.0375
3 0.4328125 0.06875 0.0328125 0.0515625
8 0.1671875 0.7015625 0.025 0.046875
8 0.8796875 0.1875 0.0296875 0.0515625
11 0.8265625 0.571875 0.0296875 0.04375
12 0.9296875 0.578125 0.0265625 0.040625
4 0.3671875 0.0625 0.028125 0.0328125
12 0.7078125 0.934375 0.0265625 0.040625
10 0.4796875 0.8359375 0.034375 0.05
3 0.378125 0.5578125 0.03125 0.053125
4 0.30625 0.3328125 0.0265625 0.0328125
3 0.296875 0.0578125 0.034375 0.053125
14 0.109375 0.5828125 0.0375 0.078125
3 0.98671875 0.82890625 0.0265625 0.0515625
14 0.109375 0.334375 0.0359375 0.078125
4 0.228125 0.9375 0.0265625 0.0328125
1 0.1796875 0.05625 0.025 0.0375
8 0.4484375 0.559375 0.03125 0.05625
3 0.234375 0.05 0.03125 0.0515625
11 0.6125 0.95 0.0265625 0.0453125
7 0.6609375 0.078125 0.0375 0.0515625
7 0.628125 0.34375 0.0375 0.0484375
1 0.18125 0.1953125 0.0203125 0.034375
10 0.6203125 0.59375 0.0359375 0.0484375
9 0.80625 0.934375 0.03125 0.025
1 0.1328125 0.9375 0.0203125 0.0328125
1 0.134375 0.69375 0.021875 0.03125
4 0.80625 0.83125 0.025 0.0328125
1 0.134375 0.821875 0.021875 0.0359375
3 0.99921875 0.82890625 0.0015625 0.0515625