0 0.1 0.971875 0.0421875 0.0484375
3 0.775 0.1125 0.0375 0.0453125
3 0.9765625 0.615625 0.0265625 0.046875
3 0.740625 0.8625 0.0375 0.046875
14 0.0984375 0.86875 0.0359375 0.078125
3 0.6125 0.865625 0.0390625 0.0546875
3 0.7453125 0.3640625 0.0359375 0.0453125
3 0.978125 0.865625 0.0265625 0.0515625
0 0.096875 0.725 0.0359375 0.046875
3 0.284375 0.625 0.03125 0.05625
3 0.1515625 0.721875 0.0296875 0.05
12 0.6921875 0.728125 0.0265625 0.040625
3 0.559375 0.8734375 0.03125 0.0515625
8 0.440625 0.128125 0.0296875 0.0515625
3 0.340625 0.61875 0.03125 0.05
8 0.4390625 0.24375 0.0296875 0.0484375
3 0.85625 0.615625 0.03125 0.0515625
11 0.8140625 0.3640625 0.03125 0.0453125
8 0.853125 0.1125 0.03125 0.046875
8 0.4375 0.490625 0.0296875 0.046875
3 0.859375 0.86875 0.0328125 0.0546875
8 0.8515625 0.221875 0.03125 0.0546875
3 0.3703125 0.128125 0.03125 0.0515625
3 0.9125 0.615625 0.0296875 0.046875
12 0.2765625 0.725 0.025 0.0359375
3 0.915625 0.865625 0.0296875 0.0515625
1 0.1234375 0.484375 0.0203125 0.0421875
8 0.15625 0.490625 0.028125 0.0453125
3 0.2203125 0.634375 0.034375 0.059375
3 0.221875 0.365625 0.0375 0.053125
1 0.121875 0.2359375 0.0234375 0.0375
8 0.15625 0.240625 0.028125 0.046875
8 0.609375 0.221875 0.03125 0.0546875
1 0.121875 0.8609375 0.0171875 0.04375
11 0.159375 0.865625 0.0296875 0.053125
8 0.4 0.721875 0.0296875 0.05
14 0.0984375 0.621875 0.0359375 0.078125
1 0.1234375 0.6125 0.0234375 0.04375
4 0.15625 0.61875 0.025 0.034375
11 0.35 0.875 0.03125 0.05
8 0.8125 0.475 0.03125 0.0515625
4 0.675 0.871875 0.0265625 0.03125
14 0.0984375 0.375 0.0375 0.078125
8 0.55546875 0.98046875 0.0296875 0.0390625
12 0.921875 0.36875 0.0265625 0.0390625
8 0.60625 0.46875 0.03125 0.0515625
14 0.0984375 0.125 0.0390625 0.078125
8 0.7953125 0.9796875 0.03125 0.040625
11 0.603125 0.63125 0.028125 0.05
4 0.4 0.6203125 0.0265625 0.03125
1 0.121875 0.1140625 0.01875 0.0390625
3 0.15625 0.1078125 0.0328125 0.0546875
4 0.2953125 0.121875 0.03125 0.0375
0 0.096875 0.478125 0.0328125 0.0453125
1 0.1203125 0.3640625 0.01875 0.04375
3 0.153125 0.35625 0.0328125 0.05625
3 0.221875 0.115625 0.0390625 0.0546875
8 0.3484375 0.965625 0.0296875 0.0515625
4 0.29375 0.371875 0.0296875 0.034375
12 0.6953125 0.6171875 0.0265625 0.040625
8 0.15625 0.965625 0.0265625 0.053125
3 0.796875 0.859375 0.03125 0.053125
3 0.36875 0.35 0.03125 0.05625
4 0.2171875 0.7265625 0.0265625 0.0328125
0 0.096875 0.228125 0.0328125 0.046875
10 0.46875 0.625 0.034375 0.05
8 0.4375 0.3484375 0.0328125 0.059375
11 0.6 0.7390625 0.025 0.0453125
9 0.790625 0.725 0.03125 0.021875
11 0.253125 0.88125 0.03125 0.0453125
10 0.60625 0.3796875 0.0390625 0.046875
1 0.121875 0.73125 0.0203125 0.03125
2 0.4328125 0.86875 0.0203125 0.0421875
10 0.6109375 0.13125 0.0390625 0.05
11 0.446875 0.875 0.0296875 0.0515625
1 0.121875 0.978125 0.0203125 0.034375
4 0.790625 0.621875 0.0265625 0.034375