3 0.671875 0.0203125 0.0375 0.040625
3 0.6375 0.765625 0.0375 0.046875
8 0.75 0.0203125 0.03125 0.040625
3 0.646875 0.26875 0.0390625 0.046875
3 0.265625 0.03125 0.03125 0.0515625
3 0.053125 0.2640625 0.0359375 0.05625
1 0.015625 0.521875 0.021875 0.0390625
4 0.053125 0.525 0.025 0.03125
8 0.503125 0.378125 0.0296875 0.053125
8 0.69375 0.8875 0.028125 0.046875
4 0.296875 0.525 0.0265625 0.03125
8 0.334375 0.03125 0.0296875 0.0484375
1 0.01875 0.63125 0.0171875 0.04375
3 0.0515625 0.625 0.0296875 0.05
8 0.2453125 0.8734375 0.0296875 0.053125
8 0.0515625 0.146875 0.0296875 0.046875
4 0.1140625 0.6328125 0.0265625 0.0328125
3 0.8125 0.525 0.0296875 0.0484375
12 0.175 0.6328125 0.025 0.0390625
1 0.01875 0.021875 0.0203125 0.0375
1 0.01875 0.3890625 0.01875 0.04375
8 0.053125 0.396875 0.028125 0.046875
3 0.8109375 0.771875 0.0296875 0.0515625
12 0.815625 0.2796875 0.025 0.0390625
3 0.178125 0.5359375 0.03125 0.05625
8 0.75 0.13125 0.0328125 0.053125
8 0.296875 0.63125 0.0296875 0.05
3 0.75625 0.775 0.03125 0.0578125
4 0.190625 0.2765625 0.028125 0.03125
8 0.33125 0.25625 0.028125 0.0578125
4 0.571875 0.775 0.0265625 0.03125
3 0.2375 0.5265625 0.03125 0.0515625
8 0.7046875 0.3765625 0.0296875 0.0515625
3 0.115625 0.54375 0.034375 0.05625
3 0.509375 0.771875 0.0375 0.0546875
12 0.590625 0.525 0.0265625 0.040625
3 0.753125 0.528125 0.03125 0.053125
3 0.11875 0.025 0.0375 0.05
8 0.3359375 0.146875 0.03125 0.0484375
1 0.01875 0.88125 0.0234375 0.0359375
8 0.053125 0.875 0.0296875 0.0515625
11 0.4984375 0.5359375 0.0296875 0.0515625
8 0.50625 0.128125 0.0296875 0.053125
3 0.4546875 0.778125 0.028125 0.05
3 0.11875 0.271875 0.0359375 0.053125
8 0.4546875 0.890625 0.0265625 0.0453125
8 0.334375 0.396875 0.028125 0.046875
12 0.5875 0.634375 0.0265625 0.0421875
11 0.2453125 0.78125 0.0296875 0.053125
11 0.496875 0.6484375 0.0265625 0.0453125
10 0.3640625 0.53125 0.0328125 0.05
3 0.265625 0.25625 0.03125 0.0578125
11 0.709375 0.26875 0.028125 0.0453125
3 0.8734375 0.771875 0.028125 0.05
3 0.871875 0.521875 0.03125 0.05
11 0.0546875 0.76875 0.028125 0.0515625
3 0.69375 0.76875 0.0328125 0.0515625
2 0.8546875 0.7828125 0.021875 0.0375
10 0.509375 0.0375 0.0375 0.0515625
4 0.190625 0.025 0.0296875 0.0359375
2 0.8515625 0.5359375 0.0203125 0.0390625
11 0.15 0.7875 0.0296875 0.046875
4 0.6875 0.525 0.025 0.03125
9 0.6875 0.628125 0.03125 0.021875
11 0.34375 0.78125 0.0265625 0.05
10 0.5046875 0.2875 0.0390625 0.0515625
2 0.3296875 0.771875 0.0171875 0.040625
1 0.01875 0.271875 0.021875 0.0375
1 0.0171875 0.140625 0.0234375 0.034375
1 0.0171875 0.76875 0.0203125 0.040625