0 0.0875 0.9484375 0.034375 0.04375
3 0.7296875 0.840625 0.0375 0.0484375
0 0.084375 0.7046875 0.0359375 0.046875
3 0.765625 0.09375 0.0390625 0.046875
14 0.0875 0.853125 0.0359375 0.078125
0 0.0828125 0.20625 0.034375 0.0453125
14 0.0875 0.3515625 0.0359375 0.0765625
3 0.734375 0.340625 0.0390625 0.0453125
14 0.0875 0.603125 0.0359375 0.078125
0 0.084375 0.453125 0.034375 0.04375
14 0.0875 0.10625 0.0359375 0.078125
8 0.5484375 0.965625 0.0296875 0.046875
3 0.85 0.85 0.0328125 0.0578125
3 0.7875 0.8421875 0.03125 0.05625
8 0.3375 0.946875 0.0296875 0.0515625
1 0.109375 0.840625 0.015625 0.040625
11 0.1484375 0.8421875 0.0296875 0.0515625
8 0.4265625 0.471875 0.0296875 0.046875
3 0.209375 0.6109375 0.0359375 0.059375
3 0.603125 0.84375 0.0359375 0.053125
8 0.390625 0.703125 0.0296875 0.05
3 0.903125 0.846875 0.0296875 0.0515625
12 0.68125 0.7015625 0.0265625 0.040625
11 0.3390625 0.85625 0.03125 0.05
8 0.428125 0.221875 0.03125 0.0484375
3 0.26875 0.6046875 0.03125 0.0546875
3 0.2125 0.1 0.0390625 0.0546875
1 0.109375 0.09375 0.01875 0.0421875
3 0.146875 0.0875 0.0328125 0.0546875
8 0.6 0.2 0.034375 0.0546875
4 0.284375 0.103125 0.0296875 0.034375
3 0.8484375 0.596875 0.0328125 0.0546875
1 0.1125 0.215625 0.01875 0.04375
8 0.1453125 0.221875 0.028125 0.046875
3 0.33125 0.6015625 0.03125 0.0515625
11 0.590625 0.609375 0.0296875 0.0515625
8 0.59375 0.45 0.0296875 0.05
8 0.784375 0.965625 0.03125 0.046875
4 0.284375 0.35 0.0265625 0.03125
1 0.109375 0.4609375 0.01875 0.04375
8 0.1453125 0.46875 0.025 0.046875
8 0.7984375 0.453125 0.03125 0.0515625
3 0.2109375 0.346875 0.0390625 0.0546875
4 0.1453125 0.6 0.0234375 0.03125
3 0.9015625 0.5953125 0.0296875 0.05
1 0.109375 0.953125 0.0171875 0.04375
8 0.1453125 0.9453125 0.025 0.05
12 0.909375 0.3484375 0.025 0.0390625
3 0.35625 0.10625 0.03125 0.0484375
8 0.840625 0.203125 0.03125 0.0515625
8 0.428125 0.10625 0.0296875 0.0484375
3 0.55 0.85 0.028125 0.053125
4 0.390625 0.6 0.025 0.03125
8 0.84375 0.09375 0.0296875 0.046875
1 0.1125 0.3453125 0.0265625 0.034375
3 0.146875 0.334375 0.0328125 0.0546875
3 0.96875 0.8484375 0.0265625 0.0515625
11 0.8015625 0.340625 0.03125 0.046875
12 0.265625 0.70625 0.0265625 0.040625
8 0.4265625 0.328125 0.03125 0.059375
4 0.665625 0.8484375 0.0265625 0.0328125
10 0.596875 0.359375 0.0375 0.0484375
12 0.68125 0.596875 0.025 0.0390625
3 0.353125 0.328125 0.0296875 0.0546875
11 0.5859375 0.7203125 0.0265625 0.04375
3 0.965625 0.5953125 0.028125 0.0484375
4 0.20625 0.7078125 0.0265625 0.0328125
1 0.1109375 0.709375 0.0203125 0.0359375
10 0.45625 0.6015625 0.034375 0.0515625
3 0.146875 0.7 0.0296875 0.0484375
10 0.603125 0.1109375 0.0375 0.05
9 0.78125 0.7046875 0.0296875 0.0234375
11 0.434375 0.85625 0.0234375 0.0484375
4 0.778125 0.6015625 0.0234375 0.03125
1 0.1109375 0.5953125 0.0203125 0.0328125
11 0.2421875 0.85625 0.025 0.0546875