14 0.021875 0.4546875 0.0359375 0.0765625
0 0.01875 0.8046875 0.0359375 0.046875
14 0.021875 0.70625 0.034375 0.0765625
1 0.05 0.196875 0.025 0.040625
3 0.08125 0.190625 0.0296875 0.0546875
14 0.0203125 0.20625 0.0359375 0.0765625
0 0.01875 0.309375 0.0359375 0.046875
3 0.15 0.2 0.0375 0.053125
4 0.078125 0.453125 0.025 0.0328125
3 0.66875 0.69375 0.0390625 0.0484375
0 0.0203125 0.559375 0.0375 0.05
3 0.671875 0.196875 0.0375 0.0453125
3 0.4875 0.70625 0.03125 0.05
1 0.05 0.80625 0.021875 0.0359375
8 0.0796875 0.8 0.0265625 0.0515625
3 0.846875 0.696875 0.0296875 0.0484375
3 0.78125 0.453125 0.03125 0.053125
8 0.5375 0.053125 0.03125 0.053125
3 0.265625 0.4546875 0.03125 0.0515625
8 0.278125 0.8015625 0.0296875 0.0515625
3 0.784375 0.6984375 0.03125 0.0546875
3 0.8453125 0.45 0.03125 0.05
3 0.209375 0.4609375 0.03125 0.05625
8 0.0796875 0.321875 0.0265625 0.046875
3 0.5421875 0.69375 0.0375 0.053125
3 0.725 0.6953125 0.03125 0.05
8 0.4875 0.81875 0.028125 0.0453125
8 0.3625 0.075 0.0328125 0.05
12 0.2046875 0.55625 0.0265625 0.040625
11 0.5265625 0.465625 0.03125 0.0515625
8 0.778125 0.05625 0.0296875 0.0515625
3 0.1484375 0.46875 0.0359375 0.05625
4 0.6046875 0.7 0.028125 0.0375
8 0.7359375 0.30625 0.0328125 0.053125
8 0.721875 0.815625 0.0296875 0.046875
8 0.3609375 0.18125 0.03125 0.059375
11 0.2765625 0.709375 0.0296875 0.046875
1 0.05 0.696875 0.025 0.03125
11 0.08125 0.696875 0.0296875 0.05
8 0.3609375 0.325 0.03125 0.0484375
0 0.01875 0.059375 0.0359375 0.046875
8 0.328125 0.55625 0.028125 0.05
1 0.05 0.065625 0.01875 0.0375
8 0.084375 0.075 0.028125 0.0484375
11 0.7390625 0.196875 0.0296875 0.04375
4 0.328125 0.45 0.0265625 0.0328125
3 0.084375 0.55 0.0296875 0.05
3 0.9015625 0.696875 0.0265625 0.05
8 0.5328125 0.3015625 0.028125 0.0515625
12 0.615625 0.55625 0.028125 0.04375
4 0.221875 0.2046875 0.028125 0.03125
12 0.8453125 0.203125 0.0265625 0.0375
11 0.5265625 0.571875 0.028125 0.04375
12 0.615625 0.45 0.0265625 0.0421875
4 0.140625 0.5625 0.0265625 0.03125
9 0.71875 0.55625 0.0296875 0.021875
3 0.29375 0.1796875 0.0328125 0.0578125
3 0.9 0.4515625 0.03125 0.05
11 0.375 0.709375 0.03125 0.0484375
10 0.5375 0.215625 0.0359375 0.05
11 0.178125 0.7140625 0.028125 0.0421875
1 0.05 0.5625 0.01875 0.0328125
10 0.39375 0.45625 0.0359375 0.05
2 0.8875 0.70625 0.0234375 0.0421875
1 0.05 0.446875 0.0203125 0.034375
4 0.7171875 0.453125 0.0234375 0.03125
1 0.05 0.3171875 0.01875 0.03125