1 0.021875 0.1953125 0.0171875 0.0390625
3 0.0578125 0.1890625 0.0328125 0.05625
3 0.6453125 0.9390625 0.0375 0.0453125
1 0.021875 0.440625 0.01875 0.0421875
3 0.0578125 0.4375 0.03125 0.0546875
3 0.65 0.440625 0.0375 0.0453125
3 0.675 0.19375 0.0375 0.0453125
4 0.5765625 0.9484375 0.0265625 0.0328125
4 0.05625 0.7015625 0.025 0.0328125
12 0.59375 0.8015625 0.028125 0.040625
4 0.69375 0.6984375 0.0265625 0.0421875
3 0.7578125 0.696875 0.03125 0.053125
3 0.2421875 0.7 0.03125 0.0515625
3 0.759375 0.94375 0.0328125 0.0578125
8 0.05625 0.56875 0.0265625 0.046875
3 0.184375 0.7046875 0.03125 0.05625
8 0.05625 0.31875 0.028125 0.046875
0 0.04375 0.05625 0.0359375 0.0453125
8 0.340625 0.321875 0.03125 0.0484375
3 0.271875 0.209375 0.03125 0.05
8 0.50625 0.55 0.0296875 0.05
3 0.8140625 0.696875 0.03125 0.05
8 0.7125 0.553125 0.03125 0.0515625
8 0.3375 0.56875 0.0296875 0.046875
8 0.340625 0.20625 0.0296875 0.0484375
8 0.7578125 0.190625 0.0296875 0.046875
8 0.5109375 0.303125 0.03125 0.0546875
3 0.1203125 0.715625 0.0359375 0.059375
3 0.51875 0.946875 0.0359375 0.053125
3 0.7015625 0.9390625 0.0296875 0.0484375
3 0.815625 0.940625 0.0296875 0.05
8 0.76875 0.053125 0.03125 0.053125
11 0.715625 0.4421875 0.03125 0.046875
3 0.459375 0.9515625 0.028125 0.0515625
8 0.3015625 0.803125 0.0296875 0.05
12 0.178125 0.80625 0.025 0.040625
3 0.05625 0.796875 0.0296875 0.05
4 0.3015625 0.7015625 0.025 0.0328125
8 0.7515625 0.3046875 0.03125 0.0515625
4 0.1953125 0.45 0.028125 0.03125
11 0.25 0.95625 0.03125 0.05
8 0.546875 0.05 0.03125 0.0515625
1 0.025 0.940625 0.021875 0.0421875
11 0.059375 0.9421875 0.0296875 0.0515625
8 0.3875 0.071875 0.03125 0.046875
11 0.503125 0.7109375 0.0296875 0.0515625
8 0.125 0.071875 0.028125 0.0453125
3 0.121875 0.196875 0.040625 0.0546875
10 0.509375 0.459375 0.0359375 0.0484375
4 0.196875 0.2 0.0296875 0.034375
3 0.1203125 0.4453125 0.040625 0.0546875
12 0.8234375 0.45 0.0265625 0.0390625
8 0.3375 0.4296875 0.03125 0.059375
4 0.1171875 0.809375 0.028125 0.034375
3 0.2671875 0.428125 0.03125 0.059375
3 0.878125 0.94375 0.0265625 0.0515625
12 0.59375 0.6953125 0.0265625 0.0390625
11 0.5 0.8203125 0.028125 0.0453125
3 0.8765625 0.696875 0.0296875 0.05
10 0.515625 0.2125 0.0375 0.0484375
11 0.346875 0.953125 0.0296875 0.05
9 0.6953125 0.80625 0.0296875 0.0234375
10 0.36875 0.70625 0.0359375 0.0515625
1 0.0703125 0.065625 0.0203125 0.0296875
1 0.021875 0.309375 0.021875 0.0359375
1 0.021875 0.5625 0.021875 0.0359375
1 0.021875 0.69375 0.021875 0.0328125
1 0.021875 0.8109375 0.0203125 0.0375
11 0.153125 0.959375 0.025 0.0484375
2 0.8640625 0.95625 0.025 0.0390625