0 0.046875 0.61875 0.0359375 0.046875
14 0.05 0.76875 0.0359375 0.078125
14 0.05 0.51875 0.0359375 0.078125
0 0.046875 0.371875 0.034375 0.04375
3 0.6953125 0.75625 0.0390625 0.0484375
0 0.046875 0.121875 0.034375 0.0453125
14 0.05 0.2703125 0.0390625 0.078125
3 0.7 0.259375 0.0359375 0.0453125
8 0.3 0.8625 0.03125 0.0515625
3 0.16875 0.534375 0.0359375 0.05625
3 0.509375 0.7671875 0.028125 0.05
8 0.746875 0.878125 0.0328125 0.0484375
8 0.390625 0.021875 0.03125 0.04375
8 0.5625 0.115625 0.03125 0.053125
1 0.075 0.2609375 0.0171875 0.0359375
3 0.1078125 0.253125 0.03125 0.0546875
3 0.296875 0.5203125 0.03125 0.0515625
8 0.3875 0.384375 0.03125 0.0484375
3 0.80625 0.7625 0.0328125 0.059375
3 0.1734375 0.259375 0.0390625 0.053125
8 0.390625 0.1375 0.03125 0.05
3 0.8046875 0.51875 0.0328125 0.05625
8 0.10625 0.8625 0.0265625 0.0515625
1 0.071875 0.509375 0.0203125 0.0375
4 0.10625 0.5140625 0.0265625 0.0328125
3 0.5640625 0.75625 0.0359375 0.0546875
3 0.32109375 0.021875 0.0328125 0.04375
3 0.23125 0.5265625 0.03125 0.0546875
11 0.553125 0.525 0.03125 0.0515625
8 0.509375 0.8796875 0.0296875 0.046875
1 0.075 0.128125 0.0203125 0.0375
8 0.10625 0.1375 0.0265625 0.0484375
8 0.803125 0.11875 0.03125 0.053125
0 0.05 0.865625 0.0328125 0.0453125
11 0.3 0.771875 0.0296875 0.0484375
8 0.353125 0.615625 0.0296875 0.05
8 0.7625 0.36875 0.0328125 0.053125
3 0.8703125 0.759375 0.03125 0.0515625
3 0.86875 0.515625 0.0296875 0.05
3 0.7515625 0.75625 0.03125 0.05
3 0.925 0.7609375 0.0265625 0.0515625
8 0.10625 0.384375 0.0265625 0.0484375
8 0.3875 0.24375 0.03125 0.059375
11 0.765625 0.259375 0.0296875 0.04375
12 0.228125 0.61875 0.0265625 0.040625
12 0.646875 0.6171875 0.028125 0.04375
8 0.55625 0.365625 0.028125 0.0484375
1 0.075 0.75625 0.0234375 0.0421875
11 0.109375 0.759375 0.0296875 0.0515625
4 0.6296875 0.765625 0.028125 0.0328125
12 0.871875 0.265625 0.028125 0.0390625
3 0.1078125 0.6109375 0.0296875 0.05
11 0.55 0.634375 0.028125 0.04375
9 0.7421875 0.61875 0.0328125 0.0234375
4 0.3515625 0.5125 0.0265625 0.03125
12 0.646875 0.5125 0.0265625 0.04375
3 0.9234375 0.515625 0.0296875 0.0515625
10 0.565625 0.0265625 0.0390625 0.0484375
4 0.2453125 0.2671875 0.03125 0.03125
11 0.396875 0.7703125 0.0328125 0.05
4 0.246875 0.0171875 0.03125 0.034375
3 0.3203125 0.24375 0.03125 0.0578125
4 0.16875 0.621875 0.028125 0.0328125
11 0.203125 0.775 0.03125 0.04375
11 0.5625 0.28125 0.0375 0.05
1 0.071875 0.625 0.01875 0.03125
10 0.421875 0.51875 0.0359375 0.05
4 0.740625 0.5125 0.025 0.0328125
1 0.075 0.8703125 0.01875 0.034375
1 0.071875 0.378125 0.0203125 0.03125