0 0.109375 0.84375 0.0375 0.046875
8 0.234375 0.1125 0.0265625 0.046875
3 0.759375 0.4828125 0.0390625 0.04375
3 0.2328125 0.759375 0.034375 0.05625
0 0.15625 0.0984375 0.0375 0.046875
1 0.134375 0.4875 0.0234375 0.0359375
3 0.16875 0.478125 0.03125 0.0546875
3 0.234375 0.2375 0.0375 0.0546875
1 0.1375 0.35625 0.0234375 0.0390625
8 0.16875 0.359375 0.0296875 0.046875
12 0.2875 0.84375 0.0265625 0.040625
3 0.7875 0.23125 0.0390625 0.0484375
1 0.134375 0.73125 0.021875 0.04375
4 0.16875 0.7375 0.0265625 0.0328125
8 0.45 0.2453125 0.0296875 0.0484375
1 0.134375 0.234375 0.025 0.034375
3 0.16875 0.225 0.03125 0.053125
14 0.109375 0.74375 0.0359375 0.0796875
3 0.296875 0.7515625 0.0328125 0.05625
3 0.353125 0.740625 0.03125 0.0515625
8 0.16875 0.6109375 0.028125 0.046875
8 0.4984375 0.1125 0.03125 0.0484375
0 0.109375 0.346875 0.0328125 0.0453125
8 0.4484375 0.609375 0.03125 0.046875
3 0.16875 0.8375 0.0296875 0.05
3 0.234375 0.484375 0.0359375 0.053125
8 0.4515625 0.3625 0.0296875 0.0484375
8 0.4125 0.840625 0.028125 0.05
8 0.45 0.46875 0.0328125 0.059375
8 0.8625 0.34375 0.0328125 0.0546875
0 0.109375 0.59375 0.0296875 0.04375
11 0.6125 0.753125 0.0296875 0.0515625
3 0.871875 0.7421875 0.034375 0.05625
4 0.4125 0.7390625 0.025 0.03125
14 0.109375 0.496875 0.0359375 0.078125
8 0.621875 0.3390625 0.03125 0.0515625
3 0.3828125 0.2453125 0.034375 0.053125
8 0.8703125 0.23125 0.03125 0.0453125
14 0.109375 0.24375 0.0359375 0.0765625
3 0.928125 0.7359375 0.0296875 0.05
4 0.30625 0.240625 0.0296875 0.034375
12 0.70625 0.7375 0.025 0.040625
8 0.8234375 0.59375 0.03125 0.0515625
11 0.6125 0.859375 0.028125 0.04375
12 0.934375 0.4890625 0.0265625 0.040625
8 0.65625 0.09375 0.0296875 0.0515625
8 0.6140625 0.590625 0.028125 0.053125
8 0.878125 0.096875 0.0296875 0.053125
3 0.3796875 0.4703125 0.0328125 0.05625
3 0.98671875 0.73671875 0.0265625 0.0515625
12 0.703125 0.85 0.0265625 0.040625
4 0.228125 0.846875 0.0265625 0.0328125
11 0.828125 0.484375 0.0296875 0.04375
4 0.30625 0.490625 0.028125 0.0328125
10 0.621875 0.5015625 0.0375 0.0484375
10 0.478125 0.746875 0.0359375 0.05
9 0.803125 0.84375 0.03125 0.0234375
1 0.18125 0.1046875 0.01875 0.034375
12 0.8015625 0.7375 0.025 0.03125
4 0.6875 0.9875 0.0265625 0.025
10 0.625 0.253125 0.0375 0.0484375
1 0.134375 0.853125 0.01875 0.034375
1 0.134375 0.9828125 0.0203125 0.034375
1 0.134375 0.603125 0.0203125 0.0296875
3 0.99921875 0.73671875 0.0015625 0.0515625