0 0.0375 0.3234375 0.0359375 0.0453125
3 0.6421875 0.7078125 0.0390625 0.0453125
14 0.0375 0.203125 0.034375 0.0796875
3 0.69375 0.190625 0.0359375 0.0453125
8 0.540625 0.315625 0.028125 0.0484375
3 0.234375 0.96875 0.03125 0.0515625
8 0.746875 0.45625 0.028125 0.0453125
3 0.05 0.703125 0.034375 0.0546875
3 0.75 0.965625 0.03125 0.0546875
3 0.2640625 0.4703125 0.03125 0.05
4 0.246875 0.196875 0.028125 0.03125
3 0.3125 0.2046875 0.0296875 0.0484375
8 0.503125 0.565625 0.03125 0.0515625
8 0.05 0.834375 0.0296875 0.046875
3 0.66875 0.4578125 0.0390625 0.046875
8 0.3796875 0.3359375 0.028125 0.046875
3 0.115625 0.4625 0.0359375 0.053125
11 0.496875 0.975 0.0328125 0.0484375
8 0.33125 0.834375 0.03125 0.0484375
3 0.115625 0.7125 0.034375 0.0515625
8 0.3328125 0.4734375 0.028125 0.05
12 0.584375 0.9625 0.025 0.0421875
8 0.05 0.5875 0.028125 0.0484375
3 0.05 0.45 0.034375 0.05625
8 0.5 0.815625 0.0328125 0.0515625
8 0.115625 0.3375 0.0265625 0.0453125
3 0.175 0.9734375 0.03125 0.053125
8 0.3328125 0.584375 0.0296875 0.046875
4 0.1875 0.7171875 0.028125 0.034375
10 0.359375 0.971875 0.0359375 0.0515625
8 0.7625 0.321875 0.0296875 0.053125
8 0.33125 0.696875 0.03125 0.0578125
8 0.70625 0.81875 0.0296875 0.0515625
3 0.8046875 0.965625 0.03125 0.0515625
8 0.75 0.56875 0.03125 0.053125
8 0.7640625 0.1921875 0.028125 0.0453125
3 0.1171875 0.184375 0.0296875 0.05
8 0.378125 0.203125 0.0265625 0.0453125
12 0.815625 0.7125 0.0265625 0.0421875
4 0.05 0.9640625 0.025 0.0328125
3 0.18125 0.196875 0.0328125 0.053125
4 0.29375 0.9671875 0.0265625 0.0328125
4 0.190625 0.465625 0.0296875 0.034375
11 0.703125 0.7046875 0.03125 0.04375
3 0.86875 0.9625 0.0296875 0.0515625
3 0.259375 0.69375 0.034375 0.0546875
10 0.5125 0.475 0.0375 0.05
1 0.0125 0.825 0.0234375 0.0359375
1 0.0625 0.190625 0.01875 0.034375
2 0.8546875 0.971875 0.0296875 0.0421875
10 0.50625 0.73125 0.0390625 0.0515625
1 0.0625 0.3296875 0.01875 0.03125
1 0.0109375 0.9625 0.021875 0.0375
10 0.54375 0.2109375 0.0359375 0.05
1 0.0125 0.575 0.0234375 0.0359375
4 0.684375 0.9625 0.028125 0.03125
1 0.0125 0.4578125 0.025 0.0375
1 0.0125 0.70859375 0.025 0.0359375