0 0.0375 0.590625 0.0375 0.046875
0 0.0359375 0.340625 0.0359375 0.0453125
0 0.0375 0.83125 0.0359375 0.0453125
4 0.2375 0.234375 0.028125 0.0328125
0 0.0375 0.0921875 0.0359375 0.04375
1 0.065625 0.840625 0.021875 0.040625
8 0.0984375 0.83125 0.028125 0.053125
3 0.6828125 0.725 0.0359375 0.046875
14 0.040625 0.4875 0.034375 0.078125
3 0.1640625 0.228125 0.0375 0.053125
12 0.634375 0.4828125 0.025 0.040625
11 0.290625 0.740625 0.0296875 0.0484375
8 0.553125 0.0875 0.03125 0.053125
3 0.859375 0.725 0.0296875 0.0515625
1 0.0625 0.096875 0.01875 0.0390625
8 0.0984375 0.10625 0.028125 0.046875
8 0.5015625 0.846875 0.0296875 0.046875
11 0.1015625 0.7265625 0.028125 0.05
8 0.0984375 0.35625 0.028125 0.046875
3 0.6875 0.2265625 0.0390625 0.046875
8 0.378125 0.10625 0.0296875 0.0484375
3 0.503125 0.7359375 0.03125 0.0515625
8 0.5484375 0.3328125 0.03125 0.0515625
3 0.225 0.490625 0.0328125 0.0546875
3 0.1625 0.5 0.0375 0.0578125
8 0.378125 0.35625 0.028125 0.046875
8 0.34375 0.5875 0.0296875 0.0515625
1 0.0625 0.475 0.01875 0.0421875
4 0.0984375 0.484375 0.025 0.0328125
3 0.55625 0.7265625 0.0359375 0.053125
3 0.9171875 0.725 0.028125 0.0515625
3 0.28125 0.4828125 0.03125 0.0515625
8 0.79375 0.090625 0.0296875 0.0515625
12 0.8609375 0.23125 0.0265625 0.040625
8 0.7375 0.846875 0.03125 0.0484375
14 0.040625 0.734375 0.0328125 0.075
8 0.75 0.3359375 0.03125 0.053125
1 0.065625 0.228125 0.0265625 0.0375
3 0.1 0.221875 0.0328125 0.0546875
14 0.040625 0.2359375 0.034375 0.0765625
8 0.290625 0.83125 0.0296875 0.053125
12 0.634375 0.5875 0.0265625 0.0421875
3 0.8546875 0.4828125 0.0296875 0.0484375
4 0.6171875 0.7328125 0.0265625 0.0328125
11 0.54375 0.4953125 0.028125 0.05
4 0.734375 0.4828125 0.03125 0.034375
3 0.796875 0.48125 0.03125 0.053125
4 0.159375 0.5921875 0.025 0.0328125
12 0.21875 0.590625 0.0265625 0.0390625
3 0.30625 0.2140625 0.03125 0.0578125
3 0.915625 0.48125 0.0265625 0.05
3 0.7390625 0.7234375 0.03125 0.0484375
3 0.7984375 0.734375 0.0328125 0.0546875
3 0.0984375 0.5828125 0.028125 0.0484375
11 0.75625 0.228125 0.028125 0.0453125
11 0.54375 0.60625 0.0265625 0.04375
4 0.34375 0.4828125 0.025 0.03125
11 0.390625 0.74375 0.0296875 0.046875
8 0.3796875 0.2125 0.0296875 0.05625
10 0.4125 0.4875 0.0359375 0.053125
2 0.1796875 0.7296875 0.015625 0.03125
1 0.0640625 0.346875 0.0203125 0.0296875
1 0.0625 0.596875 0.0203125 0.034375
10 0.5515625 0.246875 0.0390625 0.0484375
11 0.1984375 0.746875 0.028125 0.04375
9 0.7328125 0.590625 0.028125 0.0203125
1 0.0625 0.728125 0.0203125 0.0328125