0 0.0484375 0.2546875 0.0359375 0.04375
3 0.653125 0.640625 0.0359375 0.046875
8 0.059375 0.7703125 0.0265625 0.046875
3 0.678125 0.390625 0.0390625 0.0484375
8 0.059375 0.51875 0.028125 0.0453125
3 0.325 0.1375 0.03125 0.05
3 0.125 0.9125 0.0390625 0.059375
8 0.3890625 0.134375 0.028125 0.0484375
3 0.2734375 0.40625 0.0328125 0.0515625
3 0.7609375 0.896875 0.03125 0.0546875
8 0.390625 0.2703125 0.0296875 0.0484375
3 0.703125 0.121875 0.0359375 0.0484375
3 0.059375 0.634375 0.034375 0.05625
3 0.1875 0.128125 0.0359375 0.053125
3 0.8171875 0.896875 0.0296875 0.046875
1 0.028125 0.396875 0.0234375 0.04375
3 0.059375 0.3875 0.0328125 0.0546875
3 0.24375 0.9 0.0328125 0.053125
8 0.715625 0.753125 0.03125 0.0515625
8 0.340625 0.76875 0.0296875 0.046875
12 0.825 0.646875 0.0265625 0.0390625
3 0.1890625 0.90625 0.034375 0.0546875
8 0.7609375 0.390625 0.0296875 0.0484375
8 0.34375 0.521875 0.0296875 0.046875
8 0.55 0.2515625 0.03125 0.053125
8 0.509375 0.75 0.03125 0.05
8 0.515625 0.5 0.0296875 0.0546875
11 0.509375 0.90625 0.0296875 0.05
4 0.259375 0.13125 0.028125 0.03125
3 0.125 0.64375 0.0375 0.0546875
8 0.3421875 0.40625 0.028125 0.0484375
8 0.771875 0.2515625 0.03125 0.053125
8 0.775 0.121875 0.0296875 0.046875
8 0.7578125 0.5015625 0.0296875 0.0515625
3 0.125 0.3953125 0.0375 0.053125
12 0.5984375 0.8953125 0.0265625 0.040625
4 0.059375 0.896875 0.0265625 0.03125
4 0.303125 0.8984375 0.0234375 0.03125
3 0.271875 0.625 0.03125 0.0625
11 0.71875 0.640625 0.03125 0.04375
4 0.1984375 0.6515625 0.028125 0.03125
8 0.1265625 0.2703125 0.0265625 0.046875
3 0.88125 0.896875 0.025 0.05
8 0.340625 0.625 0.0296875 0.0578125
4 0.2 0.4 0.028125 0.0328125
1 0.075 0.2609375 0.0203125 0.040625
14 0.046875 0.134375 0.034375 0.078125
10 0.375 0.903125 0.0328125 0.0515625
1 0.0734375 0.1234375 0.01875 0.040625
3 0.128125 0.1171875 0.028125 0.0484375
1 0.025 0.5109375 0.0203125 0.03125
10 0.5203125 0.4125 0.0375 0.05
10 0.553125 0.14375 0.0359375 0.05
2 0.8625 0.909375 0.01875 0.0359375
1 0.025 0.7609375 0.0203125 0.03125
10 0.5125 0.659375 0.0375 0.0484375
1 0.025 0.890625 0.021875 0.034375
1 0.025 0.64375 0.021875 0.0359375
4 0.696875 0.8984375 0.025 0.0328125