3 0.7125 0.24375 0.0390625 0.046875
0 0.078125 0.10625 0.0359375 0.046875
4 0.1546875 0.85625 0.025 0.0328125
3 0.68125 0.490625 0.0390625 0.04375
8 0.159375 0.1203125 0.025 0.0453125
3 0.278125 0.75 0.0328125 0.053125
3 0.303125 0.25625 0.0328125 0.0515625
1 0.059375 0.24375 0.025 0.0375
3 0.09375 0.2375 0.0328125 0.0546875
8 0.7875 0.353125 0.0328125 0.053125
8 0.3375 0.853125 0.0296875 0.053125
14 0.03125 0.25 0.0359375 0.078125
3 0.790625 0.75 0.03125 0.053125
12 0.63125 0.853125 0.0265625 0.04375
11 0.5375 0.7609375 0.028125 0.0515625
1 0.05625 0.49375 0.0203125 0.0359375
3 0.09375 0.484375 0.034375 0.0546875
8 0.54375 0.5984375 0.03125 0.0515625
1 0.059375 0.6140625 0.025 0.04375
8 0.0890625 0.61875 0.0265625 0.046875
3 0.15625 0.24375 0.0375 0.0546875
8 0.578125 0.103125 0.03125 0.0546875
3 0.153125 0.7640625 0.0359375 0.059375
3 0.21875 0.759375 0.0328125 0.0546875
8 0.3765625 0.3703125 0.03125 0.046875
1 0.059375 0.359375 0.021875 0.04375
8 0.0890625 0.36875 0.028125 0.046875
8 0.790625 0.24375 0.0296875 0.0484375
4 0.3375 0.746875 0.025 0.0328125
12 0.2140625 0.8546875 0.0265625 0.040625
8 0.4234375 0.1203125 0.0296875 0.046875
8 0.375 0.2546875 0.03125 0.0484375
8 0.8 0.103125 0.03125 0.0515625
3 0.1546875 0.490625 0.0359375 0.053125
8 0.546875 0.35 0.0328125 0.0546875
14 0.03125 0.753125 0.034375 0.078125
0 0.0296875 0.8515625 0.0328125 0.046875
4 0.23125 0.5 0.028125 0.0328125
8 0.75 0.5984375 0.0328125 0.0515625
8 0.3734375 0.6171875 0.0296875 0.046875
3 0.85 0.746875 0.0296875 0.0484375
14 0.03125 0.50625 0.0375 0.078125
8 0.371875 0.4765625 0.0296875 0.059375
4 0.23125 0.2515625 0.028125 0.0328125
12 0.628125 0.746875 0.0265625 0.0421875
11 0.75 0.490625 0.028125 0.0453125
3 0.909375 0.75 0.028125 0.0484375
3 0.3 0.475 0.034375 0.059375
12 0.8578125 0.5015625 0.0265625 0.040625
11 0.5375 0.865625 0.0265625 0.0453125
0 0.03125 0.353125 0.034375 0.046875
9 0.728125 0.85 0.03125 0.021875
0 0.0296875 0.6 0.03125 0.0453125
10 0.40625 0.7546875 0.0359375 0.053125
10 0.55 0.259375 0.0390625 0.05
1 0.059375 0.7390625 0.01875 0.0390625
4 0.0890625 0.746875 0.025 0.0328125
1 0.10625 0.109375 0.0203125 0.0359375
3 0.09375 0.8453125 0.0296875 0.0484375
1 0.059375 0.859375 0.01875 0.0328125
10 0.546875 0.509375 0.0359375 0.046875
4 0.728125 0.746875 0.0234375 0.0328125