14 0.1 0.765625 0.034375 0.078125
1 0.171875 0.128125 0.0203125 0.0390625
14 0.1 0.5140625 0.0359375 0.0796875
0 0.1 0.86875 0.0375 0.046875
0 0.1015625 0.36875 0.0375 0.0453125
14 0.1 0.26875 0.034375 0.078125
3 0.7484375 0.5046875 0.0375 0.0484375
0 0.1484375 0.11875 0.0359375 0.0453125
3 0.778125 0.25625 0.0375 0.0453125
0 0.1 0.6171875 0.0359375 0.0453125
8 0.6125 0.3640625 0.03125 0.053125
8 0.440625 0.634375 0.0296875 0.046875
4 0.796875 0.7625 0.0421875 0.04375
3 0.859375 0.7625 0.0328125 0.05625
1 0.1234375 0.2578125 0.0171875 0.0390625
3 0.159375 0.25 0.0328125 0.0546875
3 0.2875 0.7703125 0.03125 0.05625
8 0.4890625 0.1359375 0.0296875 0.046875
8 0.859375 0.253125 0.028125 0.046875
8 0.815625 0.6140625 0.03125 0.0515625
11 0.81875 0.503125 0.03125 0.0453125
8 0.159375 0.63125 0.0265625 0.046875
12 0.925 0.509375 0.025 0.0390625
8 0.4421875 0.26875 0.0296875 0.0484375
3 0.3734375 0.26875 0.03125 0.0515625
8 0.4421875 0.38125 0.0296875 0.046875
12 0.6984375 0.865625 0.0265625 0.0421875
3 0.34375 0.7625 0.03125 0.05
8 0.440625 0.49375 0.03125 0.059375
8 0.871875 0.11875 0.03125 0.0515625
3 0.915625 0.759375 0.03125 0.05
12 0.6984375 0.759375 0.025 0.040625
3 0.221875 0.778125 0.0375 0.0578125
8 0.6046875 0.609375 0.0296875 0.0515625
3 0.225 0.25625 0.0375 0.053125
1 0.125 0.50625 0.01875 0.034375
3 0.15625 0.5046875 0.034375 0.0578125
8 0.159375 0.384375 0.028125 0.046875
1 0.1234375 0.753125 0.0203125 0.040625
4 0.159375 0.7625 0.025 0.0328125
8 0.65 0.115625 0.0296875 0.0515625
11 0.6046875 0.771875 0.0296875 0.0515625
8 0.403125 0.865625 0.028125 0.05
3 0.15625 0.8625 0.0296875 0.05
8 0.2265625 0.1359375 0.028125 0.0453125
12 0.2796875 0.86875 0.0265625 0.0390625
8 0.853125 0.3671875 0.0296875 0.0515625
3 0.2234375 0.509375 0.0390625 0.0546875
4 0.403125 0.7625 0.025 0.03125
3 0.978125 0.7578125 0.0296875 0.0515625
11 0.6015625 0.8828125 0.028125 0.04375
9 0.79375 0.8671875 0.0296875 0.0234375
10 0.46875 0.76875 0.034375 0.0515625
4 0.296875 0.5125 0.028125 0.03125
3 0.371875 0.490625 0.03125 0.0578125
4 0.221875 0.8734375 0.028125 0.0328125
4 0.3 0.265625 0.028125 0.0328125
10 0.6171875 0.275 0.0375 0.0484375
10 0.609375 0.5265625 0.0375 0.0484375
1 0.125 0.871875 0.01875 0.034375
1 0.125 0.621875 0.0203125 0.034375
1 0.125 0.3765625 0.0203125 0.034375