0 0.0359375 0.1609375 0.034375 0.046875
8 0.7625 0.028125 0.028125 0.0453125
14 0.0375 0.040625 0.034375 0.078125
3 0.115625 0.3 0.0375 0.053125
3 0.66875 0.29375 0.040625 0.046875
1 0.0609375 0.03125 0.0203125 0.04375
3 0.115625 0.025 0.03125 0.05
8 0.0484375 0.671875 0.0296875 0.046875
3 0.1125 0.8203125 0.0359375 0.05625
4 0.1875 0.303125 0.028125 0.03125
3 0.309375 0.0390625 0.03125 0.053125
3 0.6875 0.028125 0.0390625 0.046875
8 0.503125 0.403125 0.03125 0.0515625
3 0.0484375 0.540625 0.03125 0.0546875
3 0.6375 0.5453125 0.0390625 0.046875
4 0.1875 0.5546875 0.0265625 0.0328125
3 0.2625 0.3078125 0.0328125 0.05
8 0.746875 0.29375 0.028125 0.046875
8 0.328125 0.671875 0.0296875 0.0484375
12 0.584375 0.909375 0.0265625 0.0421875
3 0.0484375 0.290625 0.034375 0.0578125
8 0.378125 0.175 0.0296875 0.0484375
8 0.046875 0.425 0.028125 0.046875
8 0.703125 0.65625 0.0296875 0.0515625
8 0.5375 0.153125 0.03125 0.0515625
4 0.24375 0.0375 0.028125 0.0328125
3 0.115625 0.55 0.034375 0.05
4 0.046875 0.8 0.025 0.03125
8 0.296875 0.90625 0.028125 0.05
3 0.803125 0.8 0.0296875 0.05
3 0.178125 0.028125 0.0359375 0.05625
8 0.759375 0.1578125 0.03125 0.053125
4 0.109375 0.9125 0.028125 0.034375
3 0.1703125 0.809375 0.03125 0.05625
8 0.746875 0.409375 0.0328125 0.0546875
8 0.33125 0.309375 0.028125 0.0484375
11 0.49375 0.8140625 0.0296875 0.0515625
12 0.809375 0.5515625 0.0265625 0.040625
8 0.33125 0.425 0.0296875 0.0484375
3 0.2328125 0.80625 0.0328125 0.0515625
8 0.1140625 0.175 0.0265625 0.046875
4 0.290625 0.8 0.025 0.03125
8 0.4984375 0.653125 0.03125 0.0515625
8 0.378125 0.040625 0.028125 0.046875
3 0.0484375 0.903125 0.0296875 0.05
12 0.584375 0.8 0.025 0.040625
12 0.16875 0.909375 0.028125 0.0421875
10 0.359375 0.80625 0.034375 0.0515625
8 0.328125 0.534375 0.0296875 0.05625
3 0.75 0.8 0.0328125 0.0546875
11 0.7015625 0.546875 0.03125 0.04375
3 0.86875 0.8 0.0296875 0.0515625
9 0.68125 0.90625 0.028125 0.021875
3 0.2609375 0.5296875 0.03125 0.0640625
11 0.490625 0.9234375 0.0265625 0.0453125
1 0.0625 0.1671875 0.01875 0.0328125
2 0.85 0.809375 0.025 0.0421875
10 0.540625 0.046875 0.0359375 0.0515625
10 0.50625 0.565625 0.0390625 0.05
1 0.0125 0.296875 0.025 0.0359375
1 0.0125 0.4171875 0.021875 0.034375
1 0.0125 0.665625 0.021875 0.0328125
1 0.0125 0.9109375 0.0234375 0.0375
4 0.68125 0.8 0.025 0.03125
1 0.0125 0.796875 0.0234375 0.034375
1 0.0125 0.546875 0.025 0.0359375
10 0.50625 0.3171875 0.0390625 0.05