0 0.128125 0.0671875 0.034375 0.046875
14 0.084375 0.71875 0.0359375 0.078125
3 0.728125 0.9546875 0.0375 0.0453125
3 0.7625 0.20625 0.0390625 0.046875
3 0.353125 0.21875 0.03125 0.0515625
14 0.08125 0.9625 0.0328125 0.0734375
3 0.2078125 0.725 0.0359375 0.0578125
14 0.0859375 0.215625 0.0375 0.0765625
0 0.0796875 0.31875 0.0359375 0.0453125
0 0.0796875 0.8171875 0.034375 0.046875
8 0.8375 0.3171875 0.03125 0.053125
8 0.3875 0.815625 0.0296875 0.0515625
3 0.265625 0.71875 0.03125 0.0546875
0 0.084375 0.56875 0.0328125 0.046875
14 0.084375 0.4640625 0.0375 0.0765625
3 0.328125 0.715625 0.0296875 0.0515625
8 0.209375 0.0828125 0.0265625 0.046875
3 0.73125 0.4546875 0.0390625 0.0453125
4 0.7765625 0.709375 0.028125 0.0328125
3 0.846875 0.709375 0.034375 0.0546875
8 0.8453125 0.20625 0.028125 0.046875
8 0.4265625 0.334375 0.03125 0.046875
8 0.5890625 0.5625 0.0296875 0.0515625
1 0.10625 0.575 0.01875 0.0359375
8 0.1390625 0.584375 0.028125 0.046875
1 0.10625 0.325 0.021875 0.0390625
8 0.1390625 0.334375 0.028125 0.046875
3 0.846875 0.9625 0.0328125 0.0578125
12 0.2640625 0.8171875 0.025 0.0375
8 0.596875 0.3140625 0.03125 0.0515625
3 0.6 0.95625 0.034375 0.053125
8 0.4234375 0.584375 0.0296875 0.046875
8 0.4265625 0.21875 0.0296875 0.0484375
11 0.5875 0.7234375 0.028125 0.0515625
11 0.7984375 0.453125 0.0296875 0.04375
3 0.9015625 0.95625 0.0296875 0.053125
8 0.853125 0.065625 0.03125 0.0515625
8 0.4703125 0.0875 0.0328125 0.0484375
1 0.1078125 0.20625 0.0171875 0.0421875
3 0.14375 0.2 0.034375 0.0546875
3 0.9 0.709375 0.03125 0.0515625
8 0.7953125 0.5640625 0.03125 0.05
1 0.10625 0.45625 0.01875 0.0359375
3 0.14375 0.4484375 0.0328125 0.05625
8 0.63125 0.059375 0.0296875 0.053125
4 0.28125 0.4625 0.028125 0.0328125
4 0.3875 0.7125 0.025 0.03125
12 0.9046875 0.459375 0.025 0.040625
12 0.678125 0.815625 0.0265625 0.040625
8 0.4234375 0.440625 0.03125 0.0578125
4 0.2 0.821875 0.025 0.0328125
12 0.678125 0.709375 0.025 0.040625
11 0.5828125 0.8328125 0.0265625 0.0453125
3 0.784375 0.953125 0.03125 0.05
3 0.209375 0.209375 0.0390625 0.0546875
3 0.546875 0.9625 0.028125 0.0515625
4 0.6625 0.9609375 0.0265625 0.0328125
10 0.596875 0.475 0.0375 0.046875
10 0.453125 0.721875 0.034375 0.05
11 0.1453125 0.9546875 0.028125 0.053125
4 0.28125 0.215625 0.0296875 0.034375
3 0.9640625 0.95625 0.028125 0.05
11 0.334375 0.96875 0.0296875 0.05
3 0.209375 0.45625 0.0375 0.05625
3 0.959375 0.7109375 0.028125 0.05
4 0.1421875 0.7125 0.025 0.03125
3 0.35 0.4375 0.034375 0.0609375
3 0.14375 0.8078125 0.0296875 0.05
9 0.778125 0.8171875 0.03125 0.0234375
1 0.109375 0.953125 0.0171875 0.034375
10 0.6 0.225 0.0390625 0.05
1 0.1078125 0.821875 0.0203125 0.0328125
1 0.15625 0.075 0.0203125 0.034375
2 0.4203125 0.9546875 0.021875 0.0390625
1 0.1078125 0.70625 0.01875 0.0328125
2 0.94375 0.721875 0.021875 0.0390625
11 0.4375 0.965625 0.028125 0.059375
11 0.240625 0.971875 0.0265625 0.0484375