3 0.64375 0.240625 0.0375 0.0453125
3 0.6359375 0.7375 0.0390625 0.0484375
4 0.2953125 0.4953125 0.028125 0.0328125
8 0.05 0.365625 0.028125 0.0453125
8 0.5 0.346875 0.03125 0.0546875
8 0.05 0.11875 0.0296875 0.046875
3 0.115625 0.5125 0.0359375 0.059375
4 0.190625 0.246875 0.028125 0.034375
1 0.0171875 0.240625 0.0234375 0.04375
3 0.0515625 0.2328125 0.0296875 0.0546875
3 0.80625 0.4921875 0.03125 0.0484375
8 0.296875 0.6 0.0296875 0.0515625
3 0.5078125 0.7421875 0.0375 0.0546875
3 0.1765625 0.50625 0.0328125 0.0546875
12 0.5875 0.6 0.0265625 0.0421875
8 0.690625 0.8609375 0.03125 0.0484375
8 0.05 0.84375 0.03125 0.053125
8 0.50625 0.1 0.03125 0.0546875
1 0.0171875 0.609375 0.0203125 0.0390625
3 0.0515625 0.59375 0.0296875 0.05
3 0.2359375 0.496875 0.03125 0.0515625
11 0.24375 0.753125 0.0296875 0.0484375
3 0.809375 0.7453125 0.0296875 0.0484375
8 0.24375 0.846875 0.0296875 0.0515625
12 0.5875 0.49375 0.0265625 0.04375
3 0.453125 0.75 0.028125 0.05
3 0.11875 0.24375 0.0359375 0.0515625
4 0.05 0.496875 0.025 0.03125
11 0.709375 0.2375 0.03125 0.0453125
11 0.053125 0.7375 0.0296875 0.05
8 0.453125 0.8625 0.028125 0.046875
8 0.7453125 0.103125 0.03125 0.053125
4 0.5703125 0.74375 0.028125 0.034375
8 0.70625 0.353125 0.0296875 0.053125
4 0.6859375 0.496875 0.034375 0.03125
3 0.7515625 0.49375 0.0328125 0.053125
8 0.334375 0.1171875 0.03125 0.0484375
3 0.69375 0.740625 0.03125 0.0515625
12 0.171875 0.603125 0.0265625 0.0390625
12 0.815625 0.246875 0.0265625 0.0421875
8 0.33125 0.36875 0.0296875 0.046875
8 0.33125 0.225 0.0296875 0.0578125
9 0.6859375 0.6015625 0.028125 0.021875
11 0.496875 0.5078125 0.0296875 0.0515625
3 0.871875 0.740625 0.028125 0.05
3 0.2625 0.225 0.0296875 0.05625
11 0.49375 0.6171875 0.028125 0.04375
4 0.1125 0.603125 0.025 0.0328125
1 0.015625 0.359375 0.0203125 0.034375
3 0.753125 0.746875 0.0296875 0.0515625
3 0.871875 0.496875 0.028125 0.0484375
11 0.3421875 0.75 0.0234375 0.0515625
10 0.5046875 0.259375 0.0375 0.0484375
1 0.015625 0.1078125 0.021875 0.0375
10 0.3625 0.50625 0.034375 0.0515625
1 0.015625 0.85 0.0203125 0.0359375
2 0.85625 0.7515625 0.0203125 0.0328125
1 0.015625 0.490625 0.0203125 0.0359375
1 0.015625 0.740625 0.01875 0.034375
11 0.146875 0.759375 0.021875 0.0390625