0 0.1 0.01875 0.0375 0.0375
0 0.05625 0.765625 0.0359375 0.0453125
3 0.328125 0.16875 0.0328125 0.0515625
14 0.05625 0.165625 0.0375 0.078125
3 0.7015625 0.903125 0.0359375 0.0453125
14 0.05625 0.41875 0.0375 0.0765625
0 0.0546875 0.515625 0.0359375 0.046875
0 0.05625 0.26875 0.0359375 0.046875
14 0.0546875 0.665625 0.034375 0.0765625
14 0.053125 0.915625 0.03125 0.0765625
3 0.70625 0.403125 0.0359375 0.0453125
8 0.1125 0.53125 0.028125 0.046875
1 0.078125 0.15625 0.021875 0.040625
3 0.1140625 0.15 0.0359375 0.05625
3 0.8140625 0.90625 0.0328125 0.0578125
8 0.1796875 0.03125 0.0265625 0.046875
3 0.2375 0.66875 0.034375 0.053125
8 0.390625 0.5328125 0.0296875 0.0484375
8 0.396875 0.1671875 0.0296875 0.0484375
8 0.1125 0.28125 0.028125 0.046875
3 0.515625 0.9109375 0.028125 0.0515625
8 0.5625 0.509375 0.0296875 0.0515625
8 0.3578125 0.7640625 0.0296875 0.0515625
12 0.653125 0.6578125 0.0265625 0.0421875
3 0.18125 0.6765625 0.0375 0.059375
8 0.815625 0.153125 0.0296875 0.0453125
4 0.63125 0.9109375 0.0265625 0.0328125
3 0.5703125 0.903125 0.0375 0.0546875
8 0.39375 0.2875 0.0328125 0.046875
12 0.653125 0.765625 0.0265625 0.04375
3 0.296875 0.6625 0.0328125 0.0515625
4 0.7515625 0.6609375 0.028125 0.0328125
3 0.8140625 0.6609375 0.0328125 0.0546875
3 0.7578125 0.9 0.0296875 0.0484375
3 0.7328125 0.15625 0.0390625 0.0453125
8 0.8125 0.265625 0.03125 0.0515625
8 0.44375 0.03125 0.0296875 0.0484375
1 0.125 0.01875 0.01875 0.0375
12 0.878125 0.4109375 0.0265625 0.0421875
8 0.56875 0.2609375 0.0296875 0.0546875
3 0.1125 0.759375 0.0296875 0.0515625
3 0.875 0.659375 0.0328125 0.05
8 0.3921875 0.3875 0.028125 0.059375
11 0.771875 0.40625 0.03125 0.04375
11 0.115625 0.903125 0.0265625 0.0515625
11 0.559375 0.671875 0.03125 0.05
11 0.30625 0.91875 0.0296875 0.0484375
12 0.234375 0.765625 0.0265625 0.0390625
3 0.875 0.9046875 0.0296875 0.0515625
1 0.08125 0.40625 0.01875 0.0359375
3 0.115625 0.4 0.0359375 0.0546875
11 0.403125 0.9171875 0.03125 0.0484375
3 0.325 0.3875 0.03125 0.0578125
8 0.76875 0.51875 0.03125 0.0515625
4 0.35625 0.6625 0.0265625 0.0328125
4 0.25625 0.1640625 0.0296875 0.034375
3 0.18125 0.1578125 0.0375 0.053125
3 0.184375 0.409375 0.0359375 0.0546875
3 0.93125 0.659375 0.0265625 0.0484375
4 0.175 0.7703125 0.0265625 0.03125
11 0.55625 0.78125 0.0265625 0.04375
10 0.4265625 0.665625 0.0359375 0.0515625
3 0.93125 0.90625 0.025 0.0484375
1 0.0796875 0.6546875 0.0203125 0.040625
4 0.1125 0.6625 0.025 0.0328125
4 0.253125 0.4125 0.028125 0.03125
2 0.91875 0.921875 0.0203125 0.034375
1 0.078125 0.525 0.01875 0.034375
9 0.7484375 0.765625 0.03125 0.021875
10 0.565625 0.421875 0.0359375 0.0484375
1 0.078125 0.2734375 0.01875 0.034375
10 0.571875 0.171875 0.0359375 0.05
1 0.078125 0.76875 0.01875 0.034375
1 0.078125 0.903125 0.01875 0.0359375
11 0.2109375 0.91875 0.03125 0.0453125