0 0.0421875 0.221875 0.0359375 0.046875
3 0.7 0.090625 0.0375 0.0453125
3 0.6484375 0.6078125 0.0375 0.046875
8 0.121875 0.2375 0.025 0.046875
12 0.175 0.971875 0.0265625 0.040625
1 0.021875 0.359375 0.0234375 0.04375
3 0.05625 0.3546875 0.03125 0.053125
3 0.121875 0.3625 0.0375 0.053125
8 0.3375 0.371875 0.0296875 0.0484375
3 0.675 0.359375 0.0375 0.046875
4 0.253125 0.1 0.028125 0.03125
3 0.121875 0.88125 0.0359375 0.05625
1 0.021875 0.609375 0.028125 0.034375
3 0.05625 0.6015625 0.0328125 0.0546875
1 0.021875 0.4765625 0.021875 0.0390625
8 0.05625 0.4875 0.0296875 0.0484375
4 0.0546875 0.865625 0.025 0.0328125
14 0.04375 0.103125 0.0328125 0.0796875
8 0.3390625 0.4859375 0.0296875 0.0484375
8 0.05625 0.734375 0.0296875 0.046875
8 0.753125 0.359375 0.0296875 0.0453125
3 0.240625 0.86875 0.03125 0.0515625
8 0.3859375 0.2390625 0.0296875 0.046875
8 0.3359375 0.734375 0.03125 0.046875
3 0.184375 0.875 0.0328125 0.05625
8 0.384375 0.103125 0.028125 0.0484375
8 0.75 0.4703125 0.03125 0.053125
3 0.75625 0.865625 0.0328125 0.0578125
8 0.509375 0.465625 0.03125 0.05
3 0.121875 0.609375 0.0375 0.0515625
3 0.26875 0.3734375 0.03125 0.0515625
8 0.76875 0.221875 0.0296875 0.053125
8 0.5453125 0.21875 0.028125 0.05
11 0.5015625 0.8765625 0.03125 0.053125
11 0.7140625 0.6078125 0.0296875 0.04375
3 0.1875 0.096875 0.0328125 0.0515625
8 0.3359375 0.5953125 0.0328125 0.0578125
3 0.1234375 0.0875 0.028125 0.0484375
3 0.815625 0.8625 0.0296875 0.05
3 0.05625 0.9640625 0.0296875 0.0484375
3 0.321875 0.103125 0.0296875 0.0515625
4 0.19375 0.615625 0.0296875 0.0328125
8 0.7125 0.71875 0.03125 0.0515625
8 0.5046875 0.7171875 0.0296875 0.0515625
8 0.7703125 0.0921875 0.028125 0.0453125
12 0.59375 0.971875 0.0265625 0.0421875
4 0.3 0.8625 0.0265625 0.03125
12 0.821875 0.6125 0.028125 0.0421875
10 0.55 0.1109375 0.0375 0.0484375
11 0.4984375 0.98125 0.028125 0.0359375
12 0.59375 0.8640625 0.0265625 0.040625
8 0.3 0.965625 0.028125 0.0515625
3 0.875 0.8625 0.03125 0.0515625
3 0.265625 0.5921875 0.0359375 0.0546875
4 0.115625 0.975 0.0265625 0.034375
4 0.1953125 0.365625 0.0296875 0.0328125
9 0.690625 0.971875 0.03125 0.0234375
10 0.5125 0.628125 0.040625 0.0484375
10 0.3671875 0.86875 0.0359375 0.0515625
1 0.06875 0.09375 0.0203125 0.0390625
1 0.06875 0.228125 0.01875 0.0328125
10 0.51875 0.375 0.0375 0.05
4 0.690625 0.8609375 0.0265625 0.0328125
1 0.0203125 0.728125 0.021875 0.034375
1 0.021875 0.859375 0.0203125 0.034375
3 0.1203125 0.1390625 0.0296875 0.0328125
1 0.021875 0.978125 0.0203125 0.0359375