0 0.10625 0.84375 0.0359375 0.046875
0 0.15625 0.096875 0.034375 0.046875
3 0.38125 0.24375 0.0328125 0.0515625
14 0.109375 0.740625 0.034375 0.078125
3 0.23125 0.759375 0.034375 0.05625
8 0.2328125 0.1125 0.0265625 0.046875
3 0.784375 0.234375 0.0390625 0.046875
1 0.134375 0.484375 0.021875 0.034375
3 0.1671875 0.478125 0.0328125 0.05625
8 0.165625 0.359375 0.028125 0.046875
3 0.165625 0.8359375 0.0296875 0.0484375
8 0.45 0.2484375 0.0296875 0.0484375
3 0.759375 0.484375 0.0390625 0.0453125
0 0.10625 0.5953125 0.034375 0.04375
3 0.296875 0.753125 0.03125 0.0546875
1 0.1328125 0.734375 0.01875 0.0375
4 0.165625 0.7375 0.025 0.0328125
8 0.165625 0.6109375 0.0265625 0.0484375
12 0.2875 0.84375 0.025 0.040625
11 0.6109375 0.753125 0.0296875 0.0515625
3 0.35 0.740625 0.03125 0.0515625
4 0.228125 0.846875 0.025 0.0328125
8 0.446875 0.609375 0.0296875 0.0484375
1 0.13125 0.234375 0.0171875 0.0375
3 0.1671875 0.225 0.0328125 0.0546875
14 0.109375 0.49375 0.034375 0.078125
3 0.86875 0.74375 0.034375 0.0546875
8 0.615625 0.590625 0.0296875 0.0515625
8 0.496875 0.1125 0.0296875 0.046875
8 0.8609375 0.34375 0.0328125 0.053125
8 0.45 0.3625 0.03125 0.0484375
8 0.446875 0.46875 0.0296875 0.0625
8 0.86875 0.2328125 0.0296875 0.0453125
8 0.4109375 0.840625 0.0296875 0.0515625
3 0.928125 0.7359375 0.0296875 0.0484375
8 0.81875 0.590625 0.03125 0.0515625
3 0.234375 0.2375 0.0375 0.05625
8 0.6203125 0.3390625 0.03125 0.0515625
14 0.109375 0.24375 0.0359375 0.0765625
8 0.878125 0.096875 0.0296875 0.053125
0 0.1078125 0.346875 0.0375 0.046875
4 0.30625 0.240625 0.028125 0.0359375
12 0.70625 0.84375 0.0265625 0.04375
12 0.7046875 0.7359375 0.025 0.040625
3 0.2328125 0.484375 0.0359375 0.0546875
3 0.9859375 0.7375 0.028125 0.05
8 0.6546875 0.09375 0.028125 0.053125
4 0.303125 0.4921875 0.028125 0.0328125
4 0.4109375 0.7390625 0.0234375 0.03125
12 0.93125 0.4890625 0.0265625 0.0421875
3 0.378125 0.46875 0.03125 0.0609375
11 0.609375 0.859375 0.0265625 0.04375
10 0.478125 0.746875 0.0359375 0.0484375
11 0.825 0.484375 0.028125 0.04375
9 0.8015625 0.84375 0.03125 0.021875
1 0.13125 0.853125 0.01875 0.0328125
1 0.1796875 0.103125 0.0203125 0.0359375
10 0.61875 0.503125 0.0375 0.0484375
10 0.625 0.253125 0.0375 0.0484375
1 0.13125 0.603125 0.0203125 0.03125
1 0.13046875 0.98359375 0.0203125 0.0328125
4 0.8 0.7375 0.025 0.03125
1 0.13125 0.3515625 0.0203125 0.0328125