8 0.1625 0.25625 0.0265625 0.046875
0 0.03125 0.4890625 0.034375 0.046875
3 0.6828125 0.628125 0.0390625 0.0453125
0 0.0796875 0.240625 0.034375 0.0453125
3 0.7140625 0.378125 0.0390625 0.0453125
0 0.03125 0.74375 0.0328125 0.0453125
4 0.23125 0.634375 0.028125 0.0328125
3 0.2203125 0.89375 0.0328125 0.053125
3 0.734375 0.109375 0.0375 0.0453125
4 0.3390625 0.8859375 0.025 0.0328125
3 0.15625 0.9 0.034375 0.05625
3 0.278125 0.8859375 0.03125 0.053125
3 0.85 0.88125 0.0296875 0.05
8 0.7921875 0.3734375 0.028125 0.0453125
14 0.084375 0.11875 0.0359375 0.0765625
8 0.378125 0.503125 0.0296875 0.0484375
8 0.375 0.75625 0.03125 0.046875
8 0.7890625 0.4875 0.03125 0.0546875
1 0.059375 0.4953125 0.0203125 0.0421875
8 0.090625 0.50625 0.028125 0.0484375
3 0.79375 0.884375 0.0328125 0.05625
3 0.1609375 0.63125 0.0375 0.0515625
8 0.378125 0.390625 0.028125 0.046875
8 0.5484375 0.484375 0.03125 0.053125
3 0.2234375 0.109375 0.034375 0.053125
8 0.425 0.25625 0.0296875 0.046875
4 0.290625 0.1171875 0.028125 0.03125
3 0.1609375 0.3796875 0.0375 0.053125
8 0.746875 0.7390625 0.0328125 0.0546875
8 0.8046875 0.109375 0.028125 0.0453125
8 0.54375 0.7375 0.0296875 0.0546875
8 0.578125 0.234375 0.028125 0.053125
3 0.303125 0.390625 0.03125 0.05
1 0.059375 0.746875 0.021875 0.0453125
8 0.090625 0.75625 0.028125 0.046875
11 0.540625 0.89375 0.0296875 0.05
8 0.803125 0.2390625 0.028125 0.053125
4 0.2328125 0.3875 0.028125 0.034375
8 0.4234375 0.1203125 0.0296875 0.0484375
1 0.059375 0.6296875 0.021875 0.0390625
3 0.0953125 0.61875 0.03125 0.053125
8 0.375 0.6125 0.03125 0.059375
10 0.40625 0.8890625 0.0359375 0.053125
3 0.915625 0.8828125 0.028125 0.0484375
1 0.059375 0.875 0.0203125 0.0421875
4 0.09375 0.884375 0.025 0.0328125
14 0.03125 0.8859375 0.034375 0.078125
3 0.3015625 0.6125 0.034375 0.0546875
3 0.35625 0.121875 0.0296875 0.0515625
14 0.034375 0.3890625 0.0375 0.078125
1 0.0578125 0.3765625 0.0203125 0.04375
3 0.0953125 0.371875 0.03125 0.0515625
12 0.85625 0.634375 0.0265625 0.040625
12 0.628125 0.88125 0.0265625 0.0421875
14 0.034375 0.6390625 0.0375 0.0765625
3 0.1609375 0.1046875 0.028125 0.0484375
1 0.1078125 0.1109375 0.0203125 0.0359375
11 0.7484375 0.6265625 0.0296875 0.04375
1 0.10625 0.2484375 0.0203125 0.0359375
10 0.5859375 0.13125 0.0375 0.05
3 0.09375 0.9796875 0.0328125 0.040625
9 0.7296875 0.9890625 0.03125 0.021875
4 0.728125 0.884375 0.025 0.0328125
10 0.546875 0.6484375 0.0375 0.0484375
10 0.5515625 0.396875 0.0390625 0.05