0 0.0359375 0.153125 0.0359375 0.0421875
14 0.0390625 0.034375 0.034375 0.06875
3 0.690625 0.021875 0.0390625 0.0421875
8 0.7484375 0.2859375 0.0296875 0.046875
8 0.7671875 0.021875 0.0296875 0.0421875
3 0.3125 0.03125 0.03125 0.0515625
3 0.671875 0.2875 0.0390625 0.046875
1 0.01875 0.659375 0.021875 0.034375
8 0.05 0.665625 0.0296875 0.0453125
8 0.5015625 0.64375 0.0296875 0.05
3 0.11875 0.290625 0.034375 0.0515625
8 0.334375 0.303125 0.028125 0.0484375
3 0.115625 0.809375 0.0359375 0.059375
1 0.01875 0.2875 0.0234375 0.0375
3 0.05 0.28125 0.0296875 0.053125
8 0.7625 0.15 0.0328125 0.053125
1 0.0171875 0.5390625 0.0234375 0.0359375
3 0.0515625 0.534375 0.03125 0.0546875
8 0.05 0.415625 0.0296875 0.0453125
3 0.265625 0.3 0.0296875 0.0484375
1 0.01875 0.90625 0.021875 0.04375
3 0.0515625 0.890625 0.0296875 0.0484375
12 0.5875 0.9 0.0265625 0.0421875
1 0.0625 0.159375 0.01875 0.03125
3 0.640625 0.540625 0.0375 0.046875
8 0.540625 0.146875 0.0296875 0.053125
8 0.2953125 0.896875 0.0296875 0.05
3 0.80625 0.79375 0.03125 0.0484375
8 0.50625 0.396875 0.0328125 0.0546875
11 0.49375 0.915625 0.0265625 0.04375
3 0.2625 0.5234375 0.0296875 0.0546875
12 0.5875 0.79375 0.0265625 0.0421875
3 0.2359375 0.7984375 0.03125 0.05
1 0.0171875 0.7890625 0.0265625 0.0359375
4 0.05 0.79375 0.025 0.03125
4 0.2953125 0.79375 0.028125 0.0328125
3 0.115625 0.540625 0.0328125 0.0515625
4 0.6859375 0.7921875 0.0265625 0.0328125
3 0.753125 0.79375 0.0328125 0.0515625
12 0.171875 0.9 0.0265625 0.0390625
8 0.38125 0.03125 0.028125 0.046875
12 0.815625 0.54375 0.0265625 0.0421875
8 0.746875 0.3984375 0.0328125 0.053125
3 0.1765625 0.80625 0.0296875 0.053125
8 0.33125 0.6640625 0.028125 0.0453125
11 0.496875 0.80625 0.0296875 0.053125
3 0.178125 0.025 0.0359375 0.0484375
8 0.334375 0.4171875 0.0296875 0.046875
8 0.70625 0.646875 0.0296875 0.0515625
8 0.38125 0.16875 0.0296875 0.0484375
8 0.1171875 0.16875 0.0265625 0.0453125
4 0.246875 0.025 0.028125 0.0328125
4 0.1890625 0.546875 0.0265625 0.034375
8 0.3296875 0.5265625 0.028125 0.0578125
11 0.709375 0.540625 0.0296875 0.046875
4 0.1125 0.9 0.025 0.03125
9 0.6859375 0.896875 0.028125 0.0234375
4 0.190625 0.296875 0.028125 0.0359375
3 0.871875 0.7921875 0.0296875 0.05
10 0.5078125 0.30625 0.0375 0.0484375
1 0.015625 0.4078125 0.0234375 0.0390625
10 0.5046875 0.55625 0.0375 0.0484375
10 0.5453125 0.040625 0.0390625 0.0515625
10 0.3625 0.8 0.0328125 0.05
1 0.0640625 0.021875 0.0203125 0.0359375