0 0.01875 0.628125 0.0359375 0.05
0 0.0171875 0.875 0.034375 0.0484375
0 0.0171875 0.1328125 0.034375 0.0484375
0 0.0171875 0.3796875 0.034375 0.046875
14 0.015625 0.03359375 0.03125 0.0671875
3 0.6625 0.7640625 0.0390625 0.046875
14 0.015625 0.525 0.03125 0.0796875
8 0.7765625 0.0203125 0.03125 0.040625
3 0.69609375 0.01875 0.0390625 0.0375
3 0.6671875 0.2671875 0.0390625 0.046875
14 0.015625 0.2796875 0.03125 0.078125
3 0.2875 0.03125 0.0296875 0.0515625
1 0.040625 0.51875 0.01875 0.04375
4 0.075 0.525 0.025 0.03125
14 0.015625 0.775 0.0296875 0.0796875
4 0.134375 0.63125 0.0265625 0.0328125
8 0.7171875 0.8859375 0.0296875 0.0484375
1 0.04375 0.26875 0.028125 0.0359375
3 0.075 0.2625 0.0359375 0.05625
8 0.525 0.3734375 0.03125 0.0546875
3 0.2625 0.5265625 0.0328125 0.0515625
8 0.075 0.39375 0.028125 0.046875
3 0.8375 0.525 0.03125 0.0515625
3 0.840625 0.7703125 0.0296875 0.05
4 0.596875 0.775 0.028125 0.0328125
3 0.478125 0.778125 0.0296875 0.05
3 0.2 0.534375 0.03125 0.05625
3 0.2859375 0.253125 0.03125 0.059375
8 0.26875 0.871875 0.03125 0.0515625
8 0.075 0.871875 0.028125 0.0515625
8 0.075 0.1453125 0.0296875 0.0484375
3 0.140625 0.025 0.040625 0.0484375
3 0.71875 0.7640625 0.03125 0.0484375
8 0.528125 0.1265625 0.03125 0.05625
3 0.7765625 0.771875 0.03125 0.0578125
3 0.1421875 0.540625 0.0359375 0.059375
12 0.1953125 0.63125 0.025 0.0375
4 0.321875 0.5234375 0.025 0.0328125
8 0.3234375 0.628125 0.0296875 0.0515625
8 0.353125 0.25625 0.0296875 0.0578125
8 0.35625 0.028125 0.028125 0.0484375
8 0.7734375 0.13125 0.0328125 0.053125
8 0.3578125 0.14375 0.03125 0.0484375
8 0.48125 0.8875 0.0265625 0.0453125
3 0.534375 0.7703125 0.0359375 0.0546875
12 0.6125 0.525 0.0234375 0.0390625
3 0.140625 0.26875 0.0375 0.053125
11 0.7328125 0.26875 0.03125 0.0453125
12 0.615625 0.6296875 0.025 0.040625
12 0.840625 0.2734375 0.0265625 0.0421875
8 0.7296875 0.378125 0.0296875 0.0515625
11 0.075 0.7671875 0.028125 0.0546875
11 0.26875 0.78125 0.03125 0.05
8 0.353125 0.3984375 0.028125 0.046875
3 0.775 0.521875 0.03125 0.0546875
11 0.5203125 0.534375 0.0296875 0.05
11 0.51875 0.6453125 0.0265625 0.04375
4 0.2171875 0.025 0.0296875 0.034375
10 0.3875 0.528125 0.03125 0.0515625
3 0.0734375 0.625 0.028125 0.0484375
4 0.215625 0.2765625 0.028125 0.03125
3 0.896875 0.7703125 0.0265625 0.0515625
11 0.36875 0.778125 0.03125 0.0515625
1 0.04375 0.3875 0.01875 0.034375
3 0.896875 0.5265625 0.0296875 0.0515625
1 0.04375 0.1375 0.0203125 0.0359375
10 0.5359375 0.034375 0.0359375 0.05
2 0.878125 0.78125 0.0203125 0.034375
4 0.7125 0.525 0.025 0.0296875
1 0.04375 0.88125 0.0203125 0.0359375
11 0.171875 0.784375 0.0296875 0.0453125
9 0.7125 0.628125 0.0296875 0.0234375
10 0.53125 0.290625 0.0375 0.05
1 0.04375 0.7671875 0.0203125 0.0390625
1 0.040625 0.6359375 0.0203125 0.0359375
1 0.04375 0.01875 0.0265625 0.0375