0 0.0359375 0.9359375 0.0359375 0.046875
0 0.0328125 0.6859375 0.0328125 0.0453125
0 0.08125 0.1875 0.0359375 0.046875
0 0.034375 0.440625 0.0328125 0.046875
4 0.340625 0.83125 0.0265625 0.0328125
8 0.1625 0.2015625 0.028125 0.046875
14 0.034375 0.834375 0.034375 0.078125
3 0.684375 0.571875 0.0390625 0.046875
3 0.1625 0.3265625 0.0375 0.0546875
3 0.221875 0.84375 0.03125 0.05625
14 0.08125 0.065625 0.0359375 0.078125
11 0.5421875 0.840625 0.028125 0.0515625
3 0.7359375 0.05625 0.0390625 0.0453125
4 0.234375 0.58125 0.028125 0.0328125
3 0.15625 0.85 0.0359375 0.05625
8 0.4265625 0.203125 0.03125 0.0484375
3 0.1625 0.578125 0.0375 0.0546875
1 0.059375 0.825 0.021875 0.046875
4 0.0953125 0.83125 0.025 0.03125
3 0.30625 0.3375 0.0296875 0.046875
8 0.378125 0.45 0.0296875 0.0484375
8 0.55 0.43125 0.03125 0.053125
8 0.340625 0.9328125 0.028125 0.0515625
8 0.79375 0.325 0.028125 0.046875
3 0.715625 0.325 0.0390625 0.046875
1 0.0609375 0.328125 0.0234375 0.0359375
3 0.096875 0.31875 0.03125 0.053125
8 0.746875 0.6859375 0.03125 0.0515625
8 0.375 0.703125 0.0296875 0.046875
12 0.215625 0.9359375 0.0265625 0.0390625
1 0.0625 0.575 0.021875 0.04375
3 0.096875 0.5671875 0.0296875 0.053125
8 0.546875 0.6796875 0.03125 0.0515625
1 0.10625 0.05625 0.021875 0.034375
3 0.1625 0.0515625 0.03125 0.0515625
8 0.58125 0.184375 0.028125 0.05
1 0.059375 0.4453125 0.0203125 0.0390625
8 0.0953125 0.4515625 0.028125 0.0484375
1 0.059375 0.69375 0.015625 0.0453125
8 0.0953125 0.7015625 0.0265625 0.046875
3 0.28125 0.83125 0.03125 0.0515625
12 0.634375 0.83125 0.025 0.040625
8 0.425 0.06875 0.0296875 0.0484375
8 0.378125 0.3375 0.0296875 0.0484375
8 0.8109375 0.05625 0.028125 0.0453125
4 0.290625 0.0625 0.028125 0.03125
8 0.8078125 0.1875 0.028125 0.053125
8 0.790625 0.434375 0.03125 0.053125
3 0.853125 0.828125 0.0296875 0.05
14 0.034375 0.5828125 0.0359375 0.0765625
11 0.75 0.571875 0.03125 0.04375
12 0.8578125 0.58125 0.025 0.0390625
3 0.79375 0.828125 0.03125 0.0546875
14 0.034375 0.3375 0.034375 0.078125
3 0.35625 0.06875 0.03125 0.0515625
3 0.225 0.0578125 0.0359375 0.053125
10 0.409375 0.840625 0.034375 0.05
12 0.634375 0.93125 0.0265625 0.040625
4 0.15625 0.9375 0.025 0.0328125
3 0.9140625 0.825 0.0265625 0.0484375
4 0.234375 0.334375 0.028125 0.0328125
11 0.540625 0.95 0.0265625 0.0453125
8 0.375 0.559375 0.03125 0.059375
3 0.096875 0.928125 0.028125 0.0484375
10 0.584375 0.078125 0.0375 0.05
3 0.3078125 0.559375 0.0296875 0.0546875
4 0.728125 0.83125 0.0265625 0.03125
10 0.553125 0.34375 0.0390625 0.05
1 0.109375 0.196875 0.0203125 0.034375
10 0.55 0.5921875 0.0390625 0.0484375
1 0.0625 0.940625 0.0203125 0.0328125
9 0.73125 0.934375 0.03125 0.025