0 0.084375 0.7796875 0.0375 0.046875
14 0.084375 0.43125 0.0375 0.078125
14 0.084375 0.678125 0.0359375 0.0796875
14 0.084375 0.928125 0.034375 0.0796875
0 0.084375 0.53125 0.0359375 0.04375
3 0.7671875 0.16875 0.040625 0.0453125
3 0.7375 0.41875 0.0390625 0.046875
0 0.0890625 0.2875 0.0359375 0.0453125
14 0.084375 0.18125 0.0375 0.078125
3 0.7328125 0.91875 0.0390625 0.046875
4 0.284375 0.428125 0.028125 0.0328125
4 0.146875 0.675 0.025 0.0328125
11 0.15 0.91875 0.028125 0.0515625
8 0.603125 0.2765625 0.03125 0.0546875
8 0.475 0.0484375 0.0296875 0.046875
3 0.35625 0.18125 0.03125 0.05
0 0.1359375 0.03125 0.0359375 0.046875
3 0.2109375 0.69375 0.0375 0.0578125
8 0.428125 0.546875 0.0296875 0.0484375
3 0.9046875 0.91875 0.0296875 0.053125
8 0.85 0.165625 0.0296875 0.046875
8 0.146875 0.296875 0.028125 0.046875
8 0.8 0.53125 0.03125 0.0515625
8 0.43125 0.296875 0.0296875 0.046875
12 0.6828125 0.7796875 0.0265625 0.0390625
12 0.909375 0.4265625 0.025 0.0390625
3 0.903125 0.675 0.0296875 0.0484375
4 0.665625 0.9265625 0.0265625 0.03125
8 0.6328125 0.028125 0.03125 0.0515625
11 0.340625 0.9328125 0.0296875 0.05
3 0.8515625 0.921875 0.0328125 0.0578125
8 0.596875 0.528125 0.03125 0.0515625
3 0.26875 0.6828125 0.03125 0.0578125
3 0.5515625 0.928125 0.03125 0.0515625
1 0.1125 0.5359375 0.015625 0.04375
8 0.146875 0.546875 0.025 0.0453125
8 0.43125 0.1828125 0.0296875 0.046875
8 0.846875 0.284375 0.03125 0.053125
3 0.2125 0.171875 0.040625 0.053125
3 0.6046875 0.921875 0.034375 0.053125
8 0.215625 0.0484375 0.0265625 0.0453125
8 0.428125 0.403125 0.0328125 0.059375
8 0.3890625 0.778125 0.028125 0.05
11 0.59375 0.6875 0.028125 0.05
3 0.2125 0.425 0.0375 0.053125
8 0.859375 0.03125 0.03125 0.05625
12 0.26875 0.7796875 0.0265625 0.0390625
1 0.1125 0.4203125 0.0203125 0.040625
3 0.15 0.4140625 0.0328125 0.0546875
12 0.6828125 0.675 0.025 0.040625
3 0.33125 0.678125 0.03125 0.0515625
1 0.1125 0.171875 0.021875 0.040625
3 0.1484375 0.1625 0.0328125 0.053125
4 0.78125 0.675 0.028125 0.0375
3 0.85 0.675 0.034375 0.05625
4 0.390625 0.675 0.0265625 0.0328125
3 0.96875 0.675 0.028125 0.05
4 0.2875 0.178125 0.028125 0.0328125
10 0.459375 0.68125 0.0359375 0.05
3 0.9703125 0.9203125 0.0265625 0.053125
3 0.7890625 0.915625 0.034375 0.0515625
2 0.95 0.9328125 0.01875 0.0390625
11 0.590625 0.7984375 0.0265625 0.04375
11 0.8 0.421875 0.0296875 0.046875
3 0.146875 0.775 0.0296875 0.05
4 0.2078125 0.7828125 0.025 0.0328125
3 0.35625 0.403125 0.0296875 0.0578125
10 0.596875 0.4390625 0.0390625 0.05
1 0.1125 0.671875 0.021875 0.0359375
1 0.159375 0.0375 0.01875 0.0421875
1 0.1125 0.784375 0.0203125 0.0375
11 0.2421875 0.9375 0.0265625 0.0453125
9 0.78125 0.7796875 0.028125 0.021875
10 0.60625 0.190625 0.0390625 0.05
1 0.1140625 0.921875 0.0203125 0.0390625
1 0.1125 0.2890625 0.0203125 0.0328125
11 0.4390625 0.934375 0.028125 0.0453125