14 0.984375 0.084375 0.03125 0.0546875
14 0.98671875 0.23515625 0.0265625 0.0546875
14 0.984375 0.3890625 0.03125 0.0546875
14 0.984375 0.540625 0.0296875 0.0578125
14 0.98671875 0.69140625 0.0265625 0.0546875
14 0.984375 0.840625 0.0296875 0.0578125
0 0.984375 0.896875 0.03125 0.03125
0 0.98671875 0.740625 0.0265625 0.028125
0 0.984375 0.590625 0.0296875 0.0296875
0 0.984375 0.440625 0.03125 0.0296875
0 0.984375 0.290625 0.0296875 0.0296875
0 0.984375 0.1375 0.03125 0.0328125
14 0.99921875 0.23515625 0.0015625 0.0546875
14 0.99921875 0.69140625 0.0015625 0.0546875
0 0.99921875 0.740625 0.0015625 0.028125