0 0.178125 0.3859375 0.0703125 0.06875
8 0.2546875 0.3796875 0.05 0.0578125
8 0.475 0.384375 0.05 0.06875
8 0.696875 0.390625 0.0546875 0.0609375
8 0.90625 0.39375 0.04375 0.0640625
14 0.1828125 0.2671875 0.06875 0.1015625
11 0.259375 0.2578125 0.05625 0.0640625
3 0.4109375 0.2578125 0.040625 0.071875
11 0.478125 0.265625 0.0421875 0.0703125
11 0.56875 0.2578125 0.05 0.06875
11 0.696875 0.271875 0.04375 0.059375
3 0.84375 0.265625 0.0453125 0.059375
11 0.9140625 0.253125 0.046875 0.0609375
0 0.259375 0.034375 0.06875 0.0640625
3 0.3546875 0.25 0.04375 0.0671875
3 0.790625 0.265625 0.0453125 0.06875