8 0.3125 0.153125 0.0546875 0.065625
8 0.1109375 0.1375 0.059375 0.065625
8 0.503125 0.1375 0.040625 0.0671875
8 0.703125 0.1359375 0.0484375 0.0640625
8 0.81875 0.146875 0.0453125 0.059375
3 0.6140625 0.025 0.05625 0.05
3 0.6046875 0.3734375 0.0578125 0.059375
8 0.040625 0.50625 0.046875 0.059375
8 0.259375 0.4953125 0.0453125 0.0609375
8 0.465625 0.5 0.0453125 0.0640625
5 0.69375 0.3703125 0.0484375 0.0375
5 0.6921875 0.50625 0.0390625 0.0328125
11 0.040625 0.365625 0.0421875 0.053125
11 0.1359375 0.384375 0.04375 0.05625
11 0.2578125 0.371875 0.04375 0.0609375
11 0.35625 0.375 0.0421875 0.065625
10 0.475 0.3796875 0.053125 0.06875