10 0.796875 0.384375 0.0609375 0.06875
8 0.034375 0.1484375 0.0421875 0.0609375
8 0.2375 0.146875 0.04375 0.0640625
8 0.4375 0.15 0.04375 0.0609375
8 0.640625 0.1609375 0.046875 0.06875
8 0.825 0.146875 0.05 0.071875
8 0.153125 0.515625 0.046875 0.0640625
8 0.365625 0.5125 0.04375 0.0578125
8 0.58125 0.5046875 0.05 0.0578125
8 0.790625 0.5078125 0.0359375 0.071875
11 0.684375 0.3859375 0.0453125 0.071875
11 0.58125 0.3828125 0.046875 0.06875
11 0.4625 0.3921875 0.046875 0.059375
3 0.3 0.390625 0.0453125 0.0609375
11 0.36875 0.3765625 0.0484375 0.059375
11 0.153125 0.39375 0.05625 0.059375
11 0.03125 0.3765625 0.04375 0.0625
3 0.93125 0.3796875 0.05 0.0609375
3 0.940625 0.0328125 0.05625 0.05625
3 0.2453125 0.390625 0.0375 0.06875