8 0.353125 0.38125 0.046875 0.0703125
8 0.140625 0.38125 0.053125 0.0640625
8 0.575 0.365625 0.0546875 0.0640625
8 0.778125 0.375 0.046875 0.0609375
11 0.1359375 0.2578125 0.04375 0.0609375
3 0.2859375 0.25625 0.046875 0.0609375
11 0.353125 0.2375 0.0453125 0.0640625
11 0.440625 0.259375 0.046875 0.05625
11 0.5671875 0.24375 0.04375 0.065625
11 0.665625 0.2453125 0.0453125 0.06875
10 0.778125 0.25 0.0671875 0.071875
3 0.915625 0.24375 0.05625 0.05625
8 0.6234375 0.0265625 0.0375 0.053125
3 0.23125 0.253125 0.0375 0.0640625