0 0.09375 0.2125 0.065625 0.05625
8 0.171875 0.20625 0.0453125 0.0609375
8 0.384375 0.2125 0.0390625 0.0703125
8 0.615625 0.221875 0.04375 0.0640625
8 0.821875 0.21875 0.040625 0.0609375
14 0.09375 0.09375 0.0609375 0.1
11 0.171875 0.0875 0.046875 0.0515625
3 0.325 0.084375 0.0421875 0.0625
11 0.390625 0.096875 0.04375 0.065625
11 0.484375 0.0890625 0.046875 0.0640625
11 0.6140625 0.1 0.04375 0.0609375
3 0.765625 0.096875 0.0421875 0.0609375
11 0.828125 0.084375 0.0421875 0.0640625
11 0.915625 0.1 0.0328125 0.059375
3 0.26875 0.08125 0.046875 0.0609375
3 0.70625 0.09375 0.0453125 0.0640625