5 0.8203125 0.03125 0.025 0.021875
0 0.0453125 0.1375 0.0375 0.046875
3 0.78125 0.55625 0.025 0.04375
3 0.1203125 0.5484375 0.0234375 0.0515625
5 0.70625 0.8890625 0.0234375 0.021875
3 0.1515625 0.546875 0.025 0.05
3 0.1203125 0.3 0.025 0.05
3 0.334375 0.284375 0.0234375 0.046875
3 0.721875 0.303125 0.0234375 0.046875
8 0.4265625 0.1390625 0.0265625 0.046875
3 0.334375 0.5375 0.025 0.0484375
11 0.4265625 0.0375 0.0296875 0.0484375
3 0.7234375 0.55625 0.021875 0.04375
3 0.678125 0.040625 0.028125 0.0453125
8 0.184375 0.9078125 0.028125 0.046875
3 0.3921875 0.53125 0.025 0.0515625
3 0.828125 0.55625 0.028125 0.046875
14 0.0453125 0.546875 0.0375 0.075
11 0.1375 0.021875 0.0296875 0.04375
3 0.7515625 0.30625 0.0234375 0.046875
3 0.665625 0.271875 0.0234375 0.053125
3 0.753125 0.55625 0.021875 0.0421875
13 0.178125 0.29375 0.021875 0.046875
0 0.046875 0.896875 0.0359375 0.0453125
3 0.36875 0.78125 0.0234375 0.0515625
14 0.0484375 0.034375 0.0375 0.06875
8 0.575 0.9078125 0.0265625 0.046875
3 0.3921875 0.28125 0.025 0.053125
3 0.8296875 0.2875 0.03125 0.05
13 0.178125 0.546875 0.0203125 0.046875
13 0.509375 0.025 0.0265625 0.05
3 0.384375 0.0390625 0.028125 0.05
8 0.0859375 0.89375 0.0265625 0.05
8 0.575 0.403125 0.028125 0.0484375
14 0.0453125 0.79375 0.0375 0.075
13 0.484375 0.03125 0.028125 0.053125
3 0.69375 0.3 0.0234375 0.0515625
8 0.71875 0.15 0.0234375 0.046875
8 0.0859375 0.1453125 0.028125 0.0484375
8 0.421875 0.896875 0.0265625 0.0484375
3 0.540625 0.0234375 0.0265625 0.046875
3 0.153125 0.2953125 0.025 0.0484375
8 0.69375 0.6484375 0.0265625 0.0484375
8 0.475 0.89375 0.0265625 0.05
8 0.6921875 0.4 0.0265625 0.0484375
3 0.4890625 0.53125 0.0234375 0.05
5 0.33125 0.378125 0.025 0.0203125
3 0.3609375 0.5359375 0.0234375 0.0484375
3 0.778125 0.30625 0.025 0.04375
14 0.046875 0.29375 0.0390625 0.078125
8 0.575 0.65 0.028125 0.0484375
3 0.665625 0.525 0.0234375 0.0546875
3 0.13125 0.8046875 0.021875 0.05
3 0.3609375 0.2875 0.021875 0.046875
13 0.425 0.534375 0.0234375 0.05
13 0.8765625 0.290625 0.0265625 0.0515625
8 0.31875 0.9046875 0.025 0.0484375
8 0.715625 0.040625 0.0265625 0.04375
11 0.190625 0.0375 0.028125 0.0484375
3 0.69375 0.553125 0.0234375 0.05
5 0.33125 0.6265625 0.0234375 0.0203125
11 0.2453125 0.025 0.028125 0.0484375
8 0.1984375 0.13125 0.0296875 0.0484375
3 0.0921875 0.55 0.0265625 0.05
3 0.209375 0.8 0.021875 0.0484375
5 0.846875 0.884375 0.0234375 0.021875
3 0.3171875 0.7984375 0.0234375 0.0609375
0 0.046875 0.6453125 0.0359375 0.04375
0 0.046875 0.39375 0.0359375 0.0453125
13 0.425 0.28125 0.0234375 0.0515625
11 0.278125 0.540625 0.025 0.0484375
3 0.6375 0.5234375 0.021875 0.0484375
3 0.946875 0.784375 0.0234375 0.0515625
11 0.278125 0.2875 0.0265625 0.046875
13 0.390625 0.7875 0.021875 0.05625
3 0.21875 0.5484375 0.021875 0.0484375
3 0.6375 0.2734375 0.0234375 0.0484375
3 0.24375 0.29375 0.0234375 0.046875
3 0.4890625 0.278125 0.0234375 0.05
13 0.2 0.296875 0.021875 0.046875
3 0.2453125 0.54375 0.0234375 0.046875
3 0.109375 0.8015625 0.021875 0.0453125
3 0.596875 0.7984375 0.021875 0.0484375
3 0.23125 0.796875 0.0234375 0.046875
3 0.3421875 0.8078125 0.021875 0.04375
4 0.575 0.2921875 0.0234375 0.03125
7 0.85 0.796875 0.034375 0.0515625
10 0.60625 0.1421875 0.0359375 0.05
5 0.828125 0.6515625 0.025 0.021875
3 0.61875 0.796875 0.021875 0.0484375
5 0.821875 0.121875 0.025 0.021875
3 0.5203125 0.8046875 0.0203125 0.05
3 0.0921875 0.29375 0.0265625 0.05
13 0.2 0.5484375 0.0203125 0.0484375
5 0.825 0.4 0.025 0.021875
10 0.3171875 0.03125 0.034375 0.0515625
11 0.515625 0.55 0.0265625 0.046875
3 0.5 0.803125 0.021875 0.04375
13 0.871875 0.553125 0.028125 0.0515625
3 0.21875 0.296875 0.025 0.046875
7 0.9015625 0.55 0.03125 0.046875
11 0.515625 0.296875 0.0265625 0.046875
3 0.459375 0.534375 0.0234375 0.053125
13 0.4390625 0.5375 0.021875 0.0484375
13 0.903125 0.79375 0.0234375 0.0515625
10 0.603125 0.028125 0.0359375 0.053125
13 0.253125 0.7953125 0.01875 0.05
3 0.0875 0.803125 0.021875 0.05
3 0.3828125 0.1375 0.0234375 0.0484375
13 0.64375 0.79375 0.0203125 0.05
3 0.478125 0.8 0.0234375 0.046875
3 0.459375 0.284375 0.0234375 0.053125
5 0.090625 0.653125 0.0265625 0.021875
12 0.0875 0.028125 0.021875 0.0359375
4 0.575 0.5453125 0.0234375 0.0296875
11 0.7390625 0.79375 0.0203125 0.0453125
4 0.765625 0.7953125 0.0203125 0.040625
13 0.925 0.790625 0.0234375 0.0515625
5 0.090625 0.4 0.0265625 0.021875
3 0.678125 0.15 0.028125 0.0484375
13 0.15625 0.803125 0.0171875 0.046875
13 0.4390625 0.2828125 0.021875 0.0515625
7 0.90625 0.3 0.03125 0.0484375
3 0.60625 0.28125 0.03125 0.0765625
13 0.54375 0.8046875 0.01875 0.05
3 0.60625 0.5328125 0.03125 0.071875
13 0.65625 0.79375 0.0234375 0.05
10 0.315625 0.1390625 0.034375 0.0484375
13 0.80625 0.79375 0.025 0.053125
3 0.184375 0.796875 0.021875 0.05
8 0.7046875 0.79375 0.0265625 0.0453125
13 0.403125 0.7875 0.0265625 0.05625
3 0.5734375 0.796875 0.0203125 0.05
13 0.784375 0.79375 0.028125 0.0578125