0 0.0140625 0.5453125 0.028125 0.046875
3 0.715625 0.9625 0.021875 0.04375
3 0.715625 0.7125 0.0234375 0.046875
3 0.628125 0.93125 0.0234375 0.0515625
0 0.015625 0.8 0.0296875 0.0453125
3 0.45 0.6875 0.0234375 0.0484375
3 0.45 0.9375 0.0234375 0.05
0 0.0578125 0.2875 0.0359375 0.046875
14 0.015625 0.953125 0.0296875 0.0796875
3 0.684375 0.7125 0.0234375 0.046875
3 0.79375 0.965625 0.0265625 0.0453125
3 0.6375 0.1921875 0.028125 0.0484375
3 0.08125 0.70625 0.0234375 0.05
3 0.0859375 0.9515625 0.0234375 0.05
8 0.409375 0.284375 0.0265625 0.046875
3 0.115625 0.70625 0.0234375 0.0515625
3 0.375 0.19375 0.028125 0.0484375
3 0.8390625 0.1734375 0.034375 0.0453125
3 0.628125 0.6828125 0.0234375 0.0515625
11 0.3875 0.4453125 0.0296875 0.046875
3 0.659375 0.9625 0.0234375 0.046875
3 0.35625 0.690625 0.0234375 0.053125
8 0.3890625 0.5453125 0.0265625 0.0484375
8 0.68125 0.5578125 0.025 0.04375
3 0.6578125 0.709375 0.0234375 0.05
3 0.35625 0.940625 0.0234375 0.0515625
8 0.11875 0.290625 0.0265625 0.0484375
3 0.115625 0.9578125 0.025 0.0515625
13 0.3859375 0.9421875 0.021875 0.05
3 0.640625 0.28125 0.0328125 0.04375
3 0.74375 0.9625 0.025 0.04375
11 0.11875 0.171875 0.025 0.0484375
8 0.159375 0.540625 0.0296875 0.046875
3 0.746875 0.7125 0.025 0.0421875
11 0.209375 0.190625 0.0265625 0.0484375
3 0.34375 0.446875 0.0296875 0.05
14 0.053125 0.184375 0.0328125 0.078125
14 0.015625 0.7015625 0.0296875 0.08125
11 0.409375 0.1890625 0.028125 0.0484375
11 0.1640625 0.184375 0.028125 0.05
3 0.6453125 0.4515625 0.0265625 0.046875
3 0.2125 0.7015625 0.0234375 0.0484375
3 0.3265625 0.940625 0.0234375 0.046875
8 0.8734375 0.171875 0.0265625 0.04375
8 0.053125 0.553125 0.028125 0.0484375
13 0.446875 0.4375 0.0265625 0.053125
3 0.296875 0.94375 0.0234375 0.046875
13 0.14375 0.7046875 0.021875 0.046875
5 0.784375 0.53125 0.0265625 0.0203125
8 0.675 0.28125 0.028125 0.04375
13 0.8390625 0.7 0.0265625 0.05
11 0.1578125 0.44375 0.028125 0.046875
3 0.79375 0.696875 0.03125 0.05
3 0.2125 0.953125 0.0234375 0.046875
3 0.6859375 0.9640625 0.021875 0.04375
8 0.6578125 0.80625 0.0265625 0.0484375
11 0.2125 0.434375 0.028125 0.0484375
11 0.25625 0.178125 0.028125 0.0484375
8 0.2125 0.28125 0.028125 0.046875
3 0.509375 0.175 0.0234375 0.053125
3 0.05 0.703125 0.025 0.05
8 0.540625 0.809375 0.0265625 0.046875
4 0.540625 0.7015625 0.0234375 0.028125
3 0.3265625 0.6921875 0.0234375 0.046875
11 0.3125 0.184375 0.034375 0.0515625
10 0.571875 0.184375 0.034375 0.0515625
3 0.05 0.959375 0.025 0.053125
8 0.871875 0.284375 0.025 0.0484375
3 0.503125 0.43125 0.0265625 0.053125
10 0.278125 0.4390625 0.034375 0.0515625
13 0.3859375 0.6921875 0.021875 0.05
4 0.540625 0.95 0.0234375 0.0296875
5 0.7875 0.8125 0.025 0.021875
13 0.4625 0.178125 0.0234375 0.05
8 0.68125 0.4484375 0.025 0.04375
3 0.6 0.9296875 0.0234375 0.0484375
13 0.8390625 0.9625 0.028125 0.0484375
3 0.1859375 0.7015625 0.021875 0.046875
8 0.6734375 0.190625 0.0265625 0.0453125
13 0.4734375 0.434375 0.0234375 0.0484375
3 0.1859375 0.959375 0.021875 0.0484375
11 0.1046875 0.428125 0.0296875 0.0515625
10 0.7703125 0.2953125 0.0359375 0.0453125
3 0.425 0.940625 0.021875 0.05
3 0.6015625 0.678125 0.0234375 0.05
11 0.240625 0.6984375 0.025 0.046875
14 0.0140625 0.4390625 0.028125 0.0796875
5 0.784375 0.440625 0.0265625 0.021875
13 0.1421875 0.959375 0.021875 0.05
10 0.56875 0.5515625 0.0359375 0.0515625
3 0.834375 0.284375 0.0265625 0.046875
13 0.4875 0.178125 0.021875 0.0515625
13 0.1625 0.70625 0.01875 0.05
13 0.4046875 0.9453125 0.0171875 0.05
11 0.240625 0.946875 0.025 0.046875
3 0.571875 0.940625 0.025 0.0703125
3 0.425 0.6921875 0.021875 0.0515625
3 0.296875 0.69375 0.025 0.0453125
3 0.571875 0.6875 0.0265625 0.0734375
11 0.48125 0.7078125 0.025 0.046875
13 0.403125 0.690625 0.01875 0.05
3 0.375 0.2859375 0.025 0.0453125
10 0.5734375 0.29375 0.0359375 0.0484375
13 0.1625 0.95625 0.021875 0.0484375
10 0.56875 0.440625 0.0375 0.05
10 0.771875 0.1921875 0.0359375 0.0453125
3 0.64375 0.5578125 0.0265625 0.05
5 0.053125 0.8109375 0.028125 0.0234375
10 0.315625 0.2875 0.0328125 0.0484375
11 0.478125 0.9609375 0.025 0.0453125
12 0.05 0.434375 0.0234375 0.0390625
3 0.3453125 0.54375 0.025 0.05
10 0.28125 0.546875 0.034375 0.05
7 0.871875 0.70625 0.0328125 0.05
5 0.29375 0.7875 0.021875 0.01875
7 0.86875 0.959375 0.03125 0.046875