14 0.0875 0.15625 0.0359375 0.0796875
0 0.0875 0.259375 0.0375 0.0484375
5 0.8609375 0.15625 0.028125 0.021875
5 0.8625 0.2421875 0.0265625 0.021875
3 0.765625 0.678125 0.021875 0.0421875
0 0.0875 0.7671875 0.0390625 0.046875
3 0.765625 0.4265625 0.021875 0.0453125
3 0.4359375 0.65625 0.025 0.05
3 0.8734375 0.678125 0.028125 0.0484375
0 0.090625 0.5203125 0.0390625 0.046875
3 0.721875 0.165625 0.0265625 0.0484375
3 0.425 0.1625 0.028125 0.0484375
3 0.190625 0.6703125 0.0265625 0.0515625
8 0.7609375 0.165625 0.0265625 0.04375
14 0.0875 0.915625 0.0390625 0.0796875
14 0.0875 0.66875 0.0390625 0.078125
3 0.678125 0.64375 0.0234375 0.0484375
3 0.709375 0.646875 0.0234375 0.05
14 0.0921875 0.41875 0.0390625 0.078125
3 0.821875 0.43125 0.0234375 0.04375
3 0.709375 0.39375 0.0234375 0.0515625
13 0.4625 0.65625 0.021875 0.0484375
3 0.4375 0.403125 0.0265625 0.0515625
8 0.465625 0.2609375 0.0265625 0.046875
3 0.13125 0.66875 0.025 0.053125
11 0.465625 0.159375 0.0296875 0.0484375
3 0.13125 0.421875 0.0265625 0.0515625
3 0.6765625 0.390625 0.0234375 0.0484375
3 0.1625 0.66875 0.025 0.0515625
3 0.790625 0.428125 0.0234375 0.046875
8 0.128125 0.265625 0.0265625 0.0484375
13 0.4625 0.403125 0.0234375 0.0484375
3 0.79375 0.6796875 0.0234375 0.0421875
3 0.8734375 0.4125 0.03125 0.05
3 0.8234375 0.6765625 0.0234375 0.0421875
13 0.946875 0.9171875 0.025 0.0515625
4 0.6171875 0.415625 0.0234375 0.03125
3 0.403125 0.65625 0.0234375 0.046875
3 0.53125 0.653125 0.0234375 0.0484375
3 0.190625 0.4171875 0.025 0.0515625
3 0.403125 0.4078125 0.0234375 0.046875
3 0.5015625 0.6546875 0.0203125 0.0484375
3 0.1625 0.4203125 0.0234375 0.0515625
7 0.89375 0.915625 0.0328125 0.0515625
3 0.2875 0.415625 0.0234375 0.0484375
11 0.2890625 0.146875 0.028125 0.0484375
8 0.7625 0.271875 0.0265625 0.0453125
3 0.53125 0.4 0.0234375 0.0484375
3 0.275 0.91875 0.0234375 0.046875
3 0.5171875 0.925 0.021875 0.046875
8 0.7375 0.521875 0.0265625 0.0484375
3 0.734375 0.425 0.0234375 0.05
11 0.234375 0.159375 0.028125 0.0484375
8 0.2359375 0.253125 0.0296875 0.046875
3 0.375 0.65625 0.0234375 0.0453125
8 0.61875 0.771875 0.028125 0.046875
11 0.184375 0.140625 0.028125 0.05
3 0.734375 0.675 0.0234375 0.05
8 0.734375 0.76875 0.028125 0.046875
13 0.2234375 0.671875 0.025 0.046875
8 0.61875 0.525 0.0265625 0.046875
3 0.578125 0.1453125 0.025 0.053125
3 0.2875 0.66875 0.0234375 0.0484375
13 0.91875 0.4140625 0.0265625 0.053125
5 0.86875 0.521875 0.025 0.0203125
3 0.5625 0.9265625 0.0234375 0.05
3 0.425 0.259375 0.028125 0.05
13 0.2234375 0.421875 0.025 0.0484375
3 0.409375 0.903125 0.0234375 0.053125
3 0.54375 0.921875 0.01875 0.0453125
3 0.5015625 0.403125 0.021875 0.05
13 0.525 0.153125 0.025 0.053125
3 0.6171875 0.9203125 0.015625 0.0484375
13 0.553125 0.146875 0.0234375 0.053125
10 0.35625 0.259375 0.0359375 0.05
13 0.5875 0.921875 0.0203125 0.0484375
3 0.375 0.40625 0.0234375 0.0453125
4 0.6171875 0.665625 0.0234375 0.03125
13 0.434375 0.909375 0.0203125 0.0515625
3 0.640625 0.91875 0.021875 0.046875
3 0.6625 0.91875 0.021875 0.0484375
5 0.871875 0.7734375 0.0234375 0.0234375
13 0.9109375 0.671875 0.0328125 0.05
11 0.5578125 0.671875 0.025 0.046875
11 0.5578125 0.4234375 0.025 0.046875
10 0.35625 0.15 0.0375 0.0515625
3 0.384375 0.93125 0.021875 0.04375
3 0.96875 0.9125 0.0203125 0.0484375
13 0.446875 0.90625 0.021875 0.0484375
10 0.65 0.2671875 0.0359375 0.0484375
3 0.259375 0.66875 0.0234375 0.05
3 0.175 0.9265625 0.0234375 0.05
3 0.721875 0.271875 0.025 0.0484375
11 0.3203125 0.409375 0.0265625 0.0484375
3 0.9890625 0.909375 0.021875 0.0515625
13 0.2375 0.6703125 0.021875 0.05
13 0.240625 0.41875 0.01875 0.05
3 0.35625 0.91875 0.0265625 0.0578125
13 0.684375 0.9125 0.01875 0.053125
3 0.259375 0.41875 0.0234375 0.05
3 0.23125 0.91875 0.0234375 0.05
11 0.3203125 0.6625 0.025 0.046875
13 0.846875 0.9125 0.028125 0.059375
5 0.375 0.5 0.0265625 0.021875
3 0.253125 0.9171875 0.021875 0.046875
7 0.9484375 0.41875 0.03125 0.05
7 0.94375 0.671875 0.0328125 0.0453125
5 0.375 0.753125 0.0265625 0.0234375
3 0.153125 0.9234375 0.0234375 0.0484375
12 0.1265625 0.15 0.0234375 0.0390625
13 0.478125 0.65625 0.025 0.0515625
3 0.128125 0.9234375 0.025 0.0484375
3 0.65 0.6578125 0.0265625 0.0671875
10 0.65 0.1515625 0.0359375 0.0515625
4 0.809375 0.91875 0.01875 0.03125
13 0.8265625 0.9125 0.0265625 0.0578125
3 0.6515625 0.403125 0.0265625 0.071875
5 0.13125 0.525 0.028125 0.0234375
13 0.478125 0.40625 0.0265625 0.053125
5 0.13125 0.771875 0.0265625 0.0234375
8 0.74375 0.91875 0.025 0.046875
11 0.7796875 0.915625 0.025 0.046875