0 0.040625 0.16875 0.034375 0.0453125
3 0.8265625 0.05625 0.034375 0.0453125
3 0.628125 0.1640625 0.034375 0.046875
3 0.625 0.075 0.028125 0.05
3 0.615625 0.815625 0.0234375 0.0515625
11 0.10625 0.05625 0.025 0.046875
3 0.1015625 0.8375 0.0265625 0.05
13 0.128125 0.8390625 0.021875 0.0453125
8 0.1953125 0.165625 0.0296875 0.0453125
3 0.703125 0.8453125 0.0234375 0.0453125
3 0.628125 0.334375 0.028125 0.046875
8 0.6609375 0.165625 0.028125 0.0453125
3 0.671875 0.5953125 0.0234375 0.046875
8 0.3765625 0.428125 0.0265625 0.0484375
3 0.671875 0.84375 0.0234375 0.04375
11 0.3765625 0.328125 0.03125 0.046875
14 0.04375 0.0671875 0.034375 0.0765625
8 0.396875 0.16875 0.0265625 0.046875
3 0.2875 0.8234375 0.0234375 0.0453125
3 0.3421875 0.8234375 0.0234375 0.053125
11 0.396875 0.071875 0.0296875 0.046875
8 0.10625 0.175 0.025 0.0484375
3 0.103125 0.584375 0.025 0.05
3 0.7015625 0.596875 0.0234375 0.0484375
13 0.128125 0.5875 0.025 0.0484375
10 0.75625 0.1796875 0.0359375 0.046875
3 0.284375 0.575 0.028125 0.05
3 0.7796875 0.578125 0.0328125 0.0484375
3 0.065625 0.84375 0.0234375 0.0515625
3 0.065625 0.584375 0.025 0.0515625
8 0.6671875 0.334375 0.0265625 0.0453125
3 0.3109375 0.8265625 0.0234375 0.046875
11 0.19375 0.071875 0.0265625 0.046875
3 0.315625 0.5734375 0.021875 0.046875
3 0.778125 0.84375 0.028125 0.0484375
8 0.659375 0.071875 0.0265625 0.046875
13 0.434375 0.31875 0.0265625 0.053125
8 0.525 0.940625 0.028125 0.0484375
3 0.0421875 0.8375 0.025 0.0515625
11 0.153125 0.065625 0.028125 0.0484375
3 0.73125 0.8453125 0.025 0.04375
8 0.525 0.69375 0.0265625 0.046875
13 0.459375 0.315625 0.0234375 0.0515625
11 0.14375 0.3265625 0.028125 0.046875
3 0.359375 0.0734375 0.0296875 0.05
8 0.0359375 0.4359375 0.0265625 0.0484375
3 0.19375 0.834375 0.0234375 0.046875
8 0.646875 0.934375 0.0265625 0.0484375
11 0.1953125 0.315625 0.028125 0.0484375
5 0.040625 0.69375 0.028125 0.0203125
11 0.0875 0.309375 0.028125 0.05
8 0.853125 0.16875 0.0265625 0.0484375
3 0.4390625 0.8203125 0.0234375 0.05
13 0.8265625 0.5796875 0.025 0.0515625
11 0.240625 0.059375 0.0265625 0.0484375
13 0.371875 0.571875 0.021875 0.05
13 0.390625 0.828125 0.021875 0.05
13 0.3734375 0.825 0.0234375 0.0515625
10 0.55625 0.434375 0.0359375 0.05
5 0.7703125 0.4140625 0.0265625 0.0203125
3 0.6453125 0.8421875 0.0234375 0.0484375
8 0.14375 0.425 0.028125 0.0484375
8 0.6453125 0.6875 0.025 0.0484375
3 0.4890625 0.3125 0.025 0.053125
5 0.040625 0.9421875 0.028125 0.021875
3 0.4375 0.565625 0.0234375 0.05
11 0.2265625 0.5765625 0.0265625 0.05
3 0.615625 0.559375 0.0234375 0.0546875
3 0.19375 0.584375 0.025 0.0484375
5 0.775 0.69375 0.0265625 0.0203125
3 0.6453125 0.590625 0.0234375 0.0484375
11 0.228125 0.83125 0.025 0.0484375
8 0.66875 0.440625 0.025 0.0453125
3 0.3421875 0.5703125 0.0234375 0.0515625
5 0.778125 0.940625 0.025 0.021875
3 0.33125 0.328125 0.028125 0.0515625
10 0.3 0.065625 0.0328125 0.05
8 0.85625 0.05625 0.025 0.0421875
11 0.465625 0.590625 0.0265625 0.046875
13 0.45 0.0640625 0.0265625 0.0515625
3 0.496875 0.05625 0.0234375 0.0515625
3 0.16875 0.8390625 0.0234375 0.0515625
10 0.559375 0.175 0.0359375 0.05
13 0.81875 0.846875 0.0296875 0.0484375
3 0.628125 0.440625 0.0265625 0.0484375
4 0.525 0.58125 0.0234375 0.03125
3 0.5875 0.8125 0.0234375 0.046875
10 0.75625 0.075 0.0359375 0.046875
11 0.465625 0.840625 0.025 0.0453125
3 0.171875 0.584375 0.028125 0.0515625
13 0.15 0.5875 0.0203125 0.05
3 0.728125 0.5984375 0.0328125 0.0453125
3 0.040625 0.5875 0.025 0.05
13 0.3890625 0.575 0.021875 0.046875
10 0.55625 0.321875 0.0390625 0.0484375
10 0.559375 0.065625 0.0359375 0.0515625
3 0.5578125 0.825 0.028125 0.0765625
12 0.0375 0.315625 0.021875 0.0359375
3 0.584375 0.5578125 0.0234375 0.0515625
3 0.55625 0.571875 0.028125 0.0671875
3 0.4125 0.825 0.0234375 0.0515625
13 0.15 0.840625 0.021875 0.0515625
5 0.771875 0.325 0.028125 0.0234375
3 0.821875 0.1671875 0.028125 0.0515625
10 0.2625 0.3234375 0.0359375 0.053125
3 0.35625 0.16875 0.0234375 0.0515625
13 0.471875 0.059375 0.0203125 0.0484375
3 0.33125 0.428125 0.025 0.05
4 0.528125 0.834375 0.0234375 0.03125
3 0.409375 0.571875 0.0234375 0.0484375
10 0.2671875 0.43125 0.034375 0.05
5 0.28125 0.66875 0.0234375 0.0203125
7 0.8515625 0.840625 0.0328125 0.046875
5 0.28125 0.9203125 0.0234375 0.0203125
7 0.8546875 0.5875 0.03125 0.0484375
10 0.3046875 0.16875 0.0359375 0.0484375