0 0.05625 0.21875 0.0359375 0.046875
3 0.8375 0.103125 0.034375 0.0453125
3 0.628125 0.8625 0.0234375 0.053125
3 0.6828125 0.6453125 0.0234375 0.046875
10 0.76875 0.228125 0.0359375 0.0453125
3 0.640625 0.2125 0.034375 0.046875
3 0.08125 0.8875 0.025 0.05
3 0.1140625 0.8875 0.025 0.05
3 0.1140625 0.634375 0.025 0.05
3 0.6359375 0.1234375 0.028125 0.05
3 0.684375 0.89375 0.021875 0.046875
8 0.3875 0.478125 0.028125 0.0484375
14 0.05625 0.115625 0.0328125 0.078125
3 0.74375 0.89375 0.0265625 0.04375
8 0.2109375 0.2125 0.028125 0.0484375
8 0.671875 0.2125 0.028125 0.0453125
3 0.7125 0.6421875 0.0234375 0.0484375
3 0.790625 0.625 0.03125 0.0515625
3 0.715625 0.89375 0.021875 0.0453125
8 0.409375 0.215625 0.025 0.046875
3 0.08125 0.634375 0.025 0.05
3 0.353125 0.61875 0.025 0.0515625
11 0.1171875 0.103125 0.025 0.046875
11 0.209375 0.1203125 0.0265625 0.0484375
11 0.209375 0.365625 0.028125 0.0484375
3 0.353125 0.871875 0.0234375 0.053125
3 0.64375 0.384375 0.0265625 0.046875
8 0.678125 0.4875 0.0234375 0.04375
3 0.6265625 0.6109375 0.0234375 0.0546875
3 0.790625 0.89375 0.028125 0.046875
3 0.65625 0.890625 0.0234375 0.046875
13 0.14375 0.8875 0.0234375 0.046875
3 0.3734375 0.121875 0.028125 0.0484375
5 0.29375 0.96875 0.0234375 0.0203125
11 0.3875 0.378125 0.0296875 0.0484375
11 0.1640625 0.115625 0.028125 0.0484375
3 0.3265625 0.875 0.0234375 0.046875
13 0.1421875 0.6359375 0.021875 0.0484375
3 0.65625 0.640625 0.025 0.0515625
8 0.11875 0.221875 0.025 0.0484375
11 0.409375 0.121875 0.028125 0.0484375
8 0.678125 0.384375 0.0265625 0.04375
3 0.5015625 0.3625 0.0265625 0.053125
5 0.7875 0.7390625 0.025 0.0203125
3 0.5078125 0.10625 0.021875 0.0515625
10 0.3125 0.115625 0.034375 0.0515625
11 0.15625 0.375 0.028125 0.046875
3 0.18125 0.8875 0.021875 0.05
3 0.45 0.86875 0.0234375 0.05
3 0.209375 0.884375 0.0234375 0.046875
8 0.540625 0.740625 0.0265625 0.046875
8 0.1546875 0.46875 0.0296875 0.0484375
13 0.384375 0.8734375 0.0234375 0.0515625
4 0.540625 0.63125 0.0234375 0.0296875
8 0.65625 0.7390625 0.025 0.0484375
13 0.8375 0.63125 0.025 0.05
13 0.4609375 0.1125 0.025 0.053125
10 0.76875 0.1234375 0.0359375 0.046875
13 0.446875 0.36875 0.0265625 0.053125
3 0.74375 0.6484375 0.025 0.0421875
8 0.871875 0.1046875 0.0265625 0.046875
3 0.209375 0.634375 0.0234375 0.046875
8 0.8703125 0.21875 0.0265625 0.0484375
11 0.2375 0.878125 0.025 0.0484375
3 0.34375 0.378125 0.0296875 0.0515625
3 0.8328125 0.2171875 0.0265625 0.0484375
11 0.25625 0.109375 0.0265625 0.0484375
8 0.05 0.484375 0.028125 0.046875
3 0.325 0.621875 0.0234375 0.046875
3 0.2953125 0.621875 0.0234375 0.046875
11 0.2375 0.625 0.025 0.046875
13 0.484375 0.10625 0.0265625 0.05
11 0.103125 0.359375 0.028125 0.05
3 0.45 0.6171875 0.0234375 0.0484375
3 0.053125 0.8859375 0.025 0.0515625
13 0.471875 0.365625 0.0234375 0.0484375
3 0.6 0.8609375 0.0234375 0.0484375
3 0.18125 0.634375 0.021875 0.05
3 0.6 0.60625 0.0234375 0.05
13 0.384375 0.621875 0.021875 0.0484375
11 0.4796875 0.6390625 0.025 0.046875
3 0.2953125 0.875 0.025 0.0484375
11 0.4796875 0.8875 0.0234375 0.0453125
13 0.1609375 0.6375 0.0203125 0.0515625
3 0.053125 0.634375 0.0265625 0.0484375
13 0.8359375 0.890625 0.0296875 0.0515625
10 0.28125 0.36875 0.034375 0.053125
10 0.278125 0.48125 0.034375 0.05
10 0.5671875 0.371875 0.0375 0.05
10 0.571875 0.2234375 0.0359375 0.0484375
3 0.64375 0.4875 0.0265625 0.0484375
13 0.4 0.8765625 0.021875 0.046875
3 0.56875 0.61875 0.0265625 0.065625
5 0.7828125 0.375 0.028125 0.021875
13 0.4015625 0.6234375 0.01875 0.0453125
12 0.05 0.3671875 0.025 0.0375
3 0.34375 0.475 0.0265625 0.05
3 0.425 0.875 0.0234375 0.0515625
3 0.5703125 0.8734375 0.0265625 0.0703125
13 0.1609375 0.8875 0.0203125 0.05
4 0.540625 0.884375 0.0234375 0.03125
5 0.29375 0.715625 0.0234375 0.01875
3 0.425 0.621875 0.0234375 0.0484375
5 0.0515625 0.7390625 0.028125 0.021875
3 0.371875 0.2171875 0.0265625 0.0484375
5 0.78125 0.459375 0.0265625 0.01875
10 0.5671875 0.484375 0.0359375 0.05
7 0.8640625 0.8890625 0.0328125 0.046875
10 0.571875 0.11875 0.0375 0.05
8 0.671875 0.121875 0.0296875 0.0453125
10 0.3125 0.2203125 0.0359375 0.05
7 0.8703125 0.6328125 0.03125 0.0484375