13 0.3765625 0.6625 0.021875 0.05
11 0.109375 0.1484375 0.025 0.05
3 0.4421875 0.9125 0.021875 0.0515625
3 0.6765625 0.9359375 0.021875 0.0421875
8 0.671875 0.5296875 0.025 0.04375
3 0.83125 0.1484375 0.0359375 0.046875
4 0.53125 0.6734375 0.0234375 0.03125
13 0.3765625 0.915625 0.021875 0.05
8 0.1515625 0.515625 0.0296875 0.0453125
3 0.5921875 0.9015625 0.0234375 0.0453125
3 0.5921875 0.6515625 0.0234375 0.046875
3 0.65 0.934375 0.0234375 0.05
3 0.10625 0.6796875 0.025 0.0484375
3 0.10625 0.93125 0.025 0.0515625
8 0.4015625 0.259375 0.025 0.046875
3 0.61875 0.6546875 0.0234375 0.0515625
3 0.70625 0.6875 0.0234375 0.0484375
3 0.3375 0.41875 0.0296875 0.0484375
3 0.6203125 0.9078125 0.021875 0.05
11 0.38125 0.4203125 0.0296875 0.046875
11 0.4 0.1625 0.028125 0.046875
0 0.046875 0.2625 0.034375 0.046875
3 0.6484375 0.684375 0.0234375 0.05
3 0.628125 0.1640625 0.0296875 0.05
11 0.196875 0.1625 0.0265625 0.0484375
10 0.7625 0.26875 0.0359375 0.046875
3 0.63125 0.25625 0.0328125 0.0421875
3 0.440625 0.659375 0.0234375 0.05
3 0.7078125 0.9375 0.0234375 0.04375
3 0.7828125 0.66875 0.03125 0.0515625
3 0.075 0.93125 0.0234375 0.0515625
8 0.859375 0.259375 0.0265625 0.0484375
5 0.775 0.415625 0.0265625 0.0234375
11 0.15625 0.159375 0.0265625 0.0484375
3 0.3625 0.165625 0.028125 0.0484375
3 0.415625 0.915625 0.021875 0.0515625
3 0.8265625 0.259375 0.028125 0.05
3 0.675 0.6875 0.0234375 0.046875
3 0.31875 0.6640625 0.0234375 0.046875
3 0.2 0.925 0.0234375 0.046875
3 0.415625 0.6640625 0.021875 0.0515625
3 0.2 0.671875 0.0234375 0.046875
8 0.1109375 0.265625 0.028125 0.0484375
3 0.63125 0.425 0.028125 0.046875
3 0.31875 0.9171875 0.0234375 0.046875
3 0.0734375 0.68125 0.025 0.05
3 0.346875 0.915625 0.0234375 0.0515625
3 0.346875 0.6625 0.025 0.0515625
3 0.7828125 0.9375 0.028125 0.05
8 0.5328125 0.78125 0.0265625 0.0484375
3 0.2875 0.665625 0.0234375 0.046875
8 0.8640625 0.146875 0.0265625 0.0453125
3 0.490625 0.4046875 0.0265625 0.0546875
8 0.671875 0.425 0.0265625 0.04375
3 0.2875 0.91875 0.0234375 0.046875
3 0.734375 0.9375 0.025 0.04375
8 0.38125 0.5171875 0.025 0.046875
8 0.6484375 0.7765625 0.028125 0.046875
13 0.8296875 0.671875 0.028125 0.053125
11 0.2 0.409375 0.028125 0.0484375
8 0.2 0.25625 0.028125 0.046875
13 0.1328125 0.678125 0.0234375 0.046875
4 0.53125 0.925 0.0234375 0.0296875
3 0.0453125 0.678125 0.0265625 0.05
13 0.1328125 0.93125 0.0234375 0.05
13 0.825 0.934375 0.0296875 0.0515625
8 0.04375 0.525 0.0265625 0.05
13 0.4375 0.409375 0.0265625 0.053125
8 0.665625 0.25625 0.028125 0.0453125
3 0.0453125 0.93125 0.0265625 0.053125
13 0.4625 0.40625 0.0234375 0.05
3 0.7328125 0.690625 0.025 0.04375
11 0.2453125 0.15 0.0265625 0.0484375
10 0.271875 0.415625 0.034375 0.05
14 0.0484375 0.1578125 0.034375 0.075
5 0.775 0.503125 0.028125 0.021875
10 0.5625 0.1578125 0.0359375 0.0515625
10 0.3046875 0.1578125 0.034375 0.0484375
5 0.778125 0.7828125 0.025 0.0203125
11 0.46875 0.6828125 0.025 0.0453125
11 0.1484375 0.41875 0.0296875 0.0484375
13 0.153125 0.93125 0.0203125 0.05
11 0.0953125 0.4 0.0296875 0.0515625
11 0.23125 0.66875 0.025 0.046875
3 0.3625 0.259375 0.0265625 0.046875
13 0.478125 0.15 0.0265625 0.0515625
13 0.453125 0.15625 0.025 0.053125
5 0.2875 0.7609375 0.0234375 0.021875
3 0.5015625 0.15 0.0234375 0.053125
11 0.23125 0.921875 0.025 0.0484375
10 0.565625 0.2640625 0.0359375 0.0484375
3 0.634375 0.53125 0.0265625 0.046875
3 0.334375 0.515625 0.0265625 0.0484375
8 0.6640625 0.1640625 0.0265625 0.0484375
13 0.15625 0.6796875 0.0203125 0.0484375
3 0.175 0.678125 0.021875 0.04375
13 0.39375 0.915625 0.01875 0.0515625
7 0.8625 0.675 0.03125 0.05
3 0.1734375 0.9296875 0.021875 0.046875
10 0.26875 0.5234375 0.034375 0.05
3 0.46875 0.934375 0.0234375 0.0453125
10 0.5609375 0.5234375 0.034375 0.0515625
7 0.859375 0.93125 0.0390625 0.046875
3 0.5625 0.915625 0.0234375 0.075
10 0.559375 0.4140625 0.0359375 0.05
3 0.5625 0.6671875 0.025 0.0625
10 0.7609375 0.1625 0.034375 0.0453125
13 0.39375 0.665625 0.01875 0.0515625
12 0.0421875 0.409375 0.0234375 0.040625
5 0.0453125 0.78125 0.0265625 0.021875
10 0.309375 0.259375 0.0359375 0.05