0 0.075 0.16875 0.0375 0.046875
0 0.075 0.93125 0.0390625 0.046875
14 0.075 0.578125 0.0375 0.0796875
0 0.075 0.428125 0.0375 0.04375
4 0.6046875 0.325 0.0234375 0.03125
0 0.075 0.675 0.0375 0.04375
4 0.6046875 0.575 0.0234375 0.03125
3 0.721875 0.334375 0.0234375 0.05
5 0.85 0.065625 0.028125 0.021875
13 0.45 0.565625 0.021875 0.0484375
13 0.4515625 0.315625 0.025 0.05
3 0.665625 0.553125 0.0234375 0.046875
3 0.7796875 0.3375 0.025 0.0484375
3 0.753125 0.3359375 0.0234375 0.046875
14 0.075 0.328125 0.0375 0.0796875
3 0.515625 0.5625 0.0234375 0.0484375
3 0.4109375 0.071875 0.0296875 0.05
3 0.1515625 0.5796875 0.025 0.0515625
3 0.665625 0.3 0.0234375 0.046875
8 0.225 0.165625 0.028125 0.046875
3 0.1796875 0.5796875 0.0265625 0.0515625
3 0.753125 0.5890625 0.021875 0.04375
3 0.78125 0.5890625 0.0234375 0.04375
3 0.696875 0.3078125 0.0234375 0.0515625
3 0.7234375 0.5875 0.0234375 0.0484375
11 0.4546875 0.06875 0.0296875 0.0453125
3 0.515625 0.3125 0.0234375 0.05
3 0.1796875 0.33125 0.025 0.0515625
8 0.746875 0.18125 0.0265625 0.0453125
3 0.2625 0.8296875 0.021875 0.046875
3 0.425 0.565625 0.025 0.05
3 0.696875 0.55625 0.021875 0.05
3 0.278125 0.325 0.0234375 0.046875
3 0.1515625 0.3296875 0.0234375 0.0515625
3 0.165625 0.834375 0.021875 0.0515625
5 0.878125 0.91875 0.025 0.0203125
14 0.078125 0.06875 0.0390625 0.0796875
3 0.490625 0.565625 0.0203125 0.05
8 0.453125 0.16875 0.0265625 0.046875
3 0.3640625 0.31875 0.0234375 0.046875
3 0.8125 0.5890625 0.0234375 0.04375
13 0.2125 0.5796875 0.0234375 0.0484375
3 0.709375 0.078125 0.028125 0.046875
8 0.2171875 0.9375 0.028125 0.046875
14 0.075 0.8296875 0.0375 0.0796875
3 0.425 0.315625 0.025 0.0515625
3 0.6515625 0.8296875 0.021875 0.0484375
3 0.3875 0.56875 0.0234375 0.046875
3 0.11875 0.33125 0.0265625 0.0515625
3 0.8109375 0.340625 0.025 0.0453125
5 0.853125 0.4359375 0.025 0.021875
11 0.278125 0.0578125 0.0265625 0.046875
8 0.721875 0.4296875 0.028125 0.05
8 0.603125 0.6828125 0.0265625 0.046875
3 0.11875 0.5796875 0.0265625 0.0515625
3 0.3921875 0.315625 0.0234375 0.046875
13 0.93125 0.8234375 0.0234375 0.05
8 0.6 0.9375 0.025 0.046875
8 0.603125 0.434375 0.0265625 0.0484375
3 0.5515625 0.8375 0.021875 0.05
7 0.634375 0.0625 0.0359375 0.0515625
3 0.3609375 0.56875 0.0234375 0.04375
8 0.7234375 0.68125 0.028125 0.05
3 0.490625 0.3171875 0.021875 0.0515625
8 0.50625 0.9296875 0.0234375 0.046875
3 0.978125 0.81875 0.0234375 0.053125
3 0.371875 0.840625 0.021875 0.04375
8 0.7453125 0.0734375 0.028125 0.04375
5 0.85625 0.684375 0.021875 0.0203125
3 0.50625 0.834375 0.0234375 0.046875
5 0.846875 0.15625 0.028125 0.021875
3 0.2765625 0.5765625 0.0234375 0.046875
3 0.859375 0.5859375 0.0265625 0.0484375
3 0.56875 0.05 0.025 0.0546875
11 0.16875 0.053125 0.0296875 0.05
3 0.396875 0.815625 0.0234375 0.053125
8 0.11875 0.925 0.0265625 0.05
13 0.2109375 0.33125 0.0234375 0.05
3 0.8609375 0.321875 0.0328125 0.0515625
8 0.1171875 0.175 0.025 0.0484375
5 0.734375 0.925 0.025 0.021875
8 0.45 0.93125 0.0265625 0.05
3 0.3453125 0.8296875 0.025 0.05625
8 0.346875 0.934375 0.028125 0.046875
13 0.5125 0.0625 0.025 0.053125
3 0.1375 0.8375 0.0203125 0.046875
8 0.88125 0.828125 0.0296875 0.0484375
13 0.421875 0.8203125 0.01875 0.0484375
3 0.2375 0.828125 0.021875 0.046875
13 0.903125 0.321875 0.028125 0.053125
4 0.7953125 0.8265625 0.021875 0.03125
13 0.815625 0.8265625 0.0234375 0.05625
11 0.221875 0.06875 0.028125 0.046875
3 0.6 0.828125 0.0265625 0.05
13 0.5390625 0.0546875 0.028125 0.05
11 0.3046875 0.321875 0.025 0.0484375
13 0.834375 0.828125 0.021875 0.0515625
11 0.30625 0.571875 0.025 0.046875
10 0.34375 0.065625 0.034375 0.0484375
3 0.575 0.834375 0.0203125 0.0515625
3 0.53125 0.834375 0.01875 0.046875
3 0.4125 0.16875 0.0265625 0.0484375
3 0.115625 0.8328125 0.0234375 0.0484375
3 0.2125 0.828125 0.025 0.05
13 0.228125 0.33125 0.0203125 0.05
13 0.9 0.5875 0.0296875 0.0515625
13 0.953125 0.821875 0.0203125 0.05
13 0.228125 0.58125 0.0203125 0.0484375
13 0.1875 0.834375 0.0203125 0.053125
3 0.25 0.5796875 0.021875 0.0484375
12 0.115625 0.059375 0.0234375 0.040625
11 0.546875 0.584375 0.0234375 0.0453125
7 0.9359375 0.33125 0.03125 0.05
5 0.359375 0.6625 0.0234375 0.0203125
3 0.25 0.3296875 0.021875 0.046875
11 0.546875 0.33125 0.0234375 0.046875
5 0.359375 0.409375 0.0234375 0.0203125
3 0.625 0.83125 0.021875 0.046875
13 0.3 0.828125 0.0203125 0.046875
13 0.6875 0.825 0.0234375 0.046875
13 0.46875 0.56875 0.0171875 0.05
13 0.46875 0.315625 0.01875 0.0515625
10 0.634375 0.175 0.034375 0.0515625
13 0.4375 0.821875 0.021875 0.0484375
3 0.6390625 0.31875 0.0265625 0.0640625
10 0.346875 0.1765625 0.034375 0.05
3 0.6390625 0.571875 0.025 0.05625
3 0.709375 0.18125 0.025 0.05
3 0.5875 0.8375 0.028125 0.0546875
5 0.11875 0.6828125 0.028125 0.0234375
5 0.11875 0.434375 0.028125 0.0234375
8 0.7328125 0.8265625 0.0234375 0.0453125
7 0.9328125 0.5828125 0.0328125 0.046875
11 0.7703125 0.8234375 0.0265625 0.046875