0 0.1 0.1296875 0.0359375 0.046875
3 0.203125 0.5390625 0.0265625 0.05
3 0.715625 0.515625 0.0234375 0.0515625
0 0.1 0.8875 0.0375 0.046875
3 0.259375 0.7875 0.021875 0.0453125
13 0.228125 0.540625 0.021875 0.046875
0 0.1 0.6375 0.0375 0.046875
8 0.471875 0.125 0.0265625 0.0484375
0 0.1 0.3828125 0.0375 0.046875
11 0.471875 0.025 0.0296875 0.0484375
14 0.1 0.5375 0.0375 0.078125
3 0.771875 0.29375 0.0234375 0.046875
5 0.871875 0.021875 0.0265625 0.0234375
3 0.7734375 0.5453125 0.0234375 0.04375
3 0.165625 0.290625 0.0234375 0.0515625
3 0.8 0.546875 0.0234375 0.04375
3 0.728125 0.034375 0.0265625 0.046875
3 0.384375 0.528125 0.0296875 0.0453125
8 0.1359375 0.884375 0.0265625 0.0484375
8 0.76875 0.03125 0.0265625 0.0453125
3 0.803125 0.29375 0.0234375 0.046875
3 0.2 0.2875 0.025 0.05
3 0.16875 0.5375 0.025 0.05
3 0.38125 0.271875 0.0234375 0.046875
10 0.6546875 0.021875 0.0375 0.04375
3 0.88125 0.278125 0.0328125 0.0484375
3 0.1421875 0.5390625 0.025 0.0515625
8 0.625 0.64375 0.0265625 0.0484375
3 0.415625 0.271875 0.021875 0.046875
11 0.240625 0.028125 0.028125 0.046875
5 0.871875 0.1125 0.025 0.01875
3 0.44375 0.525 0.025 0.053125
14 0.1 0.784375 0.0375 0.078125
3 0.4125 0.528125 0.0234375 0.046875
3 0.83125 0.546875 0.025 0.04375
8 0.625 0.390625 0.0265625 0.046875
3 0.28125 0.7875 0.021875 0.046875
13 0.228125 0.2859375 0.021875 0.0484375
3 0.18125 0.7953125 0.021875 0.05
3 0.36875 0.7875 0.025 0.0578125
13 0.9265625 0.28125 0.025 0.0515625
3 0.2953125 0.534375 0.0234375 0.046875
8 0.2359375 0.896875 0.028125 0.046875
13 0.475 0.2734375 0.0234375 0.05
8 0.24375 0.121875 0.0296875 0.0484375
8 0.525 0.8859375 0.0265625 0.0484375
3 0.878125 0.546875 0.028125 0.0484375
8 0.746875 0.640625 0.025 0.0484375
13 0.490625 0.525 0.0203125 0.05
3 0.5390625 0.26875 0.0234375 0.05
8 0.746875 0.384375 0.0265625 0.0484375
8 0.76875 0.1390625 0.025 0.0453125
13 0.46875 0.521875 0.0234375 0.0515625
3 0.646875 0.790625 0.0203125 0.0484375
11 0.328125 0.53125 0.025 0.0484375
11 0.328125 0.278125 0.0265625 0.05
3 0.4328125 0.03125 0.0296875 0.0515625
3 0.2953125 0.284375 0.0234375 0.0484375
10 0.3640625 0.025 0.0375 0.0484375
3 0.715625 0.2625 0.0234375 0.0546875
8 0.625 0.896875 0.0265625 0.046875
3 0.159375 0.790625 0.0203125 0.0453125
14 0.096875 0.0296875 0.0359375 0.059375
3 0.6703125 0.7859375 0.021875 0.0484375
3 0.540625 0.521875 0.0234375 0.05
3 0.7421875 0.54375 0.0234375 0.0484375
8 0.365625 0.8921875 0.0265625 0.046875
3 0.44375 0.271875 0.025 0.053125
3 0.746875 0.296875 0.0234375 0.05
8 0.140625 0.1359375 0.028125 0.05
5 0.875 0.390625 0.0265625 0.0203125
11 0.3 0.0203125 0.028125 0.040625
3 0.390625 0.7984375 0.021875 0.04375
10 0.6578125 0.1328125 0.0359375 0.05
3 0.26875 0.540625 0.0234375 0.0515625
8 0.46875 0.8875 0.025 0.0484375
11 0.565625 0.2875 0.0265625 0.046875
13 0.5984375 0.796875 0.0234375 0.05
13 0.91875 0.54375 0.0296875 0.0484375
4 0.625 0.284375 0.0234375 0.03125
3 0.41875 0.7734375 0.0234375 0.053125
7 0.9 0.7890625 0.034375 0.0484375
11 0.565625 0.5421875 0.025 0.0453125
5 0.878125 0.64375 0.025 0.0203125
3 0.1421875 0.284375 0.025 0.05
3 0.26875 0.2875 0.021875 0.0515625
14 0.1 0.2875 0.0375 0.0796875
5 0.75625 0.8796875 0.0265625 0.021875
3 0.8328125 0.303125 0.025 0.040625
13 0.490625 0.275 0.021875 0.046875
13 0.25 0.2875 0.021875 0.0515625
13 0.209375 0.7921875 0.01875 0.0484375
3 0.6875 0.5109375 0.0234375 0.046875
3 0.684375 0.259375 0.0234375 0.0515625
3 0.728125 0.1390625 0.0265625 0.0484375
3 0.659375 0.525 0.028125 0.075
3 0.659375 0.2703125 0.028125 0.075
13 0.25 0.540625 0.021875 0.0515625
11 0.7890625 0.784375 0.025 0.0515625
4 0.815625 0.7875 0.01875 0.03125
7 0.953125 0.5421875 0.0328125 0.046875
3 0.509375 0.521875 0.0234375 0.0515625
13 0.959375 0.784375 0.025 0.05
3 0.4328125 0.128125 0.0265625 0.0515625
13 0.303125 0.7875 0.0171875 0.04375
3 0.571875 0.79375 0.021875 0.05
5 0.140625 0.64375 0.028125 0.021875
3 0.978125 0.778125 0.0234375 0.05
5 0.140625 0.390625 0.028125 0.021875
3 0.99375 0.778125 0.0125 0.053125
3 0.1359375 0.79375 0.0234375 0.0484375
12 0.134375 0.01875 0.021875 0.0359375
13 0.3203125 0.7859375 0.0234375 0.05
4 0.625 0.5359375 0.025 0.03125
3 0.528125 0.790625 0.0234375 0.0453125
3 0.55 0.790625 0.0203125 0.04375
3 0.440625 0.778125 0.021875 0.05
3 0.509375 0.271875 0.0234375 0.05
13 0.853125 0.784375 0.0234375 0.0515625
3 0.625 0.7859375 0.01875 0.05
10 0.3640625 0.1328125 0.034375 0.05
7 0.95625 0.2859375 0.03125 0.046875
3 0.2359375 0.7859375 0.01875 0.05
5 0.3828125 0.3703125 0.0234375 0.021875
5 0.896875 0.875 0.025 0.021875
8 0.75625 0.784375 0.025 0.046875
5 0.3828125 0.61875 0.0234375 0.0203125
13 0.8390625 0.784375 0.0234375 0.05625
3 0.45625 0.7796875 0.0203125 0.0453125