14 0.0390625 0.0734375 0.0359375 0.078125
0 0.0375 0.9375 0.0375 0.0453125
0 0.0375 0.178125 0.0375 0.0453125
0 0.0375 0.6875 0.0375 0.04375
0 0.0375 0.4375 0.0375 0.04375
3 0.3765625 0.08125 0.0296875 0.05
13 0.4171875 0.325 0.021875 0.05
3 0.146875 0.5890625 0.025 0.05
3 0.3546875 0.328125 0.0234375 0.046875
3 0.0875 0.5890625 0.028125 0.0515625
14 0.040625 0.5875 0.0375 0.078125
3 0.671875 0.084375 0.028125 0.0453125
3 0.146875 0.3390625 0.025 0.05
5 0.7 0.93125 0.0265625 0.021875
11 0.184375 0.08125 0.028125 0.046875
13 0.896875 0.8375 0.0203125 0.0515625
8 0.7125 0.0859375 0.0265625 0.04375
3 0.628125 0.5625 0.0234375 0.0453125
14 0.040625 0.3375 0.0375 0.078125
3 0.3546875 0.5796875 0.0234375 0.046875
8 0.7125 0.190625 0.025 0.0453125
3 0.715625 0.5953125 0.0234375 0.04375
13 0.4171875 0.578125 0.0234375 0.05
3 0.3875 0.575 0.025 0.0515625
3 0.659375 0.565625 0.0234375 0.05
3 0.74375 0.5984375 0.0234375 0.0421875
3 0.0859375 0.3375 0.028125 0.0515625
14 0.0390625 0.8421875 0.0375 0.078125
3 0.2390625 0.5875 0.0234375 0.046875
3 0.3875 0.325 0.025 0.0515625
8 0.56875 0.69375 0.0265625 0.046875
8 0.08125 0.9375 0.025 0.0484375
3 0.328125 0.5765625 0.0234375 0.046875
11 0.4171875 0.078125 0.0296875 0.046875
8 0.309375 0.94375 0.028125 0.0484375
3 0.628125 0.3125 0.025 0.046875
13 0.871875 0.334375 0.028125 0.0515625
3 0.8203125 0.596875 0.028125 0.046875
11 0.13125 0.0625 0.028125 0.05
5 0.815625 0.075 0.0265625 0.021875
3 0.715625 0.34375 0.0234375 0.0453125
8 0.56875 0.44375 0.0265625 0.046875
8 0.41875 0.178125 0.0234375 0.046875
3 0.328125 0.3265625 0.025 0.046875
3 0.115625 0.5890625 0.0234375 0.0515625
3 0.1140625 0.3375 0.0234375 0.05
13 0.503125 0.0640625 0.0234375 0.0484375
5 0.815625 0.1640625 0.025 0.01875
3 0.775 0.596875 0.025 0.04375
5 0.840625 0.928125 0.025 0.021875
3 0.6859375 0.5921875 0.0234375 0.046875
3 0.2265625 0.840625 0.021875 0.0484375
8 0.1875 0.1734375 0.0265625 0.046875
11 0.240625 0.065625 0.0265625 0.0484375
3 0.4828125 0.5703125 0.0234375 0.0484375
3 0.7421875 0.346875 0.025 0.046875
8 0.184375 0.9453125 0.0265625 0.0453125
3 0.2375 0.334375 0.0234375 0.046875
8 0.6875 0.4390625 0.028125 0.0484375
3 0.825 0.33125 0.0328125 0.0515625
13 0.171875 0.5890625 0.025 0.046875
10 0.596875 0.1875 0.0359375 0.0484375
5 0.821875 0.6953125 0.0234375 0.0203125
3 0.659375 0.315625 0.0234375 0.0515625
3 0.6890625 0.34375 0.025 0.05
8 0.46875 0.934375 0.025 0.05
3 0.2125 0.3390625 0.021875 0.05
8 0.56875 0.9453125 0.0265625 0.0453125
5 0.8203125 0.44375 0.0234375 0.0203125
11 0.509375 0.59375 0.025 0.046875
11 0.509375 0.340625 0.0265625 0.046875
13 0.1734375 0.340625 0.0234375 0.0484375
8 0.4125 0.940625 0.025 0.0484375
8 0.6859375 0.690625 0.0265625 0.0484375
3 0.540625 0.85 0.0203125 0.0484375
3 0.453125 0.3234375 0.0234375 0.0515625
3 0.334375 0.85 0.0234375 0.04375
3 0.5328125 0.0625 0.0265625 0.053125
8 0.0796875 0.184375 0.025 0.046875
3 0.6140625 0.8390625 0.0203125 0.0484375
13 0.865625 0.59375 0.0296875 0.05
3 0.4828125 0.321875 0.0234375 0.0484375
3 0.7734375 0.35 0.025 0.04375
4 0.56875 0.334375 0.0234375 0.03125
13 0.4 0.825 0.0203125 0.05625
8 0.415625 0.83125 0.0203125 0.04375
3 0.46875 0.8421875 0.0234375 0.046875
13 0.478125 0.06875 0.025 0.0515625
10 0.309375 0.0765625 0.034375 0.05
3 0.515625 0.84375 0.021875 0.05
3 0.5890625 0.84375 0.0203125 0.0484375
3 0.2125 0.5921875 0.021875 0.0484375
3 0.453125 0.575 0.0234375 0.0515625
3 0.49375 0.84375 0.0203125 0.046875
7 0.8484375 0.84375 0.03125 0.0484375
3 0.359375 0.825 0.0234375 0.0515625
3 0.940625 0.828125 0.0234375 0.0515625
3 0.375 0.178125 0.0265625 0.0484375
13 0.91875 0.83125 0.0203125 0.0484375
7 0.9 0.3359375 0.0296875 0.0453125
3 0.084375 0.846875 0.0265625 0.0484375
3 0.671875 0.19375 0.0234375 0.046875
4 0.56875 0.5875 0.0234375 0.03125
11 0.271875 0.33125 0.0234375 0.0484375
13 0.190625 0.590625 0.0203125 0.05
3 0.1265625 0.84375 0.0234375 0.05
3 0.103125 0.8421875 0.0203125 0.046875
13 0.1875 0.340625 0.021875 0.05
5 0.325 0.6703125 0.025 0.0203125
13 0.6375 0.8359375 0.01875 0.0515625
3 0.3078125 0.8390625 0.025 0.05625
13 0.253125 0.8390625 0.0234375 0.046875
5 0.325 0.421875 0.025 0.0203125
13 0.15 0.84375 0.021875 0.05
10 0.309375 0.1875 0.0296875 0.0484375
3 0.603125 0.5765625 0.028125 0.0671875
13 0.778125 0.834375 0.025 0.0578125
3 0.6015625 0.328125 0.028125 0.0625
13 0.384375 0.8296875 0.021875 0.0484375
11 0.271875 0.58125 0.025 0.046875
3 0.5640625 0.840625 0.0265625 0.0546875
7 0.896875 0.5921875 0.0328125 0.0453125
12 0.078125 0.06875 0.0234375 0.0359375
3 0.203125 0.8390625 0.021875 0.046875
11 0.7328125 0.8359375 0.0265625 0.04375
2 0.759375 0.840625 0.0203125 0.034375
13 0.434375 0.575 0.0203125 0.05
8 0.7 0.8375 0.0234375 0.0453125
13 0.7953125 0.834375 0.025 0.05625
13 0.4375 0.321875 0.028125 0.0515625
5 0.08125 0.44375 0.0265625 0.021875
5 0.08125 0.6953125 0.0265625 0.0203125
13 0.2625 0.8375 0.021875 0.0515625
10 0.596875 0.071875 0.0375 0.05
3 0.18125 0.8375 0.021875 0.0515625