1 0.221875 0.815625 0.0078125 0.0140625
1 0.23125 0.821875 0.0078125 0.0140625
1 0.2234375 0.7578125 0.0078125 0.0140625
1 0.2328125 0.765625 0.0078125 0.0125
1 0.190625 0.690625 0.0078125 0.0125
1 0.1828125 0.6828125 0.0078125 0.0125
1 0.19375 0.634375 0.009375 0.0140625
1 0.184375 0.6265625 0.009375 0.015625
1 0.19375 0.559375 0.0078125 0.0109375
1 0.184375 0.553125 0.0078125 0.0125
1 0.1921875 0.503125 0.00625 0.0140625
1 0.184375 0.496875 0.00625 0.0125
1 0.1921875 0.428125 0.009375 0.0125
1 0.184375 0.421875 0.0078125 0.0125
1 0.1921875 0.371875 0.00625 0.0125
1 0.184375 0.365625 0.0078125 0.0140625
1 0.1875 0.296875 0.00625 0.0125
1 0.1796875 0.290625 0.0078125 0.0140625
1 0.1890625 0.240625 0.0078125 0.0140625
1 0.18125 0.234375 0.00625 0.0140625
3 0.20625 0.2265625 0.0125 0.0203125
3 0.3171875 0.2484375 0.0109375 0.0234375
3 0.3515625 0.25 0.0140625 0.0203125
3 0.38125 0.2546875 0.015625 0.01875
3 0.43125 0.246875 0.0109375 0.025
3 0.465625 0.253125 0.0125 0.01875
3 0.496875 0.25625 0.0171875 0.01875
3 0.5421875 0.25 0.0109375 0.025
3 0.5703125 0.2515625 0.0140625 0.021875
3 0.596875 0.2546875 0.0140625 0.01875
3 0.65625 0.246875 0.0109375 0.025
3 0.6875 0.253125 0.0140625 0.021875
3 0.7171875 0.25625 0.0171875 0.021875
3 0.7625 0.25 0.0125 0.028125
3 0.79375 0.25 0.0125 0.021875
3 0.81875 0.253125 0.0171875 0.01875
3 0.7921875 0.2796875 0.0125 0.021875
3 0.6546875 0.28125 0.0125 0.0203125
3 0.5671875 0.28125 0.0125 0.0203125
3 0.428125 0.28125 0.0125 0.0203125
3 0.353125 0.28125 0.0125 0.021875
3 0.2328125 0.290625 0.0125 0.021875
3 0.209375 0.2921875 0.015625 0.0234375
3 0.215625 0.378125 0.0125 0.0234375
3 0.246875 0.384375 0.015625 0.0171875
3 0.278125 0.4 0.015625 0.01875
3 0.328125 0.378125 0.0109375 0.0234375
3 0.359375 0.384375 0.0125 0.021875
3 0.38125 0.3859375 0.015625 0.0203125
3 0.359375 0.415625 0.0125 0.01875
3 0.4390625 0.378125 0.0109375 0.028125
3 0.471875 0.384375 0.0140625 0.0203125
3 0.503125 0.4 0.015625 0.01875
3 0.546875 0.378125 0.0109375 0.03125
3 0.5765625 0.384375 0.0125 0.0171875
3 0.60625 0.384375 0.0171875 0.0234375
3 0.65625 0.375 0.009375 0.0296875
3 0.6828125 0.38125 0.0125 0.0234375
3 0.7140625 0.3796875 0.0125 0.0265625
3 0.7625 0.3765625 0.0125 0.03125
3 0.8 0.378125 0.0125 0.025
3 0.834375 0.378125 0.0140625 0.025
3 0.8328125 0.421875 0.015625 0.0234375
3 0.796875 0.425 0.015625 0.0234375
3 0.7140625 0.425 0.015625 0.0234375
3 0.68125 0.4234375 0.015625 0.021875
3 0.609375 0.421875 0.015625 0.025
3 0.578125 0.41875 0.0125 0.021875
3 0.5 0.440625 0.015625 0.021875
3 0.471875 0.4328125 0.0140625 0.034375
3 0.4421875 0.4359375 0.0125 0.021875
3 0.278125 0.4421875 0.015625 0.01875
3 0.2484375 0.43125 0.015625 0.034375
3 0.2171875 0.434375 0.015625 0.025
3 0.215625 0.5125 0.0109375 0.0265625
3 0.2375 0.515625 0.0125 0.0234375
3 0.284375 0.5203125 0.015625 0.0203125
3 0.3328125 0.51875 0.0140625 0.0203125
3 0.3765625 0.53125 0.0140625 0.01875
3 0.40625 0.534375 0.015625 0.021875
3 0.4625 0.5453125 0.015625 0.0171875
3 0.5109375 0.53125 0.0125 0.01875
3 0.5140625 0.565625 0.01875 0.0203125
3 0.5625 0.540625 0.0109375 0.0203125
3 0.590625 0.5375 0.0140625 0.0234375
3 0.615625 0.51875 0.0125 0.0203125
3 0.6171875 0.5625 0.0171875 0.0203125
3 0.634375 0.6640625 0.0125 0.0234375
3 0.6078125 0.6625 0.015625 0.01875
3 0.5671875 0.6453125 0.0125 0.015625
3 0.525 0.6484375 0.015625 0.01875
3 0.484375 0.64375 0.0140625 0.021875
3 0.4625 0.64375 0.0125 0.025
3 0.4015625 0.65 0.0140625 0.0265625
3 0.371875 0.66875 0.015625 0.025
3 0.34375 0.671875 0.0140625 0.0203125
3 0.290625 0.696875 0.0171875 0.0203125
3 0.2875 0.6625 0.015625 0.01875
3 0.23125 0.678125 0.015625 0.015625
14 0.1640625 0.6828125 0.021875 0.0390625
0 0.1640625 0.63125 0.0171875 0.0203125
14 0.165625 0.55 0.0203125 0.0390625
0 0.1625 0.5 0.0171875 0.01875
14 0.165625 0.421875 0.021875 0.040625
0 0.1640625 0.36875 0.0171875 0.0203125
14 0.1625 0.2890625 0.0203125 0.040625
0 0.1609375 0.2375 0.015625 0.0203125
13 0.275 0.83125 0.0140625 0.025
13 0.290625 0.828125 0.0125 0.0296875
13 0.303125 0.825 0.0125 0.034375
13 0.765625 0.8296875 0.0125 0.021875
13 0.78125 0.825 0.0109375 0.0265625
13 0.33125 0.56875 0.0125 0.0234375
13 0.75625 0.86875 0.0125 0.028125
13 0.3625 0.5625 0.0140625 0.03125
13 0.8375 0.5484375 0.021875 0.0234375
3 0.5234375 0.6921875 0.0125 0.0265625
3 0.4625 0.696875 0.009375 0.028125
3 0.7390625 0.696875 0.0171875 0.021875
3 0.740625 0.6625 0.015625 0.0171875
3 0.84375 0.690625 0.01875 0.021875
3 0.84375 0.646875 0.0140625 0.021875
3 0.8171875 0.6671875 0.01875 0.0234375
3 0.84375 0.8328125 0.015625 0.021875
3 0.8171875 0.834375 0.015625 0.025
3 0.840625 0.796875 0.015625 0.0234375
3 0.815625 0.79375 0.01875 0.021875
3 0.7625 0.778125 0.0125 0.01875
3 0.7234375 0.7796875 0.015625 0.0203125
3 0.7265625 0.8125 0.0203125 0.0234375
3 0.678125 0.7765625 0.01875 0.0203125
3 0.64375 0.771875 0.0125 0.021875
3 0.64375 0.825 0.0125 0.025
3 0.5984375 0.825 0.015625 0.0234375
3 0.59375 0.78125 0.0171875 0.0234375
3 0.565625 0.8 0.015625 0.0265625
3 0.53125 0.803125 0.0140625 0.0234375
3 0.475 0.828125 0.0203125 0.021875
3 0.475 0.79375 0.0140625 0.0203125
3 0.415625 0.809375 0.0203125 0.01875
3 0.35 0.834375 0.0140625 0.0234375
3 0.321875 0.834375 0.015625 0.021875
3 0.346875 0.796875 0.015625 0.0234375
3 0.31875 0.7953125 0.01875 0.01875