8 0.4296875 0.08125 0.040625 0.05
8 0.425 0.2203125 0.0390625 0.059375
8 0.2296875 0.221875 0.040625 0.059375
8 0.615625 0.2109375 0.0421875 0.06875
8 0.803125 0.20625 0.0515625 0.0609375
8 0.234375 0.475 0.046875 0.0640625
8 0.4328125 0.4796875 0.0546875 0.0640625
8 0.665625 0.4625 0.05 0.0625
8 0.8375 0.46875 0.0390625 0.0640625
8 0.6640625 0.3484375 0.0375 0.0609375
8 0.8359375 0.38125 0.046875 0.059375
8 0.1734375 0.71875 0.0390625 0.0609375
8 0.3484375 0.71875 0.0390625 0.0578125
8 0.5328125 0.7265625 0.0484375 0.0609375
8 0.7375 0.734375 0.046875 0.0640625
8 0.978125 0.721875 0.03125 0.0578125
11 0.1109375 0.3515625 0.040625 0.0609375
11 0.234375 0.346875 0.0421875 0.059375
11 0.3328125 0.35625 0.046875 0.065625
11 0.4375 0.3625 0.046875 0.065625
11 0.5359375 0.365625 0.046875 0.065625
11 0.09375 0.0953125 0.0421875 0.0703125
2 0.196875 0.125 0.0328125 0.0484375
11 0.23125 0.103125 0.05 0.065625
11 0.33125 0.1015625 0.0421875 0.06875
11 0.61875 0.109375 0.0484375 0.0609375
11 0.709375 0.103125 0.0421875 0.05625
11 0.8125 0.08125 0.0390625 0.05625
11 0.90625 0.084375 0.040625 0.059375
11 0.646875 0.625 0.046875 0.0671875
11 0.74375 0.6125 0.0484375 0.0609375
11 0.846875 0.609375 0.05 0.0609375
11 0.10625 0.871875 0.04375 0.0625
3 0.30625 0.865625 0.0484375 0.059375
10 0.375 0.86875 0.05 0.059375
5 0.175 0.621875 0.040625 0.0328125
12 0.5375 0.6109375 0.03125 0.0421875
5 0.73125 0.871875 0.0359375 0.0265625
2 0.2171875 0.89375 0.028125 0.0515625
3 0.2515625 0.875 0.05 0.0609375
3 0.51875 0.896875 0.0453125 0.0546875
3 0.58125 0.896875 0.0390625 0.0640625
3 0.6375 0.890625 0.04375 0.065625
2 0.95625 0.6265625 0.0328125 0.04375