11 0.096875 0.259375 0.053125 0.065625
11 0.184375 0.2625 0.05 0.0640625
2 0.28125 0.29375 0.0296875 0.0421875
11 0.3171875 0.278125 0.04375 0.05625
11 0.40625 0.265625 0.0484375 0.0609375
11 0.665625 0.2828125 0.0546875 0.0625
11 0.746875 0.2734375 0.05 0.0609375
11 0.8484375 0.25 0.05 0.053125
11 0.9375 0.259375 0.0546875 0.0625
11 0.09375 0.54375 0.0453125 0.05
11 0.221875 0.546875 0.05 0.0578125
11 0.3109375 0.55625 0.0453125 0.065625
11 0.4125 0.559375 0.046875 0.0609375
11 0.51875 0.5625 0.040625 0.0609375
11 0.8078125 0.575 0.046875 0.0609375
11 0.9140625 0.578125 0.05 0.0671875
11 0.0875 0.8109375 0.040625 0.065625
2 0.190625 0.840625 0.0296875 0.046875
11 0.225 0.825 0.0453125 0.0578125
11 0.325 0.821875 0.053125 0.0671875
11 0.60625 0.8265625 0.04375 0.0734375
11 0.6953125 0.821875 0.04375 0.0625
11 0.8 0.7984375 0.0390625 0.0515625
11 0.9015625 0.8015625 0.05 0.0609375
8 0.0921875 0.3953125 0.0375 0.0578125
8 0.3125 0.4171875 0.05 0.0546875
8 0.496875 0.421875 0.0453125 0.0609375
8 0.665625 0.40625 0.04375 0.06875
8 0.84375 0.40625 0.0578125 0.0625
8 0.496875 0.253125 0.0390625 0.0609375
8 0.2125 0.675 0.0484375 0.059375
8 0.415625 0.678125 0.0453125 0.0609375
8 0.6375 0.665625 0.0421875 0.0734375
8 0.80625 0.65625 0.046875 0.059375
8 0.4203125 0.7984375 0.0390625 0.0515625
8 0.221875 0.9375 0.040625 0.05625
8 0.41875 0.940625 0.0390625 0.0546875
8 0.603125 0.9265625 0.040625 0.0609375
8 0.796875 0.925 0.0390625 0.0625
8 0.6390625 0.54375 0.0390625 0.0546875