11 0.0625 0.1515625 0.0328125 0.0609375
11 0.1640625 0.125 0.0546875 0.0609375
11 0.2890625 0.13125 0.04375 0.0625
11 0.3890625 0.134375 0.0453125 0.065625
11 0.490625 0.1390625 0.0453125 0.0625
11 0.578125 0.1453125 0.0421875 0.06875
11 0.8796875 0.15625 0.040625 0.05625
11 0.978125 0.15625 0.0421875 0.05625
11 0.0625 0.396875 0.0390625 0.0703125
11 0.1546875 0.396875 0.053125 0.0546875
2 0.2609375 0.421875 0.028125 0.0421875
11 0.29375 0.409375 0.05 0.0625
11 0.390625 0.4 0.04375 0.0625
11 0.68125 0.4125 0.0546875 0.06875
11 0.7703125 0.403125 0.0390625 0.053125
11 0.871875 0.3828125 0.040625 0.05
11 0.965625 0.3828125 0.0453125 0.0609375
11 0.0625 0.66875 0.0390625 0.059375
11 0.16875 0.65 0.04375 0.059375
11 0.296875 0.646875 0.0390625 0.059375
11 0.4015625 0.65625 0.05 0.0640625
11 0.5 0.659375 0.05 0.0703125
11 0.603125 0.6625 0.0515625 0.0625
8 0.709375 0.125 0.04375 0.0546875
2 0.0390625 0.2375 0.028125 0.046875
8 0.0625 0.253125 0.0296875 0.053125
8 0.28125 0.25625 0.0375 0.05625
8 0.484375 0.2546875 0.0421875 0.0578125
8 0.7078125 0.2484375 0.0328125 0.065625
8 0.875 0.240625 0.0453125 0.0609375
8 0.0578125 0.503125 0.0359375 0.0625
8 0.2875 0.521875 0.0546875 0.0625
8 0.4875 0.51875 0.046875 0.0609375
8 0.6765625 0.509375 0.046875 0.0640625
8 0.86875 0.509375 0.04375 0.0640625
8 0.0671875 0.7765625 0.0328125 0.0578125
8 0.2984375 0.778125 0.040625 0.0640625
8 0.5015625 0.775 0.053125 0.05625
8 0.7234375 0.759375 0.046875 0.065625
8 0.89375 0.7625 0.0421875 0.0609375
8 0.728125 0.6515625 0.04375 0.0546875
8 0.9 0.678125 0.046875 0.059375
8 0.0375 0.915625 0.034375 0.0703125
5 0.234375 0.921875 0.0390625 0.034375
11 0.70625 0.925 0.0421875 0.059375
11 0.8046875 0.9171875 0.046875 0.0640625
11 0.9078125 0.909375 0.0421875 0.0625
12 0.6015625 0.909375 0.0296875 0.0453125
8 0.490625 0.378125 0.0546875 0.0546875
2 0.0421875 0.759375 0.028125 0.04375