8 0.1640625 0.103125 0.040625 0.05625
8 0.378125 0.121875 0.03125 0.05625
8 0.5625 0.1234375 0.0421875 0.059375
8 0.7359375 0.10625 0.0484375 0.0609375
8 0.9125 0.103125 0.05625 0.0625
8 0.065625 0.378125 0.040625 0.059375
8 0.28125 0.378125 0.05 0.0625
8 0.48125 0.378125 0.04375 0.059375
8 0.70625 0.371875 0.0453125 0.0703125
8 0.875 0.3625 0.034375 0.0625
8 0.709375 0.25 0.0359375 0.05625
8 0.05625 0.6265625 0.0421875 0.0625
8 0.284375 0.646875 0.0453125 0.05625
8 0.49375 0.5046875 0.046875 0.0609375
8 0.4890625 0.6484375 0.0328125 0.0578125
8 0.671875 0.63125 0.046875 0.0609375
8 0.8703125 0.63125 0.040625 0.059375
8 0.06875 0.8984375 0.028125 0.0609375
8 0.29375 0.896875 0.0390625 0.0578125
8 0.4984375 0.9 0.0484375 0.053125
8 0.725 0.88125 0.0421875 0.0578125
8 0.896875 0.8875 0.040625 0.05625
8 0.728125 0.771875 0.0359375 0.059375
11 0.9 0.803125 0.04375 0.059375
11 0.0625 0.2703125 0.0390625 0.0578125
11 0.16875 0.246875 0.040625 0.05625
11 0.2875 0.2546875 0.0390625 0.0578125
11 0.3875 0.2578125 0.0390625 0.0609375
11 0.4875 0.259375 0.053125 0.065625
11 0.5875 0.26875 0.05 0.0703125
11 0.8796875 0.278125 0.05 0.0546875
11 0.978125 0.28125 0.0390625 0.0609375
11 0.0609375 0.5125 0.0421875 0.0609375
11 0.15625 0.521875 0.046875 0.0703125
2 0.2609375 0.546875 0.028125 0.040625
11 0.2921875 0.5265625 0.04375 0.0609375
11 0.3953125 0.525 0.0390625 0.0703125
11 0.678125 0.5328125 0.0578125 0.0703125
11 0.7703125 0.5203125 0.0390625 0.0578125
11 0.871875 0.5046875 0.0484375 0.0609375
11 0.96875 0.5125 0.0421875 0.06875
11 0.065625 0.7921875 0.0421875 0.0578125
11 0.1734375 0.771875 0.0484375 0.0625
11 0.296875 0.775 0.04375 0.065625
11 0.4 0.78125 0.0546875 0.0671875
11 0.5 0.784375 0.0453125 0.0640625
11 0.603125 0.7890625 0.0484375 0.071875
2 0.0390625 0.365625 0.025 0.0453125
2 0.040625 0.88125 0.0296875 0.0421875