11 0.05625 0.1609375 0.0421875 0.0609375
11 0.1609375 0.1625 0.05 0.05
11 0.2609375 0.1375 0.05 0.0546875
11 0.384375 0.146875 0.034375 0.0625
11 0.484375 0.153125 0.04375 0.0640625
11 0.5828125 0.15625 0.0359375 0.0640625
11 0.678125 0.159375 0.04375 0.0640625
11 0.96875 0.16875 0.053125 0.0609375
11 0.0578125 0.4015625 0.046875 0.0609375
11 0.1546875 0.403125 0.0390625 0.06875
11 0.25 0.4109375 0.0453125 0.0640625
11 0.3875 0.41875 0.0390625 0.06875
11 0.484375 0.4140625 0.0546875 0.0609375
11 0.7734375 0.428125 0.0546875 0.0640625
11 0.8625 0.415625 0.040625 0.053125
11 0.965625 0.396875 0.040625 0.059375
11 0.0578125 0.68125 0.0390625 0.059375
11 0.1625 0.6875 0.034375 0.05625
11 0.265625 0.6625 0.0390625 0.0578125
11 0.3921875 0.66875 0.0453125 0.0640625
11 0.49375 0.66875 0.0421875 0.0671875
11 0.596875 0.68125 0.0359375 0.059375
11 0.69375 0.6828125 0.0453125 0.0640625
8 0.8234375 0.6625 0.046875 0.0515625
8 0.15 0.515625 0.0453125 0.0625
8 0.390625 0.5390625 0.0453125 0.0609375
8 0.584375 0.540625 0.0390625 0.059375
8 0.5875 0.39375 0.0390625 0.0578125
8 0.571875 0.2671875 0.0484375 0.05625
8 0.3796875 0.271875 0.04375 0.05625
8 0.1609375 0.271875 0.040625 0.053125
8 0.803125 0.259375 0.0390625 0.0625
8 0.803125 0.140625 0.034375 0.059375
8 0.771875 0.525 0.046875 0.0640625
8 0.95625 0.521875 0.0421875 0.0640625
2 0.1375 0.7796875 0.03125 0.05
8 0.1625 0.7890625 0.0328125 0.0578125
8 0.3875 0.790625 0.04375 0.0609375
8 0.584375 0.79375 0.046875 0.0625
8 0.81875 0.775 0.03125 0.065625
8 0.134375 0.9296875 0.0421875 0.0640625
5 0.3296875 0.934375 0.0390625 0.0328125
12 0.696875 0.9203125 0.03125 0.05625
11 0.796875 0.934375 0.0390625 0.06875
11 0.9 0.93125 0.0390625 0.0609375
8 0.9671875 0.2546875 0.0375 0.071875
2 0.134375 0.253125 0.0265625 0.0453125