11 0.021875 0.1625 0.04375 0.065625
11 0.1203125 0.171875 0.04375 0.0703125
11 0.225 0.175 0.053125 0.0671875
11 0.328125 0.4296875 0.0390625 0.0546875
11 0.428125 0.421875 0.0421875 0.0609375
11 0.5265625 0.41875 0.0359375 0.0625
8 0.115625 0.2796875 0.03125 0.059375
8 0.34375 0.265625 0.0453125 0.06875
8 0.346875 0.153125 0.0390625 0.0640625
8 0.5140625 0.271875 0.0390625 0.053125
8 0.521875 0.1859375 0.0453125 0.053125
8 0.7265625 0.2578125 0.0375 0.0609375
8 0.896875 0.25625 0.0390625 0.05625
8 0.025 0.528125 0.0390625 0.0625
8 0.221875 0.5375 0.0375 0.0609375
8 0.415625 0.540625 0.0453125 0.059375
8 0.6640625 0.5265625 0.040625 0.0578125
8 0.9125 0.525 0.04375 0.065625
8 0.1390625 0.8125 0.0421875 0.05625
8 0.4125 0.803125 0.034375 0.05625
8 0.56875 0.8 0.0421875 0.059375
8 0.75625 0.8 0.046875 0.06875
8 0.903125 0.7984375 0.0453125 0.0625
10 0.0578125 0.6765625 0.0578125 0.0609375
3 0.31875 0.6953125 0.0484375 0.06875
5 0.415625 0.68125 0.0375 0.034375
5 0.75625 0.678125 0.05 0.025
12 0.21875 0.415625 0.040625 0.053125
3 0.73125 0.4078125 0.040625 0.05625
11 0.8046875 0.40625 0.0375 0.059375
8 0.9125 0.409375 0.040625 0.059375
5 0.725 0.196875 0.05625 0.0265625
8 0.10625 0.03125 0.040625 0.0578125
2 0.634375 0.434375 0.03125 0.0515625
3 0.66875 0.4171875 0.0421875 0.0625
3 0.20625 0.70625 0.04375 0.0515625
3 0.2625 0.7 0.0375 0.0640625