0 0.028125 0.35234375 0.05625 0.0609375
8 0.146875 0.35 0.0375 0.0546875
8 0.31875 0.3515625 0.040625 0.0640625
8 0.534375 0.375 0.0390625 0.059375
8 0.7125 0.3765625 0.0421875 0.0625
8 0.8859375 0.3578125 0.040625 0.0625
8 0.7125 0.203125 0.0421875 0.0578125
8 0.0234375 0.603125 0.04375 0.0546875
8 0.2140625 0.625 0.0328125 0.05
8 0.4390625 0.63125 0.0421875 0.059375
8 0.634375 0.625 0.040625 0.0578125
8 0.853125 0.615625 0.0453125 0.0515625
8 0.8625 0.4984375 0.040625 0.05625
8 0.6453125 0.753125 0.04375 0.0546875
8 0.6375 0.896875 0.046875 0.05625
8 0.44375 0.8953125 0.0453125 0.0578125
8 0.203125 0.875 0.0546875 0.0609375
8 0.0234375 0.8734375 0.040625 0.05625
8 0.825 0.878125 0.04375 0.0578125
14 0.028125 0.21171875 0.05625 0.0921875
11 0.8921875 0.234375 0.0421875 0.071875
11 0.975 0.2234375 0.040625 0.05625
2 0.503125 0.246875 0.0390625 0.05
11 0.5390625 0.228125 0.04375 0.0625
11 0.621875 0.221875 0.0515625 0.0671875
11 0.146875 0.2375 0.0484375 0.075
11 0.234375 0.2046875 0.04375 0.0625
11 0.31875 0.2109375 0.0421875 0.0609375
11 0.409375 0.21875 0.0421875 0.059375
11 0.0734375 0.134375 0.0328125 0.0546875
11 0.021875 0.509375 0.04375 0.0578125
11 0.1125 0.515625 0.0484375 0.053125
11 0.2125 0.5203125 0.040625 0.0546875
11 0.3171875 0.496875 0.0390625 0.053125
11 0.440625 0.5015625 0.040625 0.059375
11 0.5375 0.50625 0.0453125 0.0734375
11 0.634375 0.5109375 0.04375 0.0609375
11 0.7375 0.515625 0.0421875 0.0703125
11 0.025 0.79375 0.0453125 0.0765625
11 0.121875 0.75625 0.0484375 0.065625
11 0.209375 0.7578125 0.0453125 0.06875
11 0.30625 0.76875 0.0390625 0.06875
2 0.4125 0.79375 0.0296875 0.0484375
11 0.446875 0.778125 0.0421875 0.0609375
11 0.5453125 0.771875 0.0390625 0.0640625
11 0.828125 0.78125 0.0484375 0.0578125
11 0.921875 0.775 0.0453125 0.053125
2 0.1890625 0.6125 0.03125 0.0390625