8 0.2125 0.2359375 0.0484375 0.05625
8 0.390625 0.240625 0.04375 0.059375
8 0.565625 0.2234375 0.0578125 0.05625
11 0.309375 0.090625 0.0375 0.059375
8 0.396875 0.06875 0.0375 0.0484375
8 0.7453125 0.221875 0.0390625 0.05625
8 0.1125 0.496875 0.046875 0.0640625
8 0.3125 0.490625 0.0390625 0.059375
8 0.5359375 0.484375 0.046875 0.059375
8 0.5375 0.3625 0.0453125 0.0609375
8 0.703125 0.4765625 0.0453125 0.0640625
8 0.94375 0.46875 0.0484375 0.0578125
11 0.228125 0.640625 0.0453125 0.0671875
8 0.321875 0.61875 0.04375 0.0578125
8 0.315625 0.759375 0.0421875 0.0546875
8 0.121875 0.759375 0.0453125 0.0578125
8 0.509375 0.746875 0.0421875 0.065625
8 0.703125 0.7453125 0.046875 0.0671875
8 0.934375 0.7375 0.034375 0.0546875
8 0.559375 0.884375 0.0328125 0.0609375
8 0.7265625 0.915625 0.0546875 0.0609375
11 0.084375 0.084375 0.0390625 0.0625
2 0.184375 0.115625 0.03125 0.0515625
11 0.215625 0.0953125 0.0375 0.0625
11 0.56875 0.1 0.0484375 0.059375
11 0.65625 0.0890625 0.0421875 0.0609375
11 0.7515625 0.06875 0.0453125 0.0578125
11 0.84375 0.0734375 0.046875 0.0640625
2 0.9390625 0.09375 0.028125 0.0421875
11 0.965625 0.078125 0.040625 0.0640625
11 0.125 0.36875 0.040625 0.0625
11 0.221875 0.36875 0.040625 0.0625
11 0.3171875 0.3765625 0.0390625 0.059375
11 0.4125 0.378125 0.04375 0.0734375
11 0.7078125 0.396875 0.046875 0.0609375
11 0.8140625 0.39375 0.05625 0.065625
2 0.09375 0.6625 0.025 0.0421875
11 0.125 0.64375 0.0375 0.059375
11 0.515625 0.646875 0.0546875 0.071875
11 0.6046875 0.6375 0.0390625 0.0546875
11 0.7046875 0.61875 0.0484375 0.059375
11 0.803125 0.621875 0.040625 0.0625
2 0.90625 0.64375 0.0265625 0.0421875
11 0.934375 0.628125 0.0375 0.0609375
11 0.13125 0.890625 0.0453125 0.0625
11 0.2328125 0.8921875 0.0421875 0.065625
11 0.334375 0.8984375 0.053125 0.06875
11 0.43125 0.90625 0.053125 0.065625
5 0.93125 0.928125 0.046875 0.0296875
5 0.94375 0.38125 0.0453125 0.0234375
8 0.9625 0.215625 0.0390625 0.0578125