8 0.1796875 0.1515625 0.0328125 0.06875
8 0.403125 0.1390625 0.0390625 0.0625
8 0.571875 0.1390625 0.0390625 0.0625
8 0.8125 0.13125 0.04375 0.05625
8 0.971875 0.1375 0.0453125 0.0625
8 0.1875 0.278125 0.028125 0.0640625
8 0.184375 0.41875 0.0375 0.0609375
8 0.3765625 0.4015625 0.0390625 0.0640625
8 0.5640625 0.40625 0.0453125 0.065625
8 0.8 0.3984375 0.0421875 0.0640625
8 0.428125 0.546875 0.0453125 0.0609375
8 0.1953125 0.6734375 0.04375 0.05625
8 0.421875 0.659375 0.04375 0.0625
8 0.59375 0.6625 0.0328125 0.0625
8 0.5953125 0.578125 0.0453125 0.0640625
8 0.80625 0.653125 0.040625 0.0609375
8 0.975 0.653125 0.0390625 0.0625
8 0.10625 0.9203125 0.0484375 0.05625
8 0.2984375 0.9234375 0.040625 0.0625
8 0.503125 0.93125 0.0359375 0.065625
8 0.740625 0.91875 0.034375 0.0578125
11 0.084375 0.034375 0.0453125 0.06875
11 0.18125 0.0375 0.040625 0.0640625
11 0.284375 0.0453125 0.04375 0.0625
11 0.575 0.0578125 0.0453125 0.0609375
11 0.68125 0.05625 0.0484375 0.0609375
11 0.375 0.3125 0.05625 0.065625
11 0.0875 0.303125 0.04375 0.059375
11 0.4703125 0.3015625 0.034375 0.0609375
11 0.571875 0.278125 0.04375 0.0609375
11 0.66875 0.2796875 0.046875 0.0546875
2 0.7734375 0.303125 0.025 0.05625
11 0.8046875 0.2875 0.040625 0.0625
11 0.896875 0.28125 0.0484375 0.0578125
11 0.103125 0.55625 0.0453125 0.0640625
11 0.196875 0.55625 0.0453125 0.0609375
11 0.3 0.5671875 0.04375 0.0671875
11 0.4015625 0.8234375 0.04375 0.0640625
11 0.50625 0.8171875 0.034375 0.0640625
11 0.60625 0.8078125 0.0359375 0.0640625
3 0.809375 0.8 0.046875 0.059375
11 0.88125 0.8046875 0.040625 0.0578125
12 0.2984375 0.803125 0.0390625 0.0546875
5 0.8015625 0.5875 0.046875 0.03125
5 0.8125 0.040625 0.04375 0.03125
2 0.715625 0.828125 0.0296875 0.05
3 0.7484375 0.8078125 0.04375 0.065625