14 0.075 0.409375 0.05 0.1046875
8 0.153125 0.421875 0.0375 0.05625
8 0.321875 0.415625 0.0390625 0.0609375
0 0.078125 0.528125 0.059375 0.0625
8 0.15 0.53125 0.0375 0.059375
8 0.31875 0.5375 0.040625 0.0546875
8 0.525 0.521875 0.0390625 0.0640625
8 0.69375 0.525 0.0421875 0.059375
0 0.078125 0.259375 0.0578125 0.0625
8 0.15625 0.2546875 0.0390625 0.0578125
8 0.353125 0.275 0.034375 0.0609375
8 0.575 0.2765625 0.046875 0.0546875
8 0.78125 0.2765625 0.046875 0.0640625
8 0.8828125 0.534375 0.046875 0.0671875
0 0.078125 0.7875 0.059375 0.059375
8 0.1453125 0.7875 0.0328125 0.0640625
8 0.35 0.790625 0.0328125 0.065625
8 0.590625 0.7875 0.0390625 0.0578125
8 0.8015625 0.8125 0.05 0.065625
8 0.571875 0.028125 0.046875 0.05625
8 0.7734375 0.0265625 0.0375 0.053125
14 0.0765625 0.159375 0.05625 0.09375
14 0.075 0.6859375 0.05625 0.1015625
11 0.15 0.1625 0.05625 0.0625
11 0.246875 0.165625 0.0453125 0.0640625
11 0.3546875 0.171875 0.0390625 0.05
11 0.45625 0.15 0.04375 0.059375
11 0.58125 0.153125 0.0453125 0.0609375
11 0.6859375 0.159375 0.0390625 0.05625
11 0.7875 0.1625 0.046875 0.059375
11 0.8890625 0.171875 0.0421875 0.0609375
2 0.3265625 0.6984375 0.025 0.05
11 0.3546875 0.678125 0.0375 0.0640625
11 0.4546875 0.6796875 0.034375 0.0578125
12 0.15 0.6828125 0.0328125 0.0578125
11 0.2515625 0.6890625 0.0390625 0.065625
2 0.565625 0.69375 0.0265625 0.040625
3 0.6546875 0.6703125 0.0375 0.071875
10 0.71875 0.6734375 0.0453125 0.065625
5 0.51875 0.4203125 0.04375 0.028125
12 0.884375 0.4125 0.040625 0.0453125
3 0.596875 0.6765625 0.0453125 0.075
3 0.8734375 0.696875 0.0390625 0.05625
3 0.928125 0.696875 0.0421875 0.071875
2 0.3296875 0.2640625 0.028125 0.040625