11 0.059375 0.25 0.0375 0.0578125
11 0.165625 0.221875 0.034375 0.059375
11 0.290625 0.2265625 0.0390625 0.0578125
11 0.39375 0.2328125 0.04375 0.05625
11 0.49375 0.2359375 0.0421875 0.065625
11 0.59375 0.24375 0.0359375 0.0734375
11 0.7015625 0.5 0.0390625 0.0703125
11 0.7921875 0.490625 0.04375 0.059375
11 0.9 0.484375 0.046875 0.0703125
11 0.159375 0.75 0.0375 0.0625
2 0.034375 0.771875 0.0265625 0.040625
11 0.0625 0.753125 0.04375 0.0640625
8 0.05625 0.075 0.0421875 0.059375
8 0.28125 0.1 0.034375 0.053125
8 0.4796875 0.09375 0.0375 0.0578125
8 0.66875 0.08125 0.0546875 0.0625
8 0.859375 0.0875 0.040625 0.0734375
8 0.059375 0.35 0.034375 0.05625
8 0.284375 0.3484375 0.0546875 0.0578125
8 0.490625 0.35 0.0484375 0.05
8 0.7203125 0.3328125 0.0484375 0.0640625
8 0.71875 0.221875 0.0390625 0.05625
8 0.890625 0.2546875 0.05 0.0640625
8 0.890625 0.3375 0.0453125 0.0640625
8 0.03125 0.4875 0.040625 0.065625
8 0.028125 0.6140625 0.034375 0.0578125
8 0.225 0.6 0.040625 0.0625
8 0.4 0.59375 0.0421875 0.0640625
8 0.590625 0.6015625 0.0359375 0.0640625
8 0.7953125 0.6046875 0.053125 0.0640625
8 0.05625 0.8578125 0.0453125 0.059375
8 0.3015625 0.8625 0.04375 0.0609375
8 0.509375 0.878125 0.05 0.059375
8 0.784375 0.8734375 0.0375 0.0625
8 0.9375 0.871875 0.0421875 0.053125
5 0.78125 0.75 0.0390625 0.03125
10 0.4265625 0.740625 0.05 0.059375
12 0.59375 0.48125 0.0421875 0.0484375
5 0.228125 0.496875 0.040625 0.040625
2 0.271875 0.765625 0.0296875 0.0453125
3 0.303125 0.746875 0.046875 0.0609375
3 0.35625 0.740625 0.0421875 0.0625
3 0.578125 0.7734375 0.040625 0.0515625
3 0.634375 0.76875 0.0421875 0.0578125
3 0.690625 0.7625 0.046875 0.0703125
2 0.0375 0.3375 0.0265625 0.0421875