3 0.428125 0.18125 0.046875 0.0671875
11 0.496875 0.175 0.040625 0.059375
11 0.3703125 0.490625 0.0390625 0.059375
3 0.503125 0.4890625 0.0546875 0.059375
14 0.128125 0.171875 0.0609375 0.103125
0 0.128125 0.303125 0.053125 0.0765625
14 0.05 0.4984375 0.0703125 0.10625
14 0.046875 0.809375 0.065625 0.09375
0 0.046875 0.940625 0.0640625 0.075
0 0.0421875 0.615625 0.0609375 0.0625
3 0.325 0.8125 0.0515625 0.08125
11 0.3953125 0.809375 0.0421875 0.059375
8 0.1140625 0.8140625 0.05 0.0546875
8 0.121875 0.9375 0.040625 0.0578125
8 0.2625 0.946875 0.05 0.06875
8 0.53125 0.934375 0.0359375 0.0578125
8 0.696875 0.934375 0.04375 0.059375
8 0.890625 0.9484375 0.0296875 0.05625
8 0.8953125 0.80625 0.04375 0.0671875
8 0.69375 0.803125 0.04375 0.0734375
8 0.534375 0.8 0.046875 0.0671875
8 0.11875 0.609375 0.040625 0.0625
8 0.1125 0.5015625 0.053125 0.0625
8 0.284375 0.6375 0.04375 0.065625
8 0.5984375 0.621875 0.0421875 0.059375
8 0.746875 0.628125 0.0359375 0.053125
8 0.9296875 0.6203125 0.046875 0.0609375
8 0.5953125 0.503125 0.040625 0.06875
8 0.753125 0.490625 0.04375 0.06875
8 0.928125 0.503125 0.0453125 0.065625
8 0.2375 0.3 0.0421875 0.0609375
8 0.2375 0.18125 0.04375 0.059375
8 0.375 0.3125 0.0484375 0.0671875
8 0.621875 0.303125 0.05 0.05625
8 0.6234375 0.1578125 0.040625 0.0671875
8 0.7765625 0.16875 0.046875 0.065625
8 0.7671875 0.3 0.0453125 0.065625
8 0.95625 0.31875 0.046875 0.0625
8 0.95625 0.171875 0.04375 0.0671875
2 0.265625 0.515625 0.0234375 0.0484375
3 0.3 0.496875 0.053125 0.059375
3 0.36875 0.1828125 0.0484375 0.071875
3 0.2625 0.81875 0.0453125 0.078125