8 0.30625 0.29375 0.0390625 0.059375
3 0.496875 0.29375 0.0515625 0.075
11 0.56875 0.2875 0.0546875 0.059375
8 0.69375 0.271875 0.04375 0.059375
8 0.84375 0.28125 0.04375 0.0609375
8 0.3078125 0.4140625 0.046875 0.0640625
8 0.44375 0.421875 0.034375 0.0609375
8 0.6921875 0.415625 0.04375 0.059375
8 0.8421875 0.4125 0.0421875 0.05625
14 0.115625 0.609375 0.053125 0.0921875
8 0.1921875 0.6140625 0.040625 0.0609375
3 0.56875 0.596875 0.0484375 0.0703125
8 0.6625 0.6125 0.0390625 0.0578125
8 0.8203125 0.603125 0.0578125 0.059375
0 0.1109375 0.728125 0.0625 0.0625
8 0.190625 0.7234375 0.0453125 0.0578125
8 0.359375 0.74375 0.05 0.0546875
8 0.665625 0.728125 0.0421875 0.0625
8 0.81875 0.7359375 0.0421875 0.059375
14 0.115625 0.9203125 0.059375 0.096875
8 0.1859375 0.928125 0.034375 0.059375
8 0.603125 0.90625 0.046875 0.0703125
8 0.76875 0.9125 0.04375 0.065625
8 0.9671875 0.915625 0.0453125 0.065625
14 0.196875 0.28125 0.0625 0.1
0 0.1953125 0.421875 0.06875 0.065625
2 0.3359375 0.628125 0.028125 0.04375
3 0.36875 0.615625 0.0484375 0.0625
11 0.440625 0.609375 0.0421875 0.0640625
3 0.396875 0.928125 0.0515625 0.075
11 0.465625 0.921875 0.040625 0.08125
3 0.4375 0.29375 0.04375 0.0796875
3 0.3328125 0.93125 0.04375 0.0640625