14 0.165625 0.140625 0.05625 0.0953125
14 0.084375 0.46875 0.059375 0.10625
14 0.078125 0.771875 0.0546875 0.1015625
0 0.165625 0.275 0.0625 0.0625
0 0.0796875 0.5828125 0.0625 0.0640625
0 0.08125 0.909375 0.071875 0.0609375
8 0.275 0.14375 0.03125 0.06875
8 0.6609375 0.1265625 0.046875 0.059375
8 0.8125 0.1328125 0.0484375 0.0609375
8 0.278125 0.26875 0.0390625 0.05625
8 0.40625 0.278125 0.0453125 0.065625
8 0.65625 0.26875 0.0484375 0.0640625
8 0.8125 0.26875 0.04375 0.065625
8 0.1578125 0.46875 0.0453125 0.06875
8 0.15625 0.578125 0.040625 0.0671875
8 0.33125 0.603125 0.0390625 0.0609375
8 0.63125 0.5875 0.046875 0.059375
8 0.63125 0.46875 0.0546875 0.0609375
8 0.790625 0.4625 0.0578125 0.0625
8 0.7875 0.59375 0.0453125 0.05
8 0.9640625 0.4734375 0.04375 0.0546875
8 0.15625 0.78125 0.04375 0.0625
8 0.56875 0.765625 0.0484375 0.071875
8 0.734375 0.765625 0.0640625 0.0625
8 0.93125 0.771875 0.05625 0.0734375
8 0.15625 0.903125 0.0421875 0.0578125
8 0.3 0.9125 0.0453125 0.0640625
8 0.571875 0.90625 0.0390625 0.0609375
8 0.734375 0.903125 0.0546875 0.065625
8 0.925 0.915625 0.05625 0.065625
3 0.3375 0.46875 0.053125 0.0609375
11 0.403125 0.4625 0.05 0.0625
3 0.46875 0.1515625 0.0578125 0.075
11 0.534375 0.14375 0.0421875 0.06875
3 0.365625 0.78125 0.05 0.078125
11 0.43125 0.778125 0.0453125 0.059375
3 0.540625 0.45625 0.0578125 0.059375
3 0.4125 0.15 0.04375 0.0703125
3 0.30625 0.790625 0.046875 0.0734375
8 0.959375 0.584375 0.0578125 0.0703125