8 0.134375 0.0390625 0.0390625 0.0609375
8 0.321875 0.04375 0.0546875 0.0609375
8 0.13125 0.171875 0.040625 0.0609375
8 0.3125 0.190625 0.0390625 0.0609375
8 0.465625 0.1734375 0.05625 0.0625
8 0.734375 0.1984375 0.0421875 0.0609375
8 0.7421875 0.05625 0.040625 0.059375
8 0.8734375 0.18125 0.0421875 0.0625
8 0.1140625 0.36875 0.046875 0.065625
8 0.28125 0.378125 0.0484375 0.0609375
3 0.6203125 0.3625 0.05 0.0625
8 0.70625 0.365625 0.0390625 0.059375
8 0.109375 0.5 0.0375 0.0578125
8 0.290625 0.490625 0.0484375 0.0625
8 0.43125 0.503125 0.046875 0.0625
8 0.703125 0.4890625 0.0359375 0.0609375
8 0.85625 0.496875 0.040625 0.0609375
8 0.0578125 0.671875 0.0390625 0.0609375
8 0.25625 0.6734375 0.0421875 0.059375
8 0.70625 0.6890625 0.046875 0.05625
8 0.05625 0.80625 0.0390625 0.0609375
8 0.2546875 0.81875 0.0375 0.059375
8 0.41875 0.8046875 0.0453125 0.0640625
8 0.7 0.828125 0.0421875 0.0578125
8 0.853125 0.8140625 0.0453125 0.0625
3 0.534375 0.0421875 0.040625 0.065625
11 0.6 0.0375 0.05 0.0609375
3 0.43125 0.3796875 0.0421875 0.06875
11 0.5 0.38125 0.0453125 0.0609375
3 0.490625 0.6796875 0.05 0.06875
11 0.565625 0.671875 0.040625 0.059375
10 0.8859375 0.05625 0.0578125 0.059375
10 0.865625 0.365625 0.0578125 0.059375
10 0.86875 0.6875 0.0578125 0.059375
3 0.4671875 0.0484375 0.059375 0.065625
3 0.4234375 0.684375 0.05 0.0609375