3 0.55625 0.44375 0.05 0.0625
3 0.7375 0.45625 0.05 0.0703125
3 0.5296875 0.74375 0.0453125 0.065625
3 0.721875 0.7578125 0.0390625 0.0609375
8 0.1421875 0.121875 0.0515625 0.0625
8 0.34375 0.125 0.0421875 0.06875
8 0.790625 0.134375 0.0453125 0.0625
8 0.14375 0.2546875 0.04375 0.0640625
8 0.3375 0.2671875 0.04375 0.0625
8 0.509375 0.2546875 0.04375 0.0640625
8 0.79375 0.2828125 0.0484375 0.05625
8 0.94375 0.2625 0.0484375 0.06875
8 0.05 0.453125 0.0390625 0.059375
8 0.209375 0.44375 0.040625 0.075
8 0.4015625 0.446875 0.0390625 0.071875
8 0.053125 0.565625 0.0484375 0.0609375
8 0.209375 0.575 0.053125 0.0703125
8 0.4 0.575 0.0484375 0.0640625
8 0.553125 0.571875 0.0484375 0.0703125
8 0.8453125 0.559375 0.04375 0.065625
8 0.175 0.7640625 0.0421875 0.059375
8 0.3734375 0.7640625 0.0390625 0.065625
8 0.1796875 0.8875 0.05 0.06875
8 0.371875 0.903125 0.040625 0.05
8 0.534375 0.8890625 0.0390625 0.0625
3 0.571875 0.121875 0.046875 0.0734375
11 0.6515625 0.11875 0.05 0.065625
11 0.625 0.4484375 0.0515625 0.0609375
11 0.6078125 0.75 0.0515625 0.0609375
5 0.840625 0.4296875 0.04375 0.0296875
10 0.95625 0.134375 0.0578125 0.059375
5 0.825 0.746875 0.034375 0.0296875
5 0.821875 0.89375 0.034375 0.0265625
3 0.5078125 0.121875 0.05625 0.084375