8 0.0671875 0.115625 0.046875 0.0703125
8 0.059375 0.2546875 0.04375 0.0609375
8 0.228125 0.2453125 0.05625 0.0546875
8 0.5140625 0.265625 0.0390625 0.0703125
8 0.6625 0.253125 0.0421875 0.06875
8 0.515625 0.125 0.046875 0.0640625
3 0.2921875 0.1109375 0.05625 0.08125
11 0.36875 0.109375 0.053125 0.0703125
3 0.275 0.4328125 0.05625 0.0609375
11 0.346875 0.4359375 0.0484375 0.0703125
3 0.253125 0.7359375 0.046875 0.0703125
11 0.325 0.74375 0.0453125 0.0703125
8 0.11875 0.4375 0.0421875 0.0734375
8 0.1203125 0.559375 0.05 0.071875
8 0.278125 0.5578125 0.0421875 0.0578125
8 0.559375 0.546875 0.040625 0.053125
8 0.7125 0.55625 0.05 0.065625
8 0.09375 0.75625 0.046875 0.0609375
8 0.0921875 0.890625 0.0375 0.0625
8 0.25 0.88125 0.0546875 0.059375
10 0.675 0.125 0.05 0.0640625
3 0.4609375 0.44375 0.046875 0.0703125
3 0.4484375 0.75 0.05 0.0671875
5 0.54375 0.734375 0.040625 0.025
5 0.5453125 0.88125 0.0421875 0.0265625
4 0.8 0.115625 0.040625 0.0375
5 0.559375 0.4203125 0.0453125 0.0421875
3 0.2328125 0.121875 0.059375 0.08125