0 0.175 0.13125 0.0546875 0.0640625
8 0.25 0.121875 0.0390625 0.0625
8 0.415625 0.146875 0.0421875 0.059375
8 0.725 0.1328125 0.0484375 0.075
8 0.875 0.1421875 0.04375 0.05625
14 0.178125 0.321875 0.0625 0.1078125
8 0.25 0.3265625 0.040625 0.0703125
14 0.178125 0.646875 0.0609375 0.096875
0 0.178125 0.453125 0.05625 0.0640625
8 0.253125 0.446875 0.034375 0.0625
8 0.39375 0.4625 0.04375 0.06875
8 0.6640625 0.446875 0.040625 0.059375
8 0.8265625 0.453125 0.0484375 0.0609375
8 0.828125 0.3125 0.0390625 0.0578125
8 0.659375 0.3125 0.0453125 0.065625
3 0.4546875 0.328125 0.05625 0.0671875
11 0.53125 0.321875 0.0453125 0.0640625
2 0.4015625 0.6625 0.0375 0.040625
3 0.4375 0.6484375 0.0546875 0.0609375
11 0.5125 0.640625 0.0453125 0.0609375
3 0.40625 0.9640625 0.0390625 0.0609375
11 0.4765625 0.9515625 0.0375 0.065625
3 0.6421875 0.6375 0.0515625 0.0609375
3 0.590625 0.95 0.040625 0.06875
8 0.25 0.646875 0.04375 0.0703125
8 0.7375 0.6484375 0.04375 0.0546875
8 0.896875 0.640625 0.0390625 0.0640625
0 0.175 0.75625 0.065625 0.0515625
8 0.253125 0.75625 0.0375 0.0578125
8 0.421875 0.7765625 0.0390625 0.0640625
8 0.7421875 0.7625 0.0546875 0.065625
8 0.896875 0.771875 0.046875 0.059375
8 0.69375 0.9421875 0.040625 0.071875
8 0.865625 0.95625 0.0421875 0.065625
14 0.178125 0.9515625 0.05625 0.09375
8 0.2546875 0.9375 0.04375 0.065625
3 0.39375 0.3328125 0.0484375 0.075
2 0.4 0.03125 0.03125 0.0421875