8 0.140625 0.1015625 0.046875 0.0609375
8 0.290625 0.1015625 0.0453125 0.059375
8 0.46875 0.11875 0.0484375 0.0625
8 0.628125 0.10625 0.0515625 0.0578125
8 0.8921875 0.128125 0.0484375 0.053125
8 0.1125 0.303125 0.05 0.0625
8 0.26875 0.290625 0.0484375 0.05625
8 0.440625 0.30625 0.0546875 0.065625
8 0.8625 0.2953125 0.05 0.0546875
8 0.115625 0.421875 0.0375 0.0609375
8 0.2671875 0.434375 0.04375 0.05625
8 0.44375 0.4203125 0.0453125 0.065625
8 0.584375 0.434375 0.04375 0.059375
8 0.85625 0.425 0.0421875 0.059375
8 0.0515625 0.596875 0.04375 0.059375
8 0.2125 0.603125 0.0515625 0.05625
8 0.41875 0.609375 0.05625 0.065625
8 0.8671875 0.6203125 0.053125 0.05
8 0.05 0.740625 0.040625 0.059375
8 0.215625 0.7375 0.0390625 0.0546875
8 0.4109375 0.75 0.0421875 0.0609375
8 0.575 0.7375 0.04375 0.0578125
8 0.8625 0.7625 0.0359375 0.059375
8 0.121875 0.934375 0.04375 0.065625
8 0.284375 0.928125 0.0453125 0.0609375
8 0.46875 0.928125 0.0515625 0.0671875
3 0.5890625 0.309375 0.0421875 0.059375
3 0.7734375 0.290625 0.05625 0.059375
3 0.628125 0.928125 0.0578125 0.065625
3 0.809375 0.934375 0.05 0.0609375
3 0.03125 0.925 0.059375 0.0625
3 0.65 0.6125 0.0546875 0.0734375
11 0.725 0.60625 0.046875 0.06875
11 0.6625 0.315625 0.0515625 0.059375
11 0.703125 0.93125 0.0546875 0.0703125
3 0.578125 0.6125 0.0546875 0.0828125
5 0.9125 0.9140625 0.0390625 0.028125