8 0.103125 0.10625 0.05625 0.05625
8 0.2453125 0.103125 0.05 0.0625
8 0.43125 0.115625 0.04375 0.0578125
8 0.5875 0.10625 0.046875 0.05625
8 0.85625 0.13125 0.04375 0.0609375
8 0.075 0.30625 0.04375 0.0671875
8 0.234375 0.296875 0.0484375 0.084375
8 0.403125 0.3125 0.0515625 0.0609375
8 0.075 0.428125 0.046875 0.06875
8 0.228125 0.4296875 0.04375 0.0640625
8 0.409375 0.4265625 0.0625 0.0734375
8 0.55625 0.4390625 0.0546875 0.059375
8 0.81875 0.425 0.0453125 0.065625
8 0.975 0.43125 0.0375 0.0625
8 0.171875 0.60625 0.0453125 0.0671875
8 0.378125 0.609375 0.046875 0.075
8 0.83125 0.621875 0.0515625 0.065625
8 0.171875 0.740625 0.04375 0.0640625
8 0.371875 0.753125 0.0515625 0.059375
8 0.540625 0.7390625 0.04375 0.0609375
8 0.825 0.765625 0.0546875 0.059375
8 0.971875 0.753125 0.05 0.0734375
8 0.0828125 0.9359375 0.04375 0.059375
8 0.240625 0.925 0.0390625 0.065625
8 0.434375 0.925 0.0484375 0.0671875
3 0.553125 0.309375 0.0484375 0.0640625
3 0.7375 0.29375 0.059375 0.0625
3 0.775 0.940625 0.0390625 0.0578125
3 0.590625 0.928125 0.040625 0.0640625
11 0.61875 0.3125 0.0453125 0.059375
3 0.60625 0.609375 0.05 0.0796875
11 0.6875 0.6078125 0.04375 0.059375
11 0.6625 0.934375 0.04375 0.059375
8 0.825 0.2953125 0.04375 0.059375
5 0.871875 0.915625 0.0421875 0.0265625
3 0.546875 0.6140625 0.0578125 0.075