14 0.0796875 0.159375 0.0359375 0.053125
0 0.078125 0.2359375 0.0265625 0.034375
3 0.159375 0.1625 0.0171875 0.025
3 0.18125 0.1484375 0.0203125 0.0484375
13 0.55625 0.4390625 0.0171875 0.053125
11 0.453125 0.425 0.0140625 0.0359375
1 0.40625 0.434375 0.0125 0.01875
11 0.759375 0.553125 0.01875 0.0515625
3 0.69375 0.565625 0.015625 0.065625
3 0.71875 0.5609375 0.01875 0.0640625
11 0.74375 0.765625 0.0109375 0.04375
12 0.7703125 0.7515625 0.0234375 0.0203125
3 0.353125 0.7625 0.0203125 0.0390625
2 0.3671875 0.7625 0.015625 0.015625
8 0.815625 0.25625 0.015625 0.021875
3 0.4625 0.246875 0.015625 0.0375
8 0.471875 0.2375 0.0078125 0.0328125
3 0.484375 0.2375 0.0125 0.0296875
3 0.503125 0.23125 0.01875 0.021875
3 0.525 0.228125 0.0203125 0.0234375
8 0.55 0.2375 0.0203125 0.034375
3 0.64375 0.259375 0.028125 0.021875
3 0.665625 0.25 0.015625 0.0265625
3 0.6796875 0.24375 0.0140625 0.0328125
3 0.696875 0.2375 0.0125 0.0421875
8 0.721875 0.23125 0.015625 0.0375
8 0.775 0.221875 0.021875 0.0390625
12 0.771875 0.25 0.0203125 0.01875
3 0.20625 0.1453125 0.015625 0.0421875
3 0.2265625 0.14375 0.0109375 0.03125
3 0.2484375 0.14375 0.015625 0.0265625
3 0.26875 0.15 0.0140625 0.0296875
3 0.296875 0.146875 0.01875 0.0234375
5 0.328125 0.15 0.0203125 0.021875
4 0.1359375 0.159375 0.0203125 0.0203125
4 0.45625 0.159375 0.0171875 0.0171875
3 0.48125 0.15625 0.01875 0.0375
3 0.5 0.146875 0.0140625 0.028125
3 0.534375 0.15 0.015625 0.03125
3 0.5515625 0.153125 0.0125 0.0296875
3 0.575 0.1515625 0.0125 0.0375
3 0.59375 0.153125 0.0109375 0.0359375
3 0.615625 0.1578125 0.015625 0.0328125
8 0.65 0.1625 0.0203125 0.0328125
8 0.71875 0.16875 0.0171875 0.028125
3 0.7765625 0.14375 0.0203125 0.028125
3 0.8015625 0.146875 0.0171875 0.0328125
3 0.8203125 0.140625 0.0125 0.028125
3 0.846875 0.14375 0.0171875 0.03125
3 0.865625 0.14375 0.0203125 0.0328125
11 0.8875 0.1546875 0.015625 0.034375
11 0.934375 0.146875 0.0203125 0.0390625
3 0.8609375 0.203125 0.0265625 0.034375
3 0.8859375 0.20625 0.0140625 0.0359375
11 0.909375 0.2125 0.021875 0.0296875
3 0.1375 0.246875 0.028125 0.0453125
3 0.165625 0.2421875 0.01875 0.0359375
3 0.1875 0.234375 0.0125 0.028125
3 0.2046875 0.228125 0.0234375 0.025
8 0.2265625 0.2375 0.0125 0.0265625
3 0.328125 0.2546875 0.0234375 0.025
3 0.346875 0.2484375 0.0171875 0.0390625
3 0.365625 0.240625 0.015625 0.0359375
3 0.3828125 0.2375 0.0171875 0.046875
8 0.4046875 0.221875 0.01875 0.028125
14 0.08125 0.359375 0.0265625 0.05
3 0.115625 0.3609375 0.01875 0.03125
3 0.134375 0.3625 0.0140625 0.03125
3 0.153125 0.3609375 0.0140625 0.028125
3 0.16875 0.359375 0.0171875 0.0328125
11 0.1875 0.353125 0.0125 0.03125
3 0.21875 0.3484375 0.021875 0.0328125
11 0.2515625 0.359375 0.015625 0.0375
3 0.284375 0.353125 0.015625 0.0375
3 0.303125 0.3515625 0.009375 0.0359375
3 0.315625 0.353125 0.0140625 0.0359375
3 0.33125 0.35 0.0140625 0.0296875
11 0.346875 0.359375 0.0140625 0.0328125
3 0.384375 0.35625 0.0234375 0.03125
3 0.41875 0.3546875 0.01875 0.0375
3 0.4375 0.35625 0.015625 0.046875
3 0.453125 0.3546875 0.0125 0.0421875
3 0.4671875 0.353125 0.0109375 0.0453125
3 0.484375 0.353125 0.01875 0.0515625
11 0.5 0.35625 0.0109375 0.0546875
11 0.553125 0.353125 0.03125 0.05
11 0.6125 0.353125 0.0140625 0.0546875
3 0.64375 0.3625 0.0203125 0.0734375
3 0.671875 0.365625 0.0234375 0.0609375
3 0.70625 0.36875 0.0125 0.0640625
3 0.73125 0.365625 0.0125 0.0609375
11 0.765625 0.35625 0.01875 0.053125
11 0.821875 0.3578125 0.01875 0.053125
3 0.85625 0.365625 0.01875 0.0703125
3 0.884375 0.36875 0.0140625 0.059375
3 0.9109375 0.375 0.0203125 0.0359375
3 0.934375 0.3765625 0.0140625 0.0390625
3 0.115625 0.45 0.0203125 0.0265625
3 0.1359375 0.44375 0.0125 0.040625
3 0.153125 0.4359375 0.0125 0.0390625
3 0.1703125 0.434375 0.0125 0.0484375
8 0.1875 0.41875 0.0140625 0.03125
3 0.25 0.4421875 0.015625 0.0203125
3 0.26875 0.43125 0.0171875 0.021875
11 0.2890625 0.41875 0.0171875 0.03125
3 0.3265625 0.440625 0.015625 0.0265625
3 0.346875 0.43125 0.015625 0.0296875
11 0.36875 0.4171875 0.0203125 0.03125
3 0.41875 0.446875 0.0125 0.034375
3 0.434375 0.4375 0.0125 0.0296875
3 0.484375 0.446875 0.009375 0.025
3 0.5 0.434375 0.0125 0.0328125
11 0.5171875 0.421875 0.01875 0.0328125
13 0.571875 0.4328125 0.015625 0.0390625
13 0.5875 0.428125 0.0125 0.0359375
13 0.6 0.421875 0.0125 0.034375
11 0.6140625 0.43125 0.0125 0.0359375
13 0.64375 0.446875 0.015625 0.0421875
13 0.659375 0.44375 0.0140625 0.0453125
13 0.675 0.4359375 0.0125 0.05
13 0.6890625 0.43125 0.009375 0.046875
11 0.70625 0.4203125 0.01875 0.0328125
13 0.76875 0.434375 0.01875 0.05625
13 0.784375 0.43125 0.0125 0.053125
13 0.7953125 0.425 0.0109375 0.0390625
13 0.809375 0.4203125 0.0140625 0.0328125
11 0.8234375 0.428125 0.0140625 0.034375
13 0.8515625 0.45 0.0203125 0.034375
13 0.86875 0.446875 0.0109375 0.0390625
13 0.88125 0.4375 0.015625 0.04375
13 0.8953125 0.43125 0.0171875 0.053125
3 0.9125 0.434375 0.0109375 0.0359375
3 0.9359375 0.434375 0.0140625 0.0265625
0 0.08125 0.425 0.028125 0.0421875
11 0.11875 0.546875 0.0171875 0.046875
3 0.209375 0.5515625 0.01875 0.0609375
3 0.2359375 0.559375 0.01875 0.065625
3 0.265625 0.553125 0.0171875 0.0671875
3 0.2953125 0.5625 0.015625 0.05
3 0.321875 0.559375 0.009375 0.05
3 0.359375 0.55625 0.01875 0.05625
3 0.3796875 0.559375 0.0125 0.0578125
3 0.3984375 0.5578125 0.015625 0.059375
3 0.421875 0.553125 0.0125 0.065625
3 0.44375 0.553125 0.0140625 0.05625
3 0.4625 0.546875 0.01875 0.0515625
3 0.4875 0.55 0.0125 0.0578125
3 0.50625 0.546875 0.0140625 0.0640625
11 0.5375 0.540625 0.0171875 0.05625
11 0.596875 0.540625 0.01875 0.0625
3 0.6328125 0.553125 0.0140625 0.0765625
3 0.6609375 0.5625 0.015625 0.0609375
11 0.815625 0.55 0.0234375 0.0515625
3 0.8515625 0.55625 0.0171875 0.0703125
3 0.88125 0.5640625 0.01875 0.0546875
3 0.909375 0.571875 0.0140625 0.0375
3 0.934375 0.571875 0.01875 0.034375
13 0.125 0.634375 0.015625 0.0546875
13 0.140625 0.6265625 0.0109375 0.0421875
13 0.153125 0.6203125 0.009375 0.0359375
13 0.16875 0.6171875 0.0140625 0.0328125
11 0.184375 0.625 0.0140625 0.03125
13 0.2328125 0.646875 0.01875 0.03125
13 0.2484375 0.646875 0.0140625 0.04375
13 0.265625 0.6359375 0.0109375 0.0390625
13 0.28125 0.63125 0.009375 0.0421875
11 0.296875 0.625 0.0203125 0.0359375
11 0.3625 0.646875 0.0140625 0.034375
11 0.403125 0.64375 0.0140625 0.03125
11 0.4421875 0.6390625 0.0234375 0.0359375
11 0.4828125 0.640625 0.0171875 0.0359375
13 0.5390625 0.640625 0.015625 0.053125
13 0.5546875 0.6359375 0.0109375 0.0421875
13 0.56875 0.628125 0.0125 0.0359375
13 0.584375 0.6234375 0.0109375 0.03125
11 0.596875 0.63125 0.0125 0.028125
13 0.63125 0.646875 0.015625 0.0421875
13 0.646875 0.64375 0.015625 0.0421875
13 0.659375 0.640625 0.0109375 0.0515625
13 0.6765625 0.6359375 0.015625 0.0546875
11 0.696875 0.61875 0.0171875 0.034375
13 0.759375 0.6375 0.015625 0.059375
13 0.775 0.63125 0.0109375 0.05
13 0.7875 0.628125 0.0125 0.04375
13 0.8015625 0.61875 0.015625 0.028125
11 0.81875 0.625 0.0171875 0.0375
13 0.8484375 0.6515625 0.0140625 0.0421875
13 0.865625 0.65 0.0140625 0.0453125
13 0.88125 0.6421875 0.009375 0.0546875
13 0.89375 0.640625 0.0109375 0.0625
3 0.909375 0.63125 0.0109375 0.034375
3 0.9328125 0.63125 0.009375 0.0234375
3 0.115625 0.7625 0.0203125 0.0515625
3 0.1296875 0.759375 0.0078125 0.053125
3 0.14375 0.759375 0.009375 0.0578125
3 0.1671875 0.7609375 0.009375 0.0625
3 0.1875 0.759375 0.0125 0.0625
3 0.209375 0.746875 0.015625 0.0734375
3 0.228125 0.746875 0.0125 0.06875
3 0.25 0.75 0.0125 0.0703125
3 0.265625 0.753125 0.015625 0.0765625
8 0.315625 0.7546875 0.0203125 0.046875
3 0.38125 0.753125 0.0109375 0.034375
11 0.4046875 0.753125 0.0203125 0.046875
3 0.46875 0.759375 0.0171875 0.0453125
11 0.4875 0.75625 0.0171875 0.0421875
3 0.528125 0.759375 0.01875 0.0484375
2 0.546875 0.7625 0.0109375 0.0296875
3 0.559375 0.7546875 0.0140625 0.053125
3 0.578125 0.75 0.0109375 0.046875
3 0.6 0.753125 0.0125 0.05625
3 0.6171875 0.753125 0.0109375 0.0515625
1 0.6453125 0.75 0.0109375 0.03125
5 0.66875 0.7578125 0.015625 0.0125
3 0.715625 0.7578125 0.009375 0.0296875
3 0.721875 0.765625 0.0046875 0.0421875
3 0.73125 0.771875 0.009375 0.0515625
3 0.8015625 0.7484375 0.015625 0.0515625
1 0.8125 0.753125 0.0078125 0.021875
1 0.81875 0.740625 0.009375 0.0203125
3 0.8296875 0.7484375 0.0109375 0.0546875
1 0.840625 0.7625 0.0046875 0.0203125
3 0.85625 0.75 0.009375 0.0609375
1 0.8640625 0.75625 0.00625 0.0234375
14 0.08125 0.5515625 0.025 0.065625
0 0.084375 0.628125 0.0265625 0.040625
14 0.0828125 0.75625 0.015625 0.059375
0 0.0796875 0.8265625 0.028125 0.040625
3 0.8875 0.746875 0.009375 0.059375
5 0.9203125 0.75 0.0203125 0.0125
11 0.125 0.834375 0.021875 0.0546875
11 0.1703125 0.85625 0.0140625 0.0578125
8 0.209375 0.85 0.0296875 0.0546875
8 0.315625 0.85 0.01875 0.0609375
8 0.559375 0.8296875 0.0296875 0.05
11 0.35625 0.846875 0.025 0.0640625
11 0.4015625 0.8296875 0.0171875 0.0421875
11 0.4609375 0.840625 0.015625 0.034375
11 0.509375 0.834375 0.03125 0.059375
1 0.6484375 0.834375 0.015625 0.0296875
6 0.675 0.828125 0.021875 0.0140625
3 0.7234375 0.8421875 0.015625 0.0296875
3 0.73125 0.85625 0.0078125 0.059375
11 0.746875 0.853125 0.015625 0.0515625
12 0.7703125 0.828125 0.015625 0.03125
3 0.8 0.83125 0.015625 0.0421875
1 0.815625 0.828125 0.0078125 0.021875
3 0.828125 0.828125 0.0125 0.0421875
3 0.853125 0.83125 0.0109375 0.04375
3 0.8859375 0.834375 0.009375 0.04375
1 0.81875 0.8125 0.009375 0.01875
1 0.8703125 0.8171875 0.0140625 0.01875
5 0.91875 0.8375 0.0125 0.0140625
5 0.91875 0.825 0.0203125 0.0140625