14 0.934375 0.2125 0.0671875 0.321875
11 0.796875 0.25 0.0421875 0.175
11 0.75 0.23125 0.04375 0.178125
11 0.7 0.21875 0.0421875 0.1921875
11 0.653125 0.215625 0.040625 0.18125
11 0.5703125 0.2203125 0.04375 0.1890625
11 0.484375 0.253125 0.0453125 0.175
11 0.4375 0.21875 0.046875 0.184375
11 0.35625 0.18125 0.040625 0.175
12 0.5328125 0.21875 0.040625 0.1453125
12 0.3140625 0.21875 0.0375 0.134375
12 0.1734375 0.209375 0.0421875 0.1453125
3 0.25625 0.203125 0.0578125 0.178125
3 0.2109375 0.1984375 0.046875 0.171875