14 0.0421875 0.8234375 0.065625 0.3171875
11 0.175 0.7875 0.0421875 0.1734375
11 0.2234375 0.803125 0.04375 0.1765625
11 0.271875 0.815625 0.040625 0.1890625
11 0.31875 0.81875 0.0390625 0.178125
11 0.3984375 0.815625 0.04375 0.1875
11 0.4828125 0.784375 0.04375 0.1734375
11 0.528125 0.81875 0.0453125 0.18125
11 0.60625 0.8546875 0.040625 0.171875
12 0.434375 0.81875 0.040625 0.1421875
12 0.65 0.81875 0.0359375 0.13125
12 0.7875 0.8265625 0.0421875 0.1421875
3 0.70625 0.83125 0.05625 0.1765625
3 0.75 0.8375 0.0453125 0.1703125