14 0.940625 0.884375 0.0671875 0.13125
14 0.94375 0.575 0.075 0.1328125
14 0.940625 0.25625 0.0671875 0.1375
0 0.94375 0.128125 0.075 0.0703125
0 0.940625 0.44375 0.075 0.06875
0 0.940625 0.75625 0.0703125 0.06875
8 0.8375 0.928125 0.0359375 0.0875
8 0.203125 0.609375 0.0390625 0.08125
13 0.78125 0.896875 0.065625 0.0859375
13 0.240625 0.9078125 0.053125 0.0796875
13 0.190625 0.909375 0.0515625 0.0890625
13 0.146875 0.90625 0.0453125 0.0953125
13 0.828125 0.259375 0.05 0.0875
13 0.778125 0.2703125 0.04375 0.0875
13 0.7265625 0.28125 0.046875 0.0875
13 0.684375 0.2859375 0.0453125 0.08125
13 0.5875 0.25625 0.05 0.0890625
13 0.54375 0.2640625 0.0375 0.0859375
13 0.271875 0.2671875 0.0546875 0.090625
13 0.215625 0.278125 0.0515625 0.0890625
13 0.175 0.2890625 0.040625 0.090625
13 0.5875 0.13125 0.0515625 0.08125
13 0.54375 0.13125 0.0375 0.0859375
13 0.684375 0.153125 0.0421875 0.0859375
13 0.725 0.1515625 0.046875 0.0875
13 0.8265625 0.128125 0.0546875 0.078125
13 0.371875 0.5828125 0.04375 0.0890625
3 0.5859375 0.9 0.053125 0.084375
3 0.5421875 0.896875 0.046875 0.084375
3 0.490625 0.8984375 0.0421875 0.0859375
3 0.421875 0.928125 0.0609375 0.0859375
3 0.371875 0.884375 0.0515625 0.0921875
3 0.33125 0.896875 0.05 0.084375
3 0.7 0.771875 0.0546875 0.0875
3 0.65 0.78125 0.04375 0.0859375
3 0.6046875 0.7921875 0.04375 0.0859375
3 0.2421875 0.7703125 0.0546875 0.090625
3 0.190625 0.7828125 0.046875 0.090625
3 0.146875 0.790625 0.0453125 0.0875
3 0.60625 0.44375 0.0609375 0.084375
3 0.5578125 0.425 0.059375 0.0796875
3 0.13125 0.434375 0.04375 0.084375
3 0.08125 0.4453125 0.0375 0.096875
3 0.209375 0.44375 0.0609375 0.0890625
3 0.421875 0.575 0.0515625 0.0921875
3 0.484375 0.296875 0.053125 0.084375
3 0.440625 0.3 0.046875 0.0859375
3 0.1140625 0.24375 0.0609375 0.0859375
3 0.125 0.13125 0.046875 0.0828125
3 0.1703125 0.121875 0.04375 0.0859375
3 0.221875 0.109375 0.0546875 0.096875
3 0.265625 0.103125 0.0546875 0.084375
13 0.48125 0.1296875 0.0625 0.084375
11 0.8390625 0.7375 0.0375 0.0859375
11 0.440625 0.7375 0.0359375 0.0859375
11 0.384375 0.746875 0.0375 0.090625
11 0.3328125 0.7078125 0.0390625 0.0890625
11 0.08125 0.896875 0.03125 0.0859375
11 0.0671875 0.578125 0.0375 0.0875
11 0.05625 0.11875 0.0359375 0.0859375
11 0.678125 0.465625 0.028125 0.084375
1 0.8734375 0.71875 0.0359375 0.05625
2 0.7578125 0.709375 0.04375 0.0453125
2 0.2875 0.753125 0.0453125 0.05
2 0.471875 0.4390625 0.046875 0.0546875
8 0.6 0.5890625 0.0359375 0.090625
5 0.7734375 0.14375 0.046875 0.034375
1 0.26875 0.446875 0.034375 0.059375