14 0.109375 0.1140625 0.0609375 0.11875
14 0.10625 0.396875 0.0671875 0.1203125
14 0.109375 0.684375 0.0609375 0.125
0 0.10625 0.8015625 0.0671875 0.0640625
0 0.109375 0.515625 0.0671875 0.0625
0 0.109375 0.23125 0.0640625 0.0625
8 0.203125 0.075 0.0328125 0.0796875
8 0.778125 0.365625 0.0359375 0.075
13 0.2546875 0.103125 0.059375 0.078125
13 0.74375 0.0921875 0.0484375 0.0734375
13 0.790625 0.090625 0.046875 0.08125
13 0.828125 0.09375 0.040625 0.0859375
13 0.2109375 0.68125 0.0453125 0.0796875
13 0.2578125 0.671875 0.0390625 0.0796875
13 0.303125 0.6625 0.04375 0.0796875
13 0.3421875 0.6578125 0.040625 0.075
13 0.428125 0.684375 0.0453125 0.08125
13 0.4703125 0.678125 0.034375 0.078125
13 0.715625 0.675 0.05 0.0828125
13 0.76875 0.665625 0.046875 0.08125
13 0.803125 0.65625 0.0375 0.0828125
13 0.43125 0.7984375 0.046875 0.075
13 0.4703125 0.8 0.034375 0.078125
13 0.3421875 0.78125 0.0375 0.078125
13 0.30625 0.78125 0.04375 0.0796875
13 0.2125 0.8015625 0.05 0.071875
13 0.625 0.3875 0.0390625 0.0796875
3 0.43125 0.1 0.0484375 0.0765625
3 0.471875 0.103125 0.04375 0.0765625
3 0.51875 0.1015625 0.0375 0.078125
3 0.58125 0.075 0.05625 0.078125
3 0.625 0.1125 0.046875 0.084375
3 0.6625 0.103125 0.04375 0.0765625
3 0.328125 0.215625 0.05 0.0796875
3 0.3734375 0.20625 0.0390625 0.078125
3 0.4140625 0.196875 0.0390625 0.0796875
3 0.74375 0.2171875 0.05 0.0828125
3 0.790625 0.20625 0.04375 0.0828125
3 0.828125 0.2 0.040625 0.0796875
3 0.4125 0.5140625 0.05625 0.075
3 0.45625 0.53125 0.053125 0.0734375
3 0.84375 0.521875 0.0390625 0.0765625
3 0.890625 0.5125 0.034375 0.0875
3 0.771875 0.515625 0.05625 0.08125
3 0.5796875 0.39375 0.046875 0.084375
3 0.5234375 0.646875 0.0484375 0.075
3 0.5625 0.646875 0.04375 0.0796875
3 0.859375 0.696875 0.05625 0.078125
3 0.85 0.8 0.04375 0.0765625
3 0.809375 0.8078125 0.0390625 0.078125
3 0.7625 0.81875 0.05 0.0875
3 0.721875 0.825 0.05 0.075
13 0.525 0.8 0.0578125 0.0765625
11 0.2015625 0.246875 0.0328125 0.078125
11 0.5625 0.246875 0.03125 0.078125
11 0.6140625 0.2390625 0.034375 0.0828125
11 0.6609375 0.275 0.0359375 0.08125
11 0.8875 0.103125 0.028125 0.078125
11 0.9015625 0.3921875 0.034375 0.078125
11 0.9125 0.8125 0.0328125 0.078125
11 0.3484375 0.49375 0.025 0.075
1 0.1703125 0.2640625 0.0328125 0.0515625
2 0.275 0.271875 0.0390625 0.0421875
2 0.7 0.2328125 0.040625 0.0453125
2 0.534375 0.51875 0.04375 0.05
8 0.41875 0.38125 0.0328125 0.0828125
5 0.2609375 0.7875 0.04375 0.03125
1 0.71875 0.5125 0.03125 0.0546875