3 0.1734375 0.7875 0.05625 0.1015625
3 0.971875 0.290625 0.0546875 0.103125
3 0.303125 0.25625 0.0671875 0.0953125
11 0.159375 0.259375 0.05 0.0921875
11 0.8609375 0.278125 0.0546875 0.0984375
3 0.653125 0.2875 0.059375 0.1046875
14 0.03125 0.265625 0.0609375 0.1578125
11 0.4890625 0.778125 0.059375 0.1109375
11 0.2625 0.7828125 0.05625 0.0953125
3 0.85625 0.7921875 0.053125 0.096875
11 0.721875 0.2703125 0.059375 0.1046875
3 0.628125 0.771875 0.059375 0.0953125
11 0.5390625 0.28125 0.0546875 0.096875
11 0.71875 0.78125 0.0546875 0.0953125
11 0.028125 0.7828125 0.05625 0.0984375
12 0.1546875 0.48125 0.0453125 0.0765625
11 0.3984375 0.284375 0.05625 0.0984375
8 0.40625 0.4734375 0.0515625 0.09375
8 0.73125 0.471875 0.0546875 0.09375
3 0.4 0.7890625 0.0546875 0.0984375
0 0.0328125 0.48125 0.065625 0.090625
11 0.96875 0.7796875 0.0515625 0.09375