11 0.2625 0.7265625 0.0546875 0.0859375
3 0.2296875 0.2796875 0.059375 0.0953125
8 0.25625 0.9515625 0.0578125 0.0921875
8 0.346875 0.271875 0.05 0.090625
3 0.625 0.75 0.0546875 0.090625
11 0.078125 0.271875 0.0578125 0.0921875
3 0.1296875 0.759375 0.0578125 0.0953125
3 0.396875 0.759375 0.05625 0.0984375
8 0.61875 0.471875 0.0515625 0.0953125
11 0.8921875 0.73125 0.0640625 0.09375
8 0.7125 0.9515625 0.05 0.090625
11 0.7125 0.75625 0.05625 0.0953125
11 0.4875 0.753125 0.05625 0.090625
8 0.35 0.4703125 0.05625 0.0984375
11 0.840625 0.2625 0.0578125 0.0875
12 0.61875 0.259375 0.046875 0.075