3 0.821875 0.809375 0.05625 0.0921875
3 0.8125 0.34375 0.0515625 0.09375
11 0.246875 0.7890625 0.059375 0.096875
3 0.125 0.340625 0.059375 0.1015625
3 0.58125 0.3265625 0.0546875 0.096875
11 0.66875 0.3359375 0.0546875 0.0953125
11 0.490625 0.809375 0.059375 0.1
3 0.396875 0.803125 0.0578125 0.0984375
11 0.671875 0.821875 0.059375 0.109375
3 0.146875 0.7875 0.0578125 0.096875
11 0.215625 0.340625 0.05625 0.103125
11 0.4421875 0.3296875 0.05625 0.103125
8 0.45 0.528125 0.053125 0.0875
3 0.353125 0.3421875 0.053125 0.1
12 0.109375 0.040625 0.0484375 0.078125
11 0.9203125 0.334375 0.053125 0.0984375
11 0.940625 0.803125 0.0546875 0.09375
11 0.93125 0.534375 0.053125 0.0875