3 0.803125 0.959375 0.059375 0.08125
11 0.47109375 0.95859375 0.0609375 0.0828125
3 0.378125 0.95 0.0578125 0.0921875
11 0.196875 0.49375 0.05625 0.0953125
11 0.65625 0.96171875 0.059375 0.0765625
8 0.665625 0.18125 0.059375 0.0953125
3 0.340625 0.4953125 0.0578125 0.096875
3 0.790625 0.5 0.05625 0.0953125
11 0.653125 0.4890625 0.0546875 0.0953125
11 0.2296875 0.9453125 0.0625 0.0953125
3 0.1109375 0.496875 0.05625 0.1
3 0.565625 0.484375 0.0578125 0.1015625
11 0.425 0.48125 0.0578125 0.0984375
8 0.434375 0.6828125 0.05625 0.090625
3 0.134375 0.946875 0.059375 0.0953125
11 0.909375 0.684375 0.0515625 0.0890625
12 0.09375 0.1921875 0.0484375 0.0828125
11 0.903125 0.484375 0.05625 0.0984375
11 0.925 0.95546875 0.053125 0.0890625
8 0.34375 0.178125 0.0578125 0.0953125