3 0.828125 0.1375 0.059375 0.0953125
3 0.165625 0.61875 0.053125 0.090625
3 0.40625 0.6375 0.0578125 0.096875
11 0.2546875 0.1359375 0.059375 0.1
8 0.525 0.36875 0.053125 0.090625
11 0.071875 0.128125 0.0578125 0.103125
3 0.403125 0.125 0.059375 0.0953125
8 0.5234375 0.625 0.0484375 0.0890625
8 0.528125 0.828125 0.0515625 0.0984375
11 0.909375 0.15625 0.0578125 0.0953125
8 0.0734375 0.35 0.0515625 0.1
11 0.25625 0.625 0.0546875 0.0921875
8 0.90625 0.340625 0.05 0.09375
11 0.528125 0.121875 0.05625 0.096875
8 0.796875 0.825 0.05625 0.0984375
11 0.690625 0.1203125 0.0546875 0.0984375
12 0.796875 0.61875 0.0484375 0.075