3 0.309375 0.378125 0.05625 0.0921875
12 0.7 0.35625 0.046875 0.0765625
8 0.4328125 0.371875 0.05 0.090625
11 0.971875 0.83125 0.05625 0.09375
3 0.2140625 0.859375 0.0546875 0.09375
11 0.06875 0.84375 0.0546875 0.0953125
3 0.709375 0.84375 0.0578125 0.0921875
8 0.815625 0.0875 0.0546875 0.09375
11 0.565625 0.85 0.053125 0.0890625
11 0.1625 0.371875 0.05625 0.0890625
8 0.434375 0.109375 0.05625 0.0921875
8 0.7046875 0.56875 0.0578125 0.0984375
8 0.4328125 0.56875 0.0546875 0.096875
11 0.7953125 0.8515625 0.05625 0.0984375
11 0.925 0.359375 0.059375 0.0921875
3 0.478125 0.8546875 0.0578125 0.0984375
11 0.34375 0.828125 0.0546875 0.0859375
3 0.06875 0.3640625 0.05625 0.09375