3 0.7203125 0.83125 0.05625 0.1
3 0.946875 0.821875 0.0578125 0.096875
11 0.4015625 0.340625 0.05625 0.0890625
3 0.553125 0.353125 0.05625 0.09375
3 0.3125 0.334375 0.053125 0.090625
8 0.1625 0.565625 0.053125 0.0875
8 0.671875 0.0828125 0.0546875 0.09375
11 0.809375 0.8234375 0.0546875 0.090625
11 0.14375 0.8125 0.059375 0.0984375
8 0.671875 0.5453125 0.05 0.0984375
8 0.946875 0.54375 0.05625 0.1
8 0.221875 0.065625 0.0546875 0.096875
11 0.5859375 0.803125 0.053125 0.0859375
3 0.05625 0.8328125 0.059375 0.1046875
11 0.1609375 0.33125 0.053125 0.09375
3 0.453125 0.83125 0.0578125 0.096875
12 0.94375 0.3296875 0.0484375 0.071875
8 0.671875 0.3421875 0.046875 0.090625
11 0.3125 0.81875 0.0546875 0.0953125
3 0.0609375 0.3359375 0.053125 0.0921875