3 0.21875 0.38125 0.059375 0.09375
11 0.0671875 0.371875 0.0578125 0.090625
11 0.2484375 0.825 0.053125 0.0890625
8 0.3375 0.371875 0.05 0.0890625
3 0.615625 0.8453125 0.05625 0.09375
8 0.7203125 0.0875 0.0515625 0.0953125
3 0.3875 0.85625 0.0578125 0.096875
3 0.11875 0.859375 0.0546875 0.09375
8 0.3390625 0.5703125 0.0546875 0.0984375
11 0.7015625 0.8515625 0.05625 0.0984375
12 0.60625 0.35625 0.0484375 0.075
8 0.6125 0.56875 0.0515625 0.0953125
11 0.471875 0.8484375 0.05625 0.090625
8 0.3375 0.1078125 0.0515625 0.090625
11 0.83125 0.359375 0.059375 0.0890625
11 0.88125 0.83125 0.0625 0.0921875