8 0.140625 0.5875 0.0515625 0.0890625
3 0.815625 0.58125 0.0625 0.084375
3 0.44375 0.1 0.0578125 0.0953125
8 0.1421875 0.3296875 0.05625 0.0921875
3 0.834375 0.1 0.05625 0.09375
11 0.5265625 0.115625 0.059375 0.096875
8 0.146875 0.790625 0.05 0.1
3 0.025 0.08671875 0.05 0.0921875
8 0.53125 0.3078125 0.0546875 0.1
3 0.025 0.6 0.05 0.096875
11 0.696875 0.1125 0.0578125 0.0984375
8 0.4203125 0.7875 0.0546875 0.0984375
11 0.6390625 0.578125 0.059375 0.0890625
11 0.1453125 0.08125 0.0578125 0.0953125
12 0.41875 0.575 0.046875 0.0734375
11 0.309375 0.08125 0.0546875 0.0984375