14 0.0953125 0.684375 0.075 0.1453125
0 0.0984375 0.8875 0.0765625 0.0921875
14 0.0875 0.19375 0.0703125 0.1546875
0 0.090625 0.4109375 0.0734375 0.0921875
11 0.846875 0.196875 0.059375 0.1140625
11 0.84375 0.684375 0.05625 0.090625
8 0.178125 0.9140625 0.053125 0.0875
3 0.56875 0.171875 0.059375 0.0953125
11 0.421875 0.1625 0.0640625 0.1
11 0.603125 0.66875 0.05625 0.090625
8 0.175 0.41875 0.053125 0.0953125
3 0.5109375 0.68125 0.0546875 0.09375
8 0.6046875 0.909375 0.0515625 0.0875
8 0.665625 0.40625 0.0515625 0.096875
11 0.171875 0.1640625 0.0609375 0.1
11 0.6640625 0.1828125 0.059375 0.103125
3 0.75625 0.678125 0.0578125 0.09375
11 0.3609375 0.671875 0.0546875 0.09375
11 0.175 0.675 0.05625 0.0953125
3 0.325 0.1625 0.0609375 0.1