3 0.38125 0.8328125 0.059375 0.0953125
3 0.375 0.328125 0.059375 0.09375
8 0.4984375 0.8234375 0.05 0.090625
8 0.8453125 0.071875 0.0609375 0.096875
11 0.228125 0.8234375 0.0546875 0.090625
3 0.7984375 0.3328125 0.0578125 0.096875
8 0.8828125 0.540625 0.0515625 0.0984375
3 0.1359375 0.8171875 0.053125 0.090625
8 0.5 0.5609375 0.053125 0.090625
11 0.228125 0.334375 0.059375 0.1015625
8 0.046875 0.5484375 0.0546875 0.0984375
11 0.0453125 0.325 0.0578125 0.0984375
11 0.6640625 0.08125 0.0578125 0.090625
11 0.6625 0.31875 0.05625 0.0984375
11 0.884375 0.3484375 0.059375 0.0984375
11 0.4984375 0.3203125 0.0578125 0.096875
12 0.76875 0.8125 0.05 0.075
11 0.484375 0.04375 0.0578125 0.0859375