3 0.6125 0.8 0.05625 0.0953125
11 0.065625 0.321875 0.0578125 0.090625
3 0.2171875 0.33125 0.059375 0.09375
3 0.11875 0.809375 0.0578125 0.0953125
12 0.6046875 0.309375 0.046875 0.0734375
8 0.3359375 0.3203125 0.0484375 0.0890625
11 0.246875 0.778125 0.053125 0.0890625
3 0.384375 0.8078125 0.059375 0.0984375
8 0.3375 0.05625 0.053125 0.0921875
8 0.3375 0.525 0.0546875 0.1
11 0.7 0.8046875 0.0578125 0.0984375
8 0.60625 0.521875 0.0546875 0.09375
11 0.4703125 0.8 0.053125 0.090625
11 0.828125 0.309375 0.0609375 0.0875
11 0.8796875 0.78125 0.0640625 0.0921875
3 0.9875 0.3125 0.0234375 0.084375