14 0.096875 0.840625 0.075 0.1453125
0 0.0859375 0.065625 0.071875 0.09375
0 0.090625 0.5609375 0.075 0.09375
14 0.090625 0.346875 0.075 0.153125
3 0.984375 0.334375 0.0296875 0.0984375
11 0.846875 0.834375 0.05625 0.090625
3 0.571875 0.3265625 0.0625 0.1015625
3 0.9859375 0.840625 0.028125 0.096875
11 0.60625 0.821875 0.0546875 0.090625
11 0.4234375 0.3171875 0.0609375 0.0984375
8 0.178125 0.5671875 0.0578125 0.09375
11 0.665625 0.334375 0.0609375 0.1
3 0.759375 0.828125 0.05625 0.090625
11 0.85 0.346875 0.059375 0.109375
8 0.66875 0.559375 0.0515625 0.09375
11 0.3640625 0.8234375 0.053125 0.0921875
3 0.5125 0.8296875 0.0546875 0.09375
8 0.171875 0.0515625 0.0625 0.09375
11 0.175 0.31875 0.059375 0.103125
3 0.3265625 0.3171875 0.0625 0.096875
8 0.6328125 0.0484375 0.059375 0.090625
11 0.178125 0.825 0.05625 0.09375