3 0.34375 0.278125 0.059375 0.1
8 0.4625 0.778125 0.05 0.0921875
3 0.3453125 0.7875 0.05625 0.096875
11 0.19375 0.778125 0.05625 0.0921875
3 0.1046875 0.771875 0.0546875 0.0921875
3 0.765625 0.2875 0.0546875 0.09375
11 0.196875 0.2859375 0.059375 0.1
11 0.628125 0.040625 0.0578125 0.08125
11 0.63125 0.271875 0.0546875 0.096875
11 0.846875 0.303125 0.05625 0.0984375
8 0.4640625 0.515625 0.0546875 0.0921875
8 0.85 0.4953125 0.0578125 0.0953125
12 0.74375 0.765625 0.05 0.0765625
11 0.46875 0.2734375 0.059375 0.0984375
11 0.9578125 0.76875 0.059375 0.0890625