3 0.309375 0.0953125 0.0546875 0.09375
3 0.309375 0.603125 0.0546875 0.0921875
8 0.4328125 0.596875 0.05 0.0890625
12 0.7 0.5796875 0.0484375 0.075
8 0.815625 0.3125 0.0515625 0.09375
11 0.1625 0.5953125 0.0546875 0.0890625
8 0.4328125 0.3328125 0.0546875 0.0921875
3 0.7296875 0.103125 0.059375 0.0984375
8 0.7046875 0.79375 0.05625 0.0984375
11 0.925 0.584375 0.059375 0.090625
8 0.434375 0.796875 0.0515625 0.096875
11 0.978125 0.1125 0.0421875 0.1015625
11 0.8171875 0.1203125 0.0625 0.1
11 0.165625 0.103125 0.0609375 0.1
11 0.596875 0.0859375 0.05625 0.096875
3 0.06875 0.5875 0.0546875 0.0921875
11 0.434375 0.0859375 0.0609375 0.0953125