14 0.1171875 0.3625 0.078125 0.15
0 0.1125 0.08125 0.075 0.0953125
14 0.125 0.85625 0.0734375 0.15
3 0.7875 0.8453125 0.053125 0.090625
11 0.6375 0.8390625 0.0515625 0.0921875
11 0.696875 0.353125 0.059375 0.1015625
8 0.2078125 0.5875 0.05625 0.09375
11 0.390625 0.840625 0.053125 0.0984375
11 0.8796875 0.36875 0.0609375 0.1078125
8 0.2 0.071875 0.05625 0.090625
11 0.878125 0.8546875 0.0546875 0.090625
11 0.4515625 0.3328125 0.0609375 0.0953125
8 0.6984375 0.5765625 0.0546875 0.0984375
11 0.20625 0.84375 0.0546875 0.09375
3 0.6 0.34375 0.059375 0.09375
8 0.659375 0.075 0.0546875 0.090625
3 0.35625 0.334375 0.059375 0.0953125
3 0.54375 0.8453125 0.0546875 0.09375
11 0.2046875 0.3359375 0.059375 0.1
0 0.121875 0.578125 0.0734375 0.09375