3 0.1078125 0.61875 0.05625 0.09375
3 0.8953125 0.603125 0.065625 0.0859375
3 0.528125 0.11875 0.0578125 0.0921875
8 0.228125 0.8125 0.0515625 0.0953125
11 0.715625 0.5984375 0.0578125 0.0890625
8 0.5 0.8109375 0.059375 0.096875
3 0.91875 0.11875 0.059375 0.090625
8 0.2265625 0.346875 0.0515625 0.090625
3 0.10625 0.1078125 0.0578125 0.09375
11 0.609375 0.1375 0.059375 0.096875
8 0.6078125 0.328125 0.0515625 0.0984375
8 0.225 0.609375 0.046875 0.0890625
11 0.225 0.1046875 0.05625 0.0921875
11 0.778125 0.128125 0.0546875 0.0953125
11 0.390625 0.103125 0.0578125 0.096875
12 0.496875 0.6 0.0484375 0.075