11 0.24375 0.340625 0.05625 0.090625
3 0.1515625 0.334375 0.053125 0.0890625
3 0.3953125 0.35 0.0546875 0.0953125
3 0.790625 0.8203125 0.0578125 0.0953125
3 0.296875 0.8296875 0.0546875 0.09375
8 0.5140625 0.3421875 0.05 0.090625
8 0.8984375 0.059375 0.0609375 0.1
8 0.5140625 0.54375 0.05 0.096875
3 0.5640625 0.83125 0.05625 0.096875
11 0.653125 0.8234375 0.05625 0.090625
8 0.515625 0.08125 0.05625 0.09375
8 0.0640625 0.0671875 0.0546875 0.096875
8 0.790625 0.54375 0.0546875 0.096875
11 0.878125 0.828125 0.05625 0.096875
11 0.15625 0.81875 0.0546875 0.09375
12 0.7875 0.3296875 0.046875 0.075
11 0.43125 0.8 0.05625 0.0875