3 0.1671875 0.7296875 0.0578125 0.09375
3 0.9734375 0.228125 0.053125 0.1
3 0.9609375 0.715625 0.065625 0.0859375
3 0.165625 0.21875 0.0546875 0.09375
3 0.5859375 0.228125 0.05625 0.096875
8 0.66875 0.434375 0.0515625 0.0953125
11 0.66875 0.2453125 0.059375 0.0984375
12 0.5578125 0.7046875 0.046875 0.0734375
8 0.284375 0.71875 0.0484375 0.0890625
8 0.2875 0.45625 0.0515625 0.090625
11 0.4515625 0.2125 0.0578125 0.0953125
11 0.021875 0.725 0.04375 0.096875
11 0.8375 0.2375 0.0546875 0.0953125
8 0.2921875 0.91875 0.0546875 0.0984375
8 0.559375 0.921875 0.05625 0.0953125
11 0.0203125 0.228125 0.040625 0.096875
11 0.2875 0.2125 0.0546875 0.0953125
11 0.778125 0.709375 0.059375 0.0890625