3 0.765625 0.2375 0.0578125 0.096875
3 0.340625 0.228125 0.059375 0.0984375
11 0.190625 0.7265625 0.05625 0.090625
3 0.1015625 0.721875 0.0546875 0.0921875
8 0.4625 0.728125 0.0484375 0.090625
11 0.1953125 0.2375 0.059375 0.1
11 0.8453125 0.25625 0.059375 0.0984375
8 0.8453125 0.44375 0.0546875 0.096875
8 0.4625 0.928125 0.053125 0.096875
3 0.3421875 0.7375 0.0546875 0.096875
12 0.7390625 0.7203125 0.05 0.075
11 0.6265625 0.221875 0.0546875 0.096875
8 0.4625 0.465625 0.053125 0.090625
8 0.7375 0.928125 0.059375 0.1
11 0.4625 0.221875 0.05625 0.0953125
11 0.95625 0.71875 0.059375 0.090625