3 0.2140625 0.959375 0.0546875 0.08125
8 0.925 0.2203125 0.0578125 0.096875
3 0.0296875 0.45625 0.059375 0.09375
11 0.30625 0.475 0.0578125 0.1
3 0.4546875 0.46875 0.059375 0.09375
8 0.575 0.709375 0.0546875 0.090625
3 0.878125 0.4796875 0.059375 0.096875
11 0.7390625 0.459375 0.05625 0.096875
11 0.121875 0.46875 0.05625 0.1046875
8 0.95625 0.6875 0.05 0.096875
8 0.125 0.69375 0.053125 0.0984375
11 0.7375 0.228125 0.0546875 0.090625
11 0.959375 0.496875 0.0578125 0.0984375
11 0.0625 0.953125 0.05 0.0890625
11 0.5609375 0.1890625 0.0546875 0.0921875
8 0.0875 0.1875 0.0546875 0.0921875
11 0.578125 0.4609375 0.059375 0.0953125
12 0.8453125 0.959375 0.05 0.071875