14 0.06875 0.21875 0.071875 0.1578125
3 0.3453125 0.215625 0.0671875 0.0953125
0 0.08125 0.4375 0.0734375 0.0890625
3 0.9 0.75 0.0546875 0.096875
11 0.44375 0.2375 0.05625 0.0984375
11 0.20625 0.2125 0.053125 0.0953125
12 0.2046875 0.440625 0.0484375 0.0828125
11 0.7625 0.734375 0.05625 0.0921875
3 0.6984375 0.24375 0.059375 0.1046875
11 0.903125 0.2328125 0.059375 0.0984375
3 0.675 0.728125 0.0578125 0.0984375
11 0.5359375 0.7296875 0.0578125 0.10625
11 0.075 0.7375 0.0546875 0.0984375
8 0.0875 0.928125 0.0578125 0.0890625
11 0.3046875 0.74375 0.05625 0.0953125
3 0.21875 0.740625 0.05625 0.1
11 0.5828125 0.2375 0.0546875 0.0984375
11 0.76875 0.225 0.059375 0.10625
3 0.446875 0.746875 0.0515625 0.09375
8 0.775 0.4328125 0.0578125 0.0921875
8 0.5453125 0.93125 0.05625 0.090625
8 0.453125 0.4296875 0.053125 0.09375