3 0.4203125 0.075 0.0578125 0.0953125
8 0.540625 0.575 0.0515625 0.0890625
3 0.421875 0.5875 0.05625 0.096875
3 0.840625 0.0875 0.05625 0.0953125
8 0.0296875 0.803125 0.04375 0.0828125
11 0.090625 0.075 0.0578125 0.1
11 0.7046875 0.06875 0.05625 0.0984375
3 0.1828125 0.571875 0.0578125 0.0890625
8 0.540625 0.31875 0.0515625 0.090625
11 0.271875 0.084375 0.0578125 0.1
11 0.271875 0.578125 0.05625 0.090625
8 0.0875 0.3 0.053125 0.1
11 0.925 0.1046875 0.05625 0.0953125
8 0.5421875 0.778125 0.05 0.096875
12 0.8125 0.5640625 0.0484375 0.075
11 0.028125 0.5625 0.053125 0.0875
8 0.928125 0.2921875 0.0578125 0.096875
8 0.815625 0.778125 0.0546875 0.0984375
11 0.540625 0.0703125 0.05625 0.096875