0 0.14375 0.4 0.075 0.0921875
14 0.1484375 0.6796875 0.0734375 0.153125
14 0.140625 0.184375 0.071875 0.153125
3 0.6375 0.6609375 0.059375 0.09375
3 0.596875 0.2046875 0.0578125 0.0984375
8 0.240625 0.903125 0.0546875 0.0953125
3 0.36875 0.203125 0.0609375 0.1015625
3 0.825 0.1859375 0.05625 0.0984375
11 0.678125 0.184375 0.059375 0.0984375
11 0.7296875 0.6703125 0.0578125 0.1046875
11 0.453125 0.2 0.0578125 0.0984375
11 0.9109375 0.196875 0.0546875 0.09375
8 0.2328125 0.3875 0.059375 0.09375
11 0.2234375 0.1984375 0.05625 0.1015625
8 0.7359375 0.896875 0.0546875 0.096875
3 0.3921875 0.6546875 0.0625 0.103125
11 0.4890625 0.6515625 0.0640625 0.1015625
11 0.915625 0.6828125 0.0578125 0.109375
8 0.690625 0.3875 0.05625 0.090625
11 0.2375 0.653125 0.0578125 0.103125
0 0.1515625 0.896875 0.0734375 0.0890625