8 0.328125 0.759375 0.0484375 0.0875
3 0.634375 0.2625 0.059375 0.0921875
11 0.0578125 0.759375 0.0546875 0.0921875
3 0.209375 0.25625 0.059375 0.09375
3 0.209375 0.765625 0.05625 0.09375
8 0.3296875 0.496875 0.0515625 0.090625
8 0.7125 0.475 0.0515625 0.0953125
11 0.821875 0.746875 0.0578125 0.0875
11 0.0578125 0.26875 0.0578125 0.1
11 0.4921875 0.25 0.0546875 0.09375
8 0.3296875 0.953125 0.0578125 0.090625
11 0.7125 0.284375 0.0578125 0.0953125
11 0.328125 0.25 0.053125 0.09375
12 0.603125 0.7453125 0.0484375 0.075
8 0.6 0.9515625 0.0609375 0.09375
11 0.88125 0.284375 0.05625 0.1046875