3 0.9671875 0.83125 0.065625 0.09375
3 0.1625 0.375 0.0546875 0.0921875
8 0.28125 0.3625 0.05 0.090625
8 0.28125 0.5625 0.053125 0.0984375
3 0.0625 0.85 0.0546875 0.0953125
3 0.953125 0.353125 0.0671875 0.0875
11 0.41875 0.84375 0.053125 0.090625
8 0.6640625 0.078125 0.05625 0.1
12 0.553125 0.35 0.046875 0.075
3 0.3296875 0.85 0.05625 0.0984375
11 0.775 0.35 0.0578125 0.0890625
8 0.2828125 0.103125 0.05625 0.09375
11 0.646875 0.846875 0.0578125 0.1
3 0.5578125 0.840625 0.0546875 0.0921875
8 0.55625 0.5625 0.0578125 0.096875
11 0.19375 0.821875 0.0546875 0.084375
11 0.821875 0.825 0.0640625 0.0953125