3 0.0703125 0.8 0.05625 0.0953125
3 0.46875 0.8 0.05625 0.09375
3 0.56875 0.3203125 0.053125 0.09375
3 0.9640625 0.784375 0.05625 0.09375
11 0.175 0.29375 0.05625 0.090625
3 0.0828125 0.30625 0.0546875 0.09375
3 0.7375 0.8 0.05625 0.096875
8 0.178125 0.5375 0.053125 0.0875
8 0.6875 0.309375 0.0484375 0.090625
11 0.421875 0.309375 0.05625 0.090625
8 0.690625 0.05 0.0515625 0.090625
8 0.6875 0.509375 0.0515625 0.096875
11 0.3296875 0.784375 0.059375 0.09375
11 0.821875 0.790625 0.053125 0.0890625
11 0.603125 0.7671875 0.0546875 0.0859375
11 0.1578125 0.78125 0.05625 0.1
3 0.328125 0.309375 0.0578125 0.0953125
12 0.965625 0.2984375 0.046875 0.0765625
8 0.9640625 0.5078125 0.059375 0.096875