3 0.971875 0.78125 0.05625 0.0921875
8 0.1859375 0.534375 0.053125 0.0875
8 0.696875 0.046875 0.053125 0.0921875
8 0.69375 0.30625 0.0484375 0.0875
11 0.4265625 0.309375 0.05625 0.0921875
3 0.74375 0.79375 0.0578125 0.0984375
11 0.18125 0.29375 0.053125 0.0921875
3 0.575 0.3171875 0.0546875 0.090625
3 0.475 0.796875 0.0578125 0.09375
11 0.83125 0.7859375 0.05625 0.09375
3 0.334375 0.296875 0.0546875 0.09375
3 0.0890625 0.3 0.059375 0.096875
8 0.6984375 0.509375 0.0515625 0.0984375
3 0.0765625 0.796875 0.059375 0.0984375
8 0.96875 0.5078125 0.05625 0.0984375
11 0.609375 0.765625 0.0546875 0.0859375
11 0.1640625 0.7765625 0.0578125 0.1
12 0.9671875 0.29375 0.05 0.075
11 0.3375 0.78125 0.05625 0.0921875