3 0.9703125 0.553125 0.059375 0.0859375
3 0.98359375 0.07109375 0.0328125 0.0953125
8 0.3015625 0.7625 0.0515625 0.0953125
11 0.7953125 0.55 0.0578125 0.0890625
3 0.184375 0.0625 0.05625 0.0921875
3 0.6046875 0.06875 0.0578125 0.0921875
3 0.18125 0.56875 0.0546875 0.09375
8 0.575 0.7625 0.0578125 0.0953125
11 0.03125 0.5609375 0.053125 0.090625
8 0.6859375 0.278125 0.05 0.0984375
8 0.3 0.5625 0.0484375 0.090625
8 0.3015625 0.2984375 0.0515625 0.090625
11 0.303125 0.0515625 0.0546875 0.09375
11 0.034375 0.071875 0.0546875 0.10625
11 0.465625 0.0546875 0.05625 0.096875
12 0.571875 0.546875 0.05 0.075
11 0.684375 0.0875 0.05625 0.0953125
11 0.853125 0.078125 0.0546875 0.09375
3 0.99921875 0.07109375 0.0015625 0.0953125