3 0.215625 0.475 0.0546875 0.0921875
8 0.334375 0.6640625 0.053125 0.1
3 0.115625 0.95 0.0578125 0.09375
11 0.6984375 0.9453125 0.0578125 0.09375
12 0.6 0.45 0.046875 0.071875
3 0.609375 0.940625 0.0546875 0.09375
8 0.334375 0.203125 0.0546875 0.0921875
11 0.8265625 0.45 0.0609375 0.090625
8 0.334375 0.4625 0.0484375 0.090625
3 0.38125 0.9484375 0.0578125 0.09375
11 0.0625 0.4625 0.05625 0.090625
11 0.465625 0.94375 0.0546875 0.0875
8 0.715625 0.178125 0.0546875 0.0984375
8 0.60625 0.6625 0.0578125 0.0953125
11 0.246875 0.921875 0.0546875 0.0828125
11 0.875 0.928125 0.065625 0.090625