3 0.409375 0.3640625 0.0546875 0.0953125
3 0.16875 0.34375 0.0546875 0.090625
3 0.309375 0.8390625 0.0546875 0.0953125
8 0.528125 0.353125 0.0484375 0.0890625
11 0.665625 0.834375 0.0515625 0.090625
3 0.809375 0.828125 0.05625 0.0953125
8 0.5296875 0.0921875 0.05625 0.0921875
11 0.890625 0.8375 0.0546875 0.096875
8 0.9109375 0.0671875 0.0546875 0.0984375
3 0.575 0.8375 0.0578125 0.0984375
8 0.078125 0.0765625 0.053125 0.0984375
11 0.0203125 0.3390625 0.040625 0.090625
11 0.2625 0.3515625 0.053125 0.09375
8 0.021875 0.5765625 0.04375 0.0875
8 0.5328125 0.553125 0.0515625 0.0984375
8 0.8046875 0.5515625 0.059375 0.0984375
11 0.44375 0.8109375 0.0546875 0.0859375
12 0.8 0.3390625 0.0484375 0.0765625
11 0.1671875 0.825 0.053125 0.09375