3 0.5640625 0.103125 0.0578125 0.096875
3 0.140625 0.09375 0.059375 0.1
3 0.93125 0.58125 0.0671875 0.0859375
3 0.140625 0.603125 0.059375 0.0953125
8 0.5375 0.7921875 0.0515625 0.096875
11 0.65 0.11875 0.059375 0.096875
8 0.2640625 0.59375 0.046875 0.090625
8 0.265625 0.33125 0.0515625 0.090625
8 0.2609375 0.79375 0.05 0.0984375
8 0.646875 0.309375 0.0546875 0.0984375
12 0.5375 0.578125 0.0484375 0.0734375
3 0.95625 0.103125 0.059375 0.0953125
11 0.75625 0.58125 0.0609375 0.0890625
11 0.428125 0.084375 0.05625 0.096875
11 0.8171875 0.1125 0.0578125 0.0984375
11 0.265625 0.084375 0.0546875 0.09375