8 0.3875 0.446875 0.05 0.0921875
8 0.3875 0.65 0.0515625 0.0953125
8 0.76875 0.165625 0.0546875 0.1
11 0.115625 0.4484375 0.0546875 0.0921875
8 0.6609375 0.6484375 0.0546875 0.0953125
3 0.1671875 0.934375 0.05625 0.09375
3 0.2671875 0.45625 0.05625 0.0953125
3 0.665625 0.928125 0.0578125 0.0953125
8 0.3875 0.184375 0.053125 0.09375
11 0.51875 0.93125 0.0546875 0.0921875
11 0.296875 0.909375 0.0546875 0.084375
3 0.025 0.4421875 0.05 0.090625
11 0.0265625 0.925 0.053125 0.09375
12 0.659375 0.4375 0.0484375 0.075
3 0.434375 0.9375 0.053125 0.0953125
11 0.75 0.934375 0.0578125 0.096875
11 0.8796875 0.4375 0.0609375 0.0875
11 0.9328125 0.9125 0.065625 0.090625