3 0.4 0.434375 0.0546875 0.0953125
8 0.51875 0.621875 0.0515625 0.096875
8 0.5171875 0.4265625 0.0515625 0.090625
8 0.903125 0.140625 0.05625 0.0984375
11 0.65625 0.9046875 0.0546875 0.0890625
3 0.3 0.9125 0.0546875 0.09375
3 0.5671875 0.909375 0.0578125 0.096875
8 0.5171875 0.1640625 0.0578125 0.09375
3 0.1578125 0.41875 0.05625 0.090625
11 0.25 0.425 0.0546875 0.090625
8 0.065625 0.15 0.05625 0.0953125
3 0.79375 0.8984375 0.0578125 0.0953125
11 0.434375 0.88125 0.05625 0.0859375
8 0.79375 0.6203125 0.05625 0.096875
11 0.8828125 0.909375 0.0578125 0.096875
12 0.790625 0.4140625 0.05 0.0765625
11 0.159375 0.896875 0.059375 0.0921875