3 0.853125 0.8328125 0.0578125 0.096875
11 0.30625 0.3578125 0.0578125 0.09375
3 0.359375 0.840625 0.0546875 0.0921875
3 0.459375 0.365625 0.05625 0.096875
8 0.5765625 0.353125 0.0484375 0.090625
3 0.628125 0.84375 0.0546875 0.0953125
3 0.2171875 0.346875 0.0546875 0.0921875
8 0.578125 0.55625 0.0546875 0.0984375
8 0.125 0.0828125 0.053125 0.096875
11 0.7140625 0.834375 0.0515625 0.0890625
8 0.0640625 0.578125 0.053125 0.0890625
11 0.0484375 0.825 0.0578125 0.1
11 0.940625 0.8375 0.0578125 0.0984375
11 0.065625 0.3421875 0.0546875 0.0921875
8 0.959375 0.0703125 0.05625 0.096875
11 0.21875 0.83125 0.0578125 0.096875
8 0.58125 0.09375 0.0578125 0.09375
11 0.490625 0.8125 0.0546875 0.0859375
8 0.8578125 0.55625 0.059375 0.1
12 0.85 0.340625 0.0484375 0.0765625