3 0.109375 0.334375 0.0578125 0.09375
3 0.9 0.31875 0.06875 0.0859375
3 0.91875 0.79375 0.0671875 0.090625
11 0.3625 0.809375 0.053125 0.090625
3 0.278125 0.8140625 0.0546875 0.096875
8 0.2296875 0.525 0.0515625 0.0953125
11 0.59375 0.8125 0.059375 0.0984375
3 0.503125 0.803125 0.0578125 0.096875
8 0.609375 0.04375 0.0546875 0.0875
8 0.23125 0.0625 0.05625 0.0953125
8 0.228125 0.328125 0.0484375 0.0890625
8 0.503125 0.5265625 0.0578125 0.0953125
11 0.1421875 0.7828125 0.0546875 0.0859375
11 0.771875 0.7875 0.065625 0.09375
12 0.503125 0.315625 0.0484375 0.075
11 0.721875 0.315625 0.059375 0.0859375