3 0.134375 0.3828125 0.05625 0.0953125
3 0.559375 0.390625 0.0578125 0.09375
3 0.1375 0.890625 0.0578125 0.096875
8 0.60625 0.1375 0.05625 0.0953125
3 0.95 0.3921875 0.059375 0.0921875
8 0.64375 0.6 0.05625 0.0953125
8 0.259375 0.8828125 0.0515625 0.0921875
3 0.93125 0.875 0.0671875 0.0859375
11 0.64375 0.4125 0.0625 0.1
8 0.259375 0.621875 0.053125 0.090625
11 0.8140625 0.4015625 0.05625 0.0953125
11 0.4234375 0.146875 0.0578125 0.090625
12 0.53125 0.86875 0.0484375 0.075
11 0.425 0.378125 0.0578125 0.096875
11 0.753125 0.871875 0.0609375 0.0875
11 0.259375 0.378125 0.05625 0.09375
11 0.24375 0.1078125 0.0578125 0.09375