0 0.0859375 0.275 0.0703125 0.09375
3 0.346875 0.0546875 0.06875 0.0984375
11 0.7703125 0.065625 0.0578125 0.10625
8 0.0875 0.76875 0.0546875 0.090625
14 0.0796875 0.071875 0.06875 0.1375
3 0.9046875 0.5890625 0.0546875 0.096875
11 0.90625 0.0703125 0.05625 0.0984375
11 0.3078125 0.58125 0.0578125 0.096875
3 0.45 0.584375 0.059375 0.096875
12 0.20625 0.278125 0.0484375 0.0828125
11 0.765625 0.5734375 0.0546875 0.09375
11 0.5375 0.565625 0.0578125 0.0953125
11 0.584375 0.078125 0.0546875 0.096875
11 0.209375 0.05625 0.0515625 0.0890625
3 0.7 0.084375 0.059375 0.103125
11 0.446875 0.078125 0.05625 0.1015625
11 0.0765625 0.5765625 0.0546875 0.1
8 0.778125 0.271875 0.0578125 0.09375
3 0.6765625 0.56875 0.0546875 0.0984375
3 0.221875 0.584375 0.059375 0.1
8 0.5484375 0.76875 0.0546875 0.0890625
8 0.4546875 0.271875 0.053125 0.09375