3 0.9265625 0.43125 0.0625 0.096875
11 0.35625 0.91875 0.0546875 0.090625
3 0.265625 0.9125 0.053125 0.0890625
11 0.175 0.41875 0.05625 0.1015625
3 0.08125 0.409375 0.059375 0.096875
3 0.5078125 0.928125 0.0578125 0.0953125
8 0.625 0.91875 0.0484375 0.090625
8 0.6265625 0.65625 0.0546875 0.0921875
11 0.790625 0.4125 0.0578125 0.096875
3 0.503125 0.4203125 0.0578125 0.0984375
8 0.1796875 0.6453125 0.0515625 0.096875
11 0.790625 0.178125 0.05625 0.090625
11 0.359375 0.428125 0.05625 0.1015625
8 0.134375 0.13125 0.05625 0.0921875
11 0.1125 0.903125 0.0515625 0.0890625
11 0.628125 0.4125 0.059375 0.0953125
12 0.896875 0.90625 0.0484375 0.075
8 0.97421875 0.16875 0.0515625 0.096875
3 0.021875 0.9125 0.0421875 0.0890625
11 0.609375 0.1359375 0.0546875 0.090625
8 0.99921875 0.16875 0.0015625 0.096875