14 0.0375 0.75546875 0.075 0.1484375
3 0.8390625 0.7609375 0.0578125 0.09375
3 0.440625 0.7625 0.0609375 0.0984375
14 0.034375 0.278125 0.0671875 0.1484375
8 0.11875 0.5 0.053125 0.0875
11 0.121875 0.765625 0.0578125 0.096875
8 0.9625 0.9515625 0.05625 0.0921875
3 0.4515625 0.2703125 0.0546875 0.0921875
3 0.940625 0.28125 0.05625 0.0953125
8 0.546875 0.496875 0.0515625 0.0875
11 0.2984375 0.2609375 0.05625 0.0921875
11 0.5453125 0.259375 0.0546875 0.0921875
3 0.6953125 0.26875 0.0546875 0.0921875
11 0.296875 0.7625 0.0578125 0.096875
11 0.528125 0.740625 0.0578125 0.0984375
11 0.7 0.746875 0.05625 0.0953125
11 0.7875 0.271875 0.05625 0.0921875
11 0.115625 0.2625 0.0578125 0.0953125
11 0.971875 0.7265625 0.05625 0.090625
8 0.534375 0.934375 0.053125 0.0875
8 0.13125 0.940625 0.05625 0.090625
3 0.0421875 0.95546875 0.078125 0.0890625
0 0.0359375 0.478125 0.071875 0.0921875