3 0.75 0.875 0.0578125 0.109375
3 0.1109375 0.384375 0.0515625 0.090625
3 0.353125 0.4 0.0578125 0.0953125
8 0.7484375 0.5921875 0.0578125 0.0984375
8 0.471875 0.59375 0.05 0.0984375
11 0.6078125 0.871875 0.053125 0.090625
8 0.021875 0.11875 0.04375 0.09375
3 0.253125 0.878125 0.059375 0.0953125
11 0.2046875 0.39375 0.053125 0.0890625
8 0.471875 0.13125 0.05 0.0921875
11 0.384375 0.846875 0.053125 0.0875
11 0.834375 0.875 0.05625 0.0984375
3 0.51875 0.8796875 0.0546875 0.0984375
8 0.4703125 0.390625 0.046875 0.0890625
8 0.853125 0.1078125 0.0578125 0.1015625
11 0.115625 0.86875 0.0578125 0.0953125
11 0.96875 0.3796875 0.0609375 0.090625
12 0.74375 0.378125 0.05 0.075