14 0.028125 0.384375 0.05625 0.1609375
3 0.96875 0.409375 0.0609375 0.1015625
0 0.03125 0.5984375 0.0625 0.090625
3 0.85 0.9125 0.05625 0.0953125
11 0.7125 0.896875 0.0546875 0.0921875
3 0.396875 0.909375 0.05625 0.0953125
3 0.628125 0.8875 0.0546875 0.0953125
11 0.39375 0.4015625 0.05625 0.0984375
11 0.1578125 0.3765625 0.053125 0.09375
11 0.85625 0.396875 0.05625 0.1015625
3 0.16875 0.90625 0.05625 0.1
3 0.646875 0.40625 0.0609375 0.1046875
11 0.5328125 0.4015625 0.0578125 0.1015625
3 0.3 0.375 0.06875 0.1
11 0.484375 0.890625 0.0546875 0.1
11 0.259375 0.90625 0.05625 0.0953125
11 0.7171875 0.3875 0.059375 0.10625
12 0.153125 0.603125 0.046875 0.078125
11 0.025 0.89921875 0.05 0.0984375
8 0.725 0.5953125 0.0546875 0.0921875
8 0.40625 0.5875 0.0546875 0.090625
11 0.9671875 0.89375 0.05625 0.0984375