0 0.059375 0.33125 0.075 0.096875
14 0.065625 0.6171875 0.0765625 0.1515625
3 0.9734375 0.6 0.053125 0.0984375
14 0.05625 0.115625 0.0703125 0.15625
3 0.5125 0.1375 0.059375 0.096875
3 0.965625 0.1375 0.059375 0.0984375
8 0.159375 0.8375 0.053125 0.09375
3 0.284375 0.1375 0.0625 0.103125
11 0.6484375 0.6046875 0.059375 0.1015625
11 0.3734375 0.134375 0.059375 0.096875
8 0.1484375 0.31875 0.05625 0.090625
11 0.403125 0.5859375 0.0625 0.0984375
11 0.83125 0.6125 0.0578125 0.1015625
11 0.828125 0.1265625 0.0578125 0.096875
3 0.5546875 0.5921875 0.0609375 0.0984375
3 0.7390625 0.11875 0.0578125 0.0953125
0 0.0734375 0.83125 0.0765625 0.09375
8 0.6078125 0.321875 0.0546875 0.090625
8 0.65 0.828125 0.0515625 0.096875
11 0.6 0.128125 0.059375 0.11875
11 0.15625 0.5859375 0.0578125 0.103125
3 0.3109375 0.584375 0.059375 0.0953125
11 0.140625 0.128125 0.05625 0.1015625