3 0.6375 0.73125 0.0578125 0.096875
3 0.371875 0.7328125 0.0578125 0.0953125
11 0.3203125 0.2484375 0.05625 0.090625
3 0.465625 0.25625 0.05625 0.0953125
3 0.228125 0.2375 0.0546875 0.090625
8 0.078125 0.471875 0.0515625 0.0875
8 0.95 0.928125 0.05 0.0921875
8 0.5875 0.246875 0.0484375 0.0890625
11 0.725 0.725 0.0578125 0.090625
3 0.8640625 0.721875 0.05625 0.09375
8 0.4953125 0.93125 0.053125 0.09375
11 0.075 0.23125 0.053125 0.0921875
11 0.95 0.73125 0.0546875 0.0953125
11 0.5015625 0.703125 0.0546875 0.0859375
8 0.590625 0.4453125 0.053125 0.1
11 0.23125 0.721875 0.05625 0.09375
8 0.0625 0.9125 0.053125 0.090625
11 0.05625 0.715625 0.0578125 0.1
12 0.8640625 0.234375 0.0484375 0.075
8 0.865625 0.44375 0.05625 0.0953125