3 0.175 0.1234375 0.06875 0.1015625
3 0.73125 0.659375 0.05625 0.096875
3 0.528125 0.1546875 0.0625 0.10625
11 0.596875 0.1375 0.059375 0.1046875
11 0.734375 0.14375 0.059375 0.1
3 0.846875 0.159375 0.059375 0.10625
11 0.0359375 0.121875 0.0546875 0.096875
11 0.84375 0.64375 0.0578125 0.1015625
11 0.365625 0.6421875 0.0578125 0.1046875
11 0.1375 0.65 0.05625 0.096875
3 0.0484375 0.653125 0.0578125 0.1015625
11 0.275 0.15 0.05625 0.1
11 0.59375 0.646875 0.0546875 0.09375
8 0.9546875 0.36875 0.0578125 0.0984375
3 0.2765625 0.65625 0.0546875 0.0984375
3 0.503125 0.640625 0.05625 0.0984375
11 0.4125 0.15 0.05625 0.0953125
8 0.6 0.3390625 0.059375 0.0921875
8 0.371875 0.8421875 0.0546875 0.090625
12 0.028125 0.35 0.05 0.0796875
11 0.9671875 0.125 0.05625 0.09375
8 0.2859375 0.334375 0.0515625 0.0921875
11 0.8484375 0.84375 0.053125 0.0875