3 0.278125 0.259375 0.06875 0.0953125
11 0.2328125 0.7875 0.0546875 0.096875
11 0.134375 0.2609375 0.05 0.0921875
11 0.6921875 0.78125 0.0546875 0.09375
11 0.696875 0.271875 0.0578125 0.1015625
3 0.628125 0.2921875 0.059375 0.1015625
3 0.946875 0.2921875 0.059375 0.1015625
3 0.83125 0.796875 0.0546875 0.09375
11 0.4625 0.775 0.05625 0.0984375
11 0.5125 0.284375 0.05625 0.096875
3 0.371875 0.7890625 0.05625 0.0984375
11 0.8328125 0.28125 0.05625 0.103125
3 0.603125 0.775 0.0546875 0.1
11 0.3734375 0.2859375 0.0546875 0.0984375
12 0.128125 0.4828125 0.0453125 0.08125
8 0.7 0.475 0.0546875 0.0953125
8 0.3796875 0.475 0.0546875 0.09375
3 0.146875 0.7890625 0.05625 0.1015625
11 0.94375 0.78125 0.05625 0.0984375