3 0.5609375 0.43125 0.0546875 0.0953125
3 0.0625 0.9109375 0.059375 0.0984375
8 0.678125 0.425 0.05 0.090625
3 0.31875 0.4140625 0.0546875 0.090625
3 0.4609375 0.9109375 0.0546875 0.09375
11 0.4125 0.421875 0.0578125 0.0921875
11 0.321875 0.896875 0.05625 0.096875
12 0.953125 0.4125 0.046875 0.0765625
8 0.68125 0.159375 0.05625 0.09375
11 0.15 0.890625 0.059375 0.1015625
8 0.16875 0.646875 0.0515625 0.0859375
3 0.959375 0.9 0.059375 0.090625
11 0.815625 0.9015625 0.0546875 0.0921875
3 0.075 0.4171875 0.0546875 0.0921875
11 0.1671875 0.40625 0.05625 0.0921875
11 0.5921875 0.878125 0.0515625 0.0828125
8 0.684375 0.6203125 0.0546875 0.0984375
8 0.2296875 0.1453125 0.0546875 0.096875
8 0.9546875 0.61875 0.0578125 0.0984375
3 0.728125 0.90625 0.059375 0.1