14 0.128125 0.415625 0.0734375 0.1453125
0 0.13125 0.621875 0.071875 0.096875
3 0.7890625 0.40625 0.0546875 0.0921875
8 0.2109375 0.146875 0.053125 0.0921875
8 0.2125 0.6421875 0.0515625 0.0875
3 0.934375 0.896875 0.059375 0.0953125
8 0.64375 0.6390625 0.0515625 0.0859375
14 0.1359375 0.8921875 0.071875 0.1546875
11 0.88125 0.4125 0.0546875 0.09375
11 0.61875 0.8828125 0.0578125 0.1015625
11 0.640625 0.396875 0.0546875 0.0921875
3 0.546875 0.409375 0.05625 0.09375
8 0.703125 0.1375 0.0546875 0.0953125
11 0.2171875 0.903125 0.0546875 0.0953125
11 0.79375 0.8859375 0.0578125 0.096875
0 0.125 0.134375 0.0765625 0.090625
3 0.534375 0.903125 0.059375 0.10625
11 0.39375 0.9 0.0609375 0.1
11 0.3953125 0.4 0.05625 0.09375
11 0.2125 0.4015625 0.05625 0.0953125