3 0.4296875 0.396875 0.0640625 0.0953125
3 0.1875 0.890625 0.053125 0.090625
8 0.896875 0.15 0.0578125 0.0953125
3 0.4328125 0.909375 0.05625 0.0953125
3 0.85 0.409375 0.0578125 0.0953125
11 0.28125 0.896875 0.053125 0.090625
8 0.553125 0.6390625 0.053125 0.090625
11 0.715625 0.390625 0.0546875 0.0984375
8 0.9328125 0.615625 0.0515625 0.0984375
8 0.55 0.896875 0.05 0.090625
11 0.0984375 0.396875 0.05625 0.0984375
8 0.1 0.621875 0.053125 0.096875
11 0.715625 0.159375 0.0546875 0.0890625
11 0.0375 0.884375 0.0515625 0.0875
8 0.059375 0.1171875 0.05625 0.0921875
11 0.9359375 0.425 0.0609375 0.096875
11 0.2796875 0.4078125 0.0546875 0.1015625
12 0.821875 0.884375 0.053125 0.078125
11 0.55 0.39375 0.0546875 0.09375
11 0.5390625 0.11875 0.0546875 0.0875