0 0.115625 0.384375 0.075 0.09375
14 0.11875 0.671875 0.075 0.1515625
8 0.2109375 0.896875 0.0515625 0.090625
14 0.109375 0.178125 0.0703125 0.153125
11 0.7 0.6625 0.05625 0.0984375
8 0.203125 0.378125 0.05625 0.0921875
11 0.8796875 0.184375 0.05625 0.09375
3 0.3375 0.1953125 0.05625 0.1
3 0.6 0.65625 0.0625 0.0984375
8 0.703125 0.8875 0.053125 0.096875
11 0.6515625 0.178125 0.0578125 0.103125
11 0.45625 0.64375 0.0625 0.096875
3 0.565625 0.196875 0.0578125 0.0953125
8 0.6609375 0.378125 0.0578125 0.090625
11 0.88125 0.671875 0.0578125 0.1046875
0 0.1234375 0.8875 0.075 0.0890625
11 0.425 0.19375 0.05625 0.0953125
11 0.190625 0.1875 0.0546875 0.1
11 0.20625 0.64375 0.059375 0.0984375
3 0.359375 0.6515625 0.05625 0.09375
3 0.790625 0.178125 0.059375 0.1015625