3 0.3359375 0.69375 0.053125 0.09375
8 0.4546875 0.684375 0.053125 0.09375
3 0.334375 0.18125 0.059375 0.09375
11 0.184375 0.684375 0.053125 0.090625
8 0.8375 0.4 0.053125 0.096875
3 0.090625 0.675 0.05625 0.09375
11 0.184375 0.190625 0.0578125 0.0984375
11 0.8375 0.209375 0.0578125 0.0984375
3 0.759375 0.1921875 0.059375 0.0953125
8 0.45625 0.4234375 0.05625 0.0921875
12 0.73125 0.66875 0.0484375 0.075
11 0.61875 0.1765625 0.0578125 0.09375
8 0.45625 0.88125 0.053125 0.096875
8 0.728125 0.884375 0.0578125 0.1
11 0.453125 0.178125 0.05625 0.09375
11 0.946875 0.671875 0.0578125 0.0859375