0 0.103125 0.459375 0.075 0.0921875
14 0.0984375 0.246875 0.075 0.1578125
14 0.10625 0.7453125 0.06875 0.153125
3 0.321875 0.26875 0.059375 0.1046875
11 0.440625 0.715625 0.0625 0.1
3 0.59375 0.725 0.059375 0.0984375
8 0.1875 0.45 0.0578125 0.09375
11 0.865625 0.2609375 0.0546875 0.09375
11 0.409375 0.265625 0.05625 0.096875
11 0.1921875 0.7171875 0.0578125 0.1015625
11 0.6875 0.734375 0.0515625 0.1
11 0.1765625 0.2625 0.05625 0.1
3 0.3453125 0.721875 0.059375 0.1
11 0.86875 0.746875 0.0578125 0.103125
3 0.778125 0.253125 0.0546875 0.1
11 0.634375 0.253125 0.05625 0.1
8 0.65 0.453125 0.059375 0.090625
3 0.55 0.2671875 0.05625 0.096875