3 0.0859375 0.44375 0.0546875 0.090625
11 0.58125 0.9328125 0.053125 0.090625
8 0.45 0.6546875 0.0546875 0.1
3 0.4953125 0.9375 0.05625 0.0953125
3 0.3296875 0.4609375 0.05625 0.096875
8 0.45 0.19375 0.053125 0.090625
11 0.178125 0.453125 0.053125 0.0921875
8 0.7234375 0.6515625 0.0546875 0.096875
3 0.725 0.93125 0.059375 0.096875
8 0.4484375 0.453125 0.0484375 0.0890625
11 0.359375 0.90625 0.053125 0.0859375
11 0.090625 0.928125 0.0546875 0.090625
3 0.2296875 0.9390625 0.0578125 0.0953125
11 0.8125 0.934375 0.05625 0.09375
8 0.8375 0.165625 0.0546875 0.0984375
12 0.7171875 0.440625 0.05 0.078125
11 0.940625 0.440625 0.059375 0.0921875
11 0.98359375 0.9125 0.0328125 0.0875
11 0.99921875 0.9125 0.0015625 0.0875