11 0.1125 0.69375 0.053125 0.090625
3 0.2625 0.19375 0.05625 0.0953125
8 0.3828125 0.69375 0.05 0.090625
8 0.3828125 0.8921875 0.0515625 0.096875
12 0.653125 0.6796875 0.046875 0.0734375
8 0.653125 0.8921875 0.05625 0.096875
3 0.2640625 0.70625 0.0546875 0.09375
8 0.38125 0.43125 0.0546875 0.0921875
3 0.684375 0.203125 0.059375 0.0984375
8 0.765625 0.4109375 0.053125 0.0984375
11 0.875 0.684375 0.059375 0.0875
11 0.1125 0.203125 0.0578125 0.0984375
11 0.7671875 0.21875 0.0609375 0.0984375
3 0.021875 0.684375 0.04375 0.090625
11 0.934375 0.2125 0.059375 0.1
11 0.546875 0.184375 0.053125 0.096875
11 0.3828125 0.1875 0.0578125 0.096875