3 0.2125 0.48125 0.05625 0.0953125
8 0.33125 0.471875 0.0515625 0.090625
8 0.33125 0.209375 0.05625 0.09375
8 0.715625 0.184375 0.0546875 0.09375
8 0.334375 0.66875 0.05625 0.0984375
12 0.6 0.459375 0.046875 0.075
8 0.6046875 0.671875 0.059375 0.0984375
11 0.875 0.934375 0.065625 0.0921875
3 0.609375 0.946875 0.05625 0.0921875
11 0.465625 0.9515625 0.053125 0.0890625
3 0.1125 0.95625 0.059375 0.0859375
11 0.24375 0.9265625 0.059375 0.0890625
11 0.0625 0.471875 0.05625 0.090625
11 0.825 0.459375 0.059375 0.090625
3 0.37421875 0.95546875 0.0609375 0.0890625
11 0.69375 0.953125 0.0578125 0.090625