11 0.725 0.5375 0.05625 0.09375
3 0.865625 0.5484375 0.0546875 0.0953125
3 0.6375 0.53125 0.059375 0.1
8 0.05 0.728125 0.0578125 0.090625
8 0.734375 0.23125 0.0578125 0.09375
3 0.1796875 0.54375 0.0578125 0.1015625
3 0.409375 0.54375 0.0546875 0.0953125
11 0.2703125 0.5421875 0.0546875 0.0953125
8 0.509375 0.728125 0.05625 0.090625
11 0.496875 0.5328125 0.0578125 0.10625
8 0.4171875 0.228125 0.0546875 0.09375
12 0.165625 0.240625 0.0453125 0.078125
11 0.0375 0.5390625 0.05625 0.096875
11 0.978125 0.7375 0.0421875 0.0890625
0 0.0375 0.2375 0.0734375 0.090625
11 0.978125 0.53125 0.04375 0.1