14 0.0375 0.796875 0.075 0.15
14 0.03125 0.30546875 0.0625 0.1515625
3 0.94375 0.8046875 0.05625 0.0953125
3 0.7 0.784375 0.053125 0.0890625
11 0.79375 0.796875 0.0546875 0.0921875
3 0.94375 0.290625 0.0609375 0.096875
3 0.459375 0.7859375 0.053125 0.0921875
3 0.51875 0.2828125 0.059375 0.0953125
11 0.55 0.78125 0.0515625 0.090625
11 0.121875 0.784375 0.05625 0.0953125
8 0.121875 0.53125 0.053125 0.09375
8 0.609375 0.5234375 0.0515625 0.096875
11 0.36875 0.275 0.0625 0.1015625
3 0.271875 0.278125 0.0609375 0.1015625
11 0.11875 0.278125 0.059375 0.1046875
11 0.309375 0.7828125 0.0546875 0.0953125
11 0.79375 0.3015625 0.0609375 0.1015625
11 0.6125 0.29375 0.05625 0.1
0 0.034375 0.51953125 0.06875 0.0859375