3 0.671875 0.203125 0.059375 0.0953125
11 0.1015625 0.696875 0.05625 0.090625
3 0.246875 0.196875 0.05625 0.0953125
8 0.371875 0.696875 0.0484375 0.0890625
8 0.371875 0.89375 0.053125 0.096875
8 0.371875 0.434375 0.053125 0.090625
8 0.75625 0.4125 0.0546875 0.0953125
11 0.865625 0.6875 0.059375 0.0890625
11 0.1015625 0.20625 0.0578125 0.1015625
8 0.646875 0.89375 0.0578125 0.0953125
3 0.253125 0.70625 0.0546875 0.096875
11 0.5359375 0.1875 0.0546875 0.096875
11 0.925 0.215625 0.0625 0.1015625
11 0.75625 0.2234375 0.0625 0.1015625
11 0.371875 0.1875 0.059375 0.09375
12 0.6421875 0.68125 0.05 0.075