14 0.09375 0.63125 0.071875 0.1484375
14 0.084375 0.134375 0.06875 0.1515625
0 0.0953125 0.83125 0.071875 0.0953125
8 0.175 0.8578125 0.0515625 0.0875
11 0.6015625 0.6125 0.0546875 0.090625
3 0.5671875 0.115625 0.059375 0.096875
8 0.603125 0.8546875 0.0515625 0.0875
8 0.171875 0.3625 0.053125 0.09375
11 0.359375 0.615625 0.0546875 0.096875
11 0.84375 0.134375 0.0578125 0.1
11 0.171875 0.6171875 0.05625 0.0953125
11 0.421875 0.10625 0.065625 0.096875
3 0.509375 0.61875 0.0546875 0.09375
3 0.753125 0.621875 0.053125 0.0890625
11 0.6625 0.125 0.0578125 0.0984375
11 0.8421875 0.625 0.05625 0.0921875
8 0.6640625 0.35 0.0515625 0.096875
3 0.321875 0.109375 0.059375 0.096875
0 0.0875 0.35 0.0734375 0.090625
11 0.16875 0.109375 0.059375 0.0984375