14 0.125 0.4125 0.071875 0.1515625
14 0.1375 0.9046875 0.075 0.1484375
0 0.1234375 0.128125 0.075 0.09375
8 0.21875 0.634375 0.0546875 0.0921875
8 0.209375 0.115625 0.0578125 0.090625
0 0.13125 0.621875 0.075 0.0890625
3 0.796875 0.89375 0.0515625 0.090625
8 0.709375 0.6234375 0.0515625 0.096875
11 0.2171875 0.890625 0.0546875 0.090625
11 0.8875 0.9 0.0546875 0.0921875
3 0.609375 0.39375 0.0578125 0.0953125
11 0.4015625 0.8875 0.0546875 0.0890625
11 0.646875 0.8875 0.0484375 0.0890625
11 0.70625 0.4 0.0546875 0.0984375
3 0.553125 0.896875 0.053125 0.090625
11 0.4625 0.38125 0.0578125 0.0953125
11 0.890625 0.409375 0.0578125 0.103125
8 0.66875 0.11875 0.0546875 0.0890625
3 0.365625 0.3875 0.0609375 0.1
11 0.215625 0.384375 0.059375 0.0984375