3 0.5546875 0.35625 0.05625 0.0921875
8 0.25 0.8515625 0.0484375 0.090625
3 0.9234375 0.84375 0.0671875 0.0875
3 0.134375 0.865625 0.0578125 0.0984375
3 0.128125 0.3515625 0.059375 0.096875
11 0.634375 0.38125 0.05625 0.0953125
8 0.603125 0.10625 0.0578125 0.0953125
8 0.2515625 0.59375 0.0546875 0.090625
3 0.9375 0.359375 0.059375 0.0890625
11 0.80625 0.375 0.0546875 0.09375
11 0.4140625 0.1125 0.05625 0.090625
12 0.5265625 0.84375 0.046875 0.078125
8 0.6375 0.5703125 0.0515625 0.0953125
11 0.41875 0.34375 0.0546875 0.096875
11 0.746875 0.8421875 0.0578125 0.0875
11 0.253125 0.346875 0.0546875 0.09375
11 0.2375 0.078125 0.0578125 0.090625