3 0.6125 0.809375 0.0578125 0.1
3 0.215625 0.3375 0.05625 0.09375
8 0.6078125 0.5296875 0.05625 0.096875
8 0.71796875 0.046875 0.0609375 0.09375
11 0.46875 0.8125 0.05625 0.09375
11 0.25 0.784375 0.0546875 0.0859375
3 0.3828125 0.815625 0.0578125 0.096875
11 0.0640625 0.328125 0.05625 0.0890625
3 0.115625 0.81875 0.0578125 0.09375
12 0.603125 0.315625 0.0484375 0.075
11 0.7 0.8125 0.059375 0.1
8 0.334375 0.53125 0.0515625 0.1
8 0.334375 0.065625 0.0546875 0.0953125
11 0.8765625 0.79375 0.0625 0.090625
11 0.828125 0.31875 0.0578125 0.0875
8 0.334375 0.3296875 0.05 0.090625
3 0.9875 0.321875 0.025 0.0828125