3 0.175 0.1828125 0.053125 0.090625
3 0.815625 0.66875 0.05625 0.09375
8 0.896875 0.875 0.053125 0.0921875
3 0.31875 0.678125 0.0578125 0.096875
8 0.44375 0.875 0.0546875 0.0921875
3 0.415625 0.203125 0.05625 0.0953125
8 0.025 0.415625 0.0484375 0.0859375
8 0.8125 0.390625 0.0546875 0.096875
8 0.5375 0.190625 0.0484375 0.0921875
11 0.446875 0.65 0.0515625 0.0828125
11 0.0234375 0.175 0.046875 0.0921875
11 0.1765625 0.665625 0.0546875 0.09375
11 0.2671875 0.19375 0.05625 0.0890625
11 0.8984375 0.671875 0.05625 0.096875
11 0.6703125 0.671875 0.05625 0.090625
12 0.80625 0.1828125 0.046875 0.0734375
8 0.5375 0.3921875 0.05 0.0984375
3 0.58125 0.6796875 0.0546875 0.096875