3 0.4390625 0.396875 0.0578125 0.09375
8 0.1375 0.8890625 0.0515625 0.0921875
3 0.828125 0.4 0.059375 0.09375
11 0.521875 0.41875 0.0609375 0.096875
3 0.021875 0.39375 0.04375 0.0953125
3 0.80625 0.8828125 0.0671875 0.0875
8 0.4875 0.14375 0.0546875 0.0953125
12 0.4125 0.875 0.05 0.075
11 0.3 0.1515625 0.053125 0.0890625
8 0.1375 0.628125 0.053125 0.0890625
8 0.5234375 0.6078125 0.0546875 0.1015625
11 0.6890625 0.409375 0.0578125 0.0984375
3 0.021875 0.89609375 0.04375 0.0984375
11 0.303125 0.38125 0.053125 0.0953125
11 0.1375 0.384375 0.0546875 0.09375
11 0.634375 0.878125 0.0625 0.0890625
11 0.1234375 0.1125 0.05625 0.090625