8 0.725 0.5609375 0.059375 0.096875
8 0.4515625 0.5609375 0.0515625 0.09375
3 0.23125 0.846875 0.05625 0.09375
3 0.0875 0.35625 0.0546875 0.0921875
3 0.33125 0.371875 0.05625 0.09375
3 0.5 0.846875 0.0546875 0.096875
8 0.45 0.3625 0.0484375 0.090625
11 0.0921875 0.834375 0.05625 0.0921875
11 0.178125 0.3625 0.05625 0.090625
11 0.940625 0.346875 0.0578125 0.090625
8 0.83125 0.078125 0.0578125 0.0984375
8 0.45 0.1 0.0546875 0.0921875
3 0.728125 0.840625 0.05625 0.09375
11 0.3609375 0.81875 0.0515625 0.0859375
11 0.815625 0.84375 0.0578125 0.096875
11 0.584375 0.840625 0.0515625 0.090625
12 0.721875 0.3484375 0.05 0.0765625