3 0.878125 0.865625 0.06875 0.0875
3 0.06875 0.409375 0.0578125 0.0984375
11 0.3265625 0.8796875 0.0546875 0.0921875
3 0.8625 0.390625 0.0671875 0.0828125
3 0.2375 0.884375 0.05625 0.0984375
8 0.1875 0.396875 0.05 0.090625
8 0.4625 0.596875 0.0578125 0.0953125
3 0.4640625 0.8734375 0.0578125 0.09375
11 0.553125 0.88125 0.059375 0.0984375
8 0.1890625 0.5984375 0.0515625 0.0984375
8 0.571875 0.1125 0.0578125 0.096875
11 0.103125 0.85625 0.0546875 0.0875
8 0.1875 0.1375 0.0546875 0.0921875
12 0.4625 0.38125 0.046875 0.0734375
11 0.73125 0.8609375 0.059375 0.090625
11 0.68125 0.3875 0.059375 0.0875