3 0.946875 0.9359375 0.0609375 0.096875
8 0.1625 0.6875 0.0484375 0.0859375
3 0.453125 0.946875 0.059375 0.09375
3 0.30625 0.4515625 0.0546875 0.0921875
8 0.66875 0.2 0.0546875 0.0921875
8 0.671875 0.659375 0.0515625 0.096875
11 0.4 0.4578125 0.0546875 0.090625
11 0.8078125 0.940625 0.0578125 0.09375
8 0.946875 0.659375 0.059375 0.096875
11 0.15625 0.446875 0.053125 0.09375
11 0.5828125 0.91875 0.0546875 0.0859375
8 0.6703125 0.4609375 0.046875 0.0890625
3 0.5515625 0.471875 0.053125 0.0953125
3 0.065625 0.453125 0.05625 0.09375
8 0.21875 0.1828125 0.0546875 0.0953125
3 0.715625 0.946875 0.0546875 0.09375
3 0.053125 0.946875 0.0578125 0.096875
11 0.1375 0.93125 0.05625 0.0984375
12 0.9421875 0.446875 0.0484375 0.075
11 0.309375 0.934375 0.05625 0.0953125