14 0.0359375 0.215625 0.071875 0.1546875
14 0.04375 0.7171875 0.078125 0.1484375
3 0.9453125 0.2359375 0.0578125 0.0984375
8 0.13125 0.41875 0.059375 0.0921875
11 0.35 0.23125 0.05625 0.096875
3 0.2640625 0.23125 0.0609375 0.1
3 0.4921875 0.234375 0.0609375 0.096875
8 0.1359375 0.934375 0.0515625 0.0921875
3 0.534375 0.6875 0.059375 0.096875
11 0.625 0.703125 0.0546875 0.0984375
11 0.38125 0.68125 0.0609375 0.096875
11 0.575 0.215625 0.0546875 0.09375
3 0.715625 0.221875 0.0578125 0.1078125
8 0.6265625 0.928125 0.0515625 0.0984375
3 0.2875 0.6875 0.059375 0.096875
11 0.11875 0.228125 0.05625 0.0984375
8 0.5859375 0.421875 0.0546875 0.090625
11 0.809375 0.709375 0.0578125 0.0984375
11 0.80625 0.2265625 0.05625 0.0984375
3 0.9578125 0.7015625 0.05625 0.09375
11 0.134375 0.684375 0.0609375 0.0984375
0 0.0390625 0.425 0.0765625 0.0984375
0 0.05 0.928125 0.0734375 0.0875