3 0.809375 0.371875 0.059375 0.1015625
3 0.4546875 0.34375 0.065625 0.09375
14 0.1046875 0.85625 0.071875 0.153125
11 0.878125 0.3515625 0.0609375 0.10625
14 0.1875 0.34375 0.065625 0.159375
0 0.1921875 0.5640625 0.071875 0.090625
11 0.646875 0.8640625 0.0578125 0.1109375
3 0.7875 0.859375 0.05625 0.0953125
3 0.3296875 0.871875 0.0609375 0.0984375
11 0.8734375 0.86875 0.05625 0.096875
11 0.6921875 0.36875 0.059375 0.096875
11 0.1875 0.86875 0.0546875 0.096875
11 0.415625 0.871875 0.05625 0.0984375
11 0.31875 0.340625 0.05 0.0921875
8 0.8828125 0.559375 0.05625 0.090625
8 0.5625 0.55625 0.0515625 0.09375
11 0.55625 0.36875 0.059375 0.1015625
12 0.315625 0.565625 0.0453125 0.0765625
3 0.5546875 0.875 0.053125 0.0984375