14 0.0484375 0.6171875 0.071875 0.1546875
14 0.0375 0.11640625 0.075 0.1546875
3 0.4953125 0.140625 0.059375 0.1
3 0.9625 0.6046875 0.0609375 0.09375
8 0.14375 0.8375 0.0546875 0.0953125
3 0.953125 0.140625 0.05625 0.0984375
11 0.58125 0.11875 0.0609375 0.0984375
3 0.26875 0.1375 0.0609375 0.1
11 0.353125 0.134375 0.059375 0.0984375
3 0.540625 0.596875 0.05625 0.0921875
8 0.134375 0.321875 0.0578125 0.09375
3 0.7234375 0.1203125 0.0578125 0.0921875
3 0.290625 0.5859375 0.0609375 0.0984375
11 0.815625 0.6125 0.059375 0.0984375
11 0.8125 0.128125 0.05625 0.0984375
11 0.628125 0.60625 0.0546875 0.0984375
8 0.634375 0.828125 0.0515625 0.0953125
11 0.1234375 0.134375 0.0546875 0.096875
0 0.04375 0.33125 0.075 0.0921875
11 0.3875 0.584375 0.0609375 0.0953125
8 0.590625 0.325 0.05625 0.0921875
11 0.140625 0.584375 0.05625 0.0984375
0 0.053125 0.8265625 0.0734375 0.09375