3 0.771875 0.559375 0.0671875 0.0859375
8 0.1 0.76875 0.05625 0.1015625
8 0.4828125 0.2828125 0.053125 0.0984375
8 0.3734375 0.76875 0.053125 0.096875
3 0.3984375 0.075 0.059375 0.0984375
3 0.7890625 0.078125 0.0609375 0.0953125
11 0.265625 0.059375 0.0578125 0.1
8 0.1 0.3078125 0.0515625 0.0921875
11 0.484375 0.096875 0.059375 0.096875
11 0.5921875 0.55625 0.0578125 0.0890625
11 0.6515625 0.0875 0.0578125 0.0953125
8 0.1 0.565625 0.05 0.090625
12 0.371875 0.5546875 0.0484375 0.0734375
11 0.1 0.059375 0.0609375 0.0984375