3 0.059375 0.3625 0.0578125 0.0953125
3 0.853125 0.3421875 0.06875 0.0859375
11 0.3125 0.83125 0.053125 0.090625
3 0.865625 0.81875 0.0671875 0.0890625
3 0.228125 0.8375 0.05625 0.0984375
8 0.178125 0.55 0.053125 0.096875
11 0.540625 0.8359375 0.05625 0.096875
3 0.453125 0.825 0.059375 0.09375
8 0.1796875 0.090625 0.0546875 0.0921875
8 0.178125 0.35 0.046875 0.0875
8 0.4515625 0.55 0.0578125 0.0953125
11 0.721875 0.815625 0.0640625 0.0921875
11 0.0921875 0.809375 0.053125 0.0859375
8 0.5609375 0.065625 0.0578125 0.1
12 0.4515625 0.3375 0.05 0.075
11 0.671875 0.3390625 0.0609375 0.0859375