0 0.084375 0.771875 0.0734375 0.09375
14 0.0796875 0.55625 0.071875 0.153125
3 0.43125 0.046875 0.0671875 0.09375
0 0.159375 0.26875 0.071875 0.09375
11 0.6171875 0.565625 0.059375 0.1109375
3 0.7609375 0.5609375 0.0546875 0.096875
3 0.98046875 0.584375 0.0390625 0.096875
11 0.85 0.05625 0.059375 0.1046875
11 0.66875 0.071875 0.0578125 0.0984375
11 0.846875 0.56875 0.0546875 0.0953125
8 0.1703125 0.7625 0.05625 0.0921875
3 0.78125 0.0765625 0.059375 0.10625
8 0.63125 0.7625 0.053125 0.0890625
11 0.390625 0.571875 0.0546875 0.09375
3 0.3 0.575 0.059375 0.103125
8 0.859375 0.265625 0.05625 0.09375
11 0.53125 0.06875 0.059375 0.1
3 0.53125 0.575 0.0546875 0.0984375
11 0.1609375 0.571875 0.05625 0.1
11 0.98125 0.06875 0.0375 0.1015625
8 0.5375 0.2625 0.05 0.0921875
12 0.2875 0.275 0.04375 0.0765625
11 0.2875 0.046875 0.053125 0.0921875
3 0.99921875 0.584375 0.0015625 0.096875