3 0.34375 0.4359375 0.059375 0.0984375
11 0.2046875 0.4328125 0.059375 0.1
3 0.1375 0.8875 0.0609375 0.0984375
3 0.115625 0.434375 0.0609375 0.1015625
11 0.4328125 0.428125 0.0578125 0.109375
3 0.3875 0.8921875 0.0578125 0.0921875
3 0.8125 0.9 0.0546875 0.09375
3 0.796875 0.440625 0.0546875 0.0984375
11 0.665625 0.9125 0.0578125 0.09375
11 0.6609375 0.4296875 0.0546875 0.0953125
12 0.1015625 0.13125 0.0484375 0.0796875
11 0.48125 0.903125 0.05625 0.0984375
3 0.571875 0.421875 0.0546875 0.0921875
11 0.234375 0.884375 0.0578125 0.09375
8 0.6703125 0.121875 0.053125 0.090625
11 0.9140625 0.628125 0.0515625 0.0890625
8 0.4421875 0.621875 0.05625 0.090625
11 0.9140625 0.425 0.05625 0.0953125
8 0.346875 0.11875 0.05625 0.090625
11 0.9328125 0.896875 0.0546875 0.09375