3 0.684375 0.4078125 0.05625 0.0953125
3 0.2625 0.396875 0.05625 0.09375
3 0.265625 0.909375 0.05625 0.0953125
8 0.3828125 0.896875 0.05 0.090625
8 0.73125 0.15 0.0578125 0.0953125
8 0.3828125 0.6375 0.053125 0.0921875
8 0.7671875 0.6125 0.0546875 0.0984375
3 0.025 0.890625 0.0484375 0.090625
11 0.7671875 0.425 0.0640625 0.1
12 0.6546875 0.884375 0.046875 0.078125
11 0.1125 0.896875 0.05625 0.0921875
11 0.1140625 0.40625 0.0578125 0.1046875
11 0.9375 0.4203125 0.05625 0.1046875
11 0.878125 0.884375 0.0609375 0.0890625
11 0.5484375 0.159375 0.0578125 0.0890625
11 0.38125 0.390625 0.0578125 0.096875
11 0.36875 0.1171875 0.0546875 0.0921875
8 0.55 0.3875 0.05625 0.0953125