3 0.1015625 0.253125 0.05 0.0671875
10 0.19375 0.234375 0.0640625 0.059375
3 0.165625 0.7984375 0.0484375 0.065625
10 0.25625 0.778125 0.053125 0.0578125
7 0.06875 0.615625 0.0578125 0.065625
7 0.48125 0.621875 0.0515625 0.059375
7 0.8875 0.63125 0.05625 0.065625
7 0.028125 0.3328125 0.046875 0.0546875
7 0.475 0.34375 0.05625 0.0609375
7 0.878125 0.33125 0.05625 0.0625
7 0.0984375 0.88125 0.059375 0.059375
7 0.515625 0.884375 0.0484375 0.05625
7 0.89375 0.878125 0.05 0.059375
3 0.40625 0.784375 0.0359375 0.059375
3 0.359375 0.2453125 0.0421875 0.0609375
11 0.46875 0.246875 0.0328125 0.0546875
11 0.5984375 0.2296875 0.046875 0.0546875
11 0.71875 0.25 0.0359375 0.059375
11 0.184375 0.53125 0.0390625 0.0546875
11 0.06875 0.509375 0.040625 0.0578125
3 0.371875 0.521875 0.0546875 0.0625
11 0.475 0.509375 0.0375 0.059375
11 0.59375 0.525 0.04375 0.0609375
11 0.8875 0.509375 0.0453125 0.059375
11 0.509375 0.7890625 0.0453125 0.0671875
11 0.625 0.775 0.0421875 0.0625
11 0.74375 0.790625 0.0359375 0.0640625
3 0.028125 0.2453125 0.0546875 0.06875
3 0.878125 0.253125 0.046875 0.0671875
3 0.9546875 0.2640625 0.046875 0.0625
3 0.2984375 0.528125 0.05 0.0625
3 0.709375 0.521875 0.0421875 0.0671875
3 0.78125 0.5171875 0.0515625 0.071875
3 0.0875 0.7890625 0.0515625 0.059375
3 0.890625 0.7953125 0.0515625 0.071875
3 0.95625 0.809375 0.0515625 0.0609375