11 0.1125 0.184375 0.04375 0.059375
11 0.228125 0.2109375 0.04375 0.059375
11 0.525 0.190625 0.0515625 0.059375
11 0.6375 0.20625 0.0421875 0.05625
11 0.934375 0.190625 0.0484375 0.0640625
11 0.55625 0.46875 0.040625 0.0625
11 0.6734375 0.45625 0.0453125 0.059375
11 0.790625 0.475 0.0390625 0.065625
3 0.45 0.74375 0.046875 0.0609375
11 0.55 0.7375 0.053125 0.059375
11 0.659375 0.746875 0.0421875 0.0640625
11 0.265625 0.7515625 0.0453125 0.0578125
11 0.153125 0.734375 0.046875 0.059375
3 0.84375 0.740625 0.05 0.0703125
11 0.94375 0.734375 0.040625 0.0609375
3 0.209375 0.478125 0.0515625 0.0625
10 0.3015625 0.45625 0.0546875 0.059375
3 0.453125 0.465625 0.0453125 0.059375
7 0.1171875 0.296875 0.053125 0.0640625
7 0.528125 0.3046875 0.05 0.0609375
7 0.9359375 0.30625 0.0515625 0.059375
7 0.140625 0.55625 0.05 0.059375
7 0.5625 0.5640625 0.0546875 0.0578125
7 0.940625 0.5578125 0.0515625 0.059375
7 0.15625 0.840625 0.0609375 0.0703125
7 0.55 0.846875 0.0640625 0.0546875
8 0.9453125 0.853125 0.046875 0.0546875
3 0.046875 0.7375 0.0625 0.0609375
3 0.346875 0.2046875 0.04375 0.0625
3 0.41875 0.2015625 0.046875 0.059375
3 0.759375 0.203125 0.0484375 0.0671875
3 0.8265625 0.1984375 0.053125 0.065625
3 0.021875 0.478125 0.0421875 0.078125
3 0.1375 0.465625 0.0546875 0.0671875
3 0.940625 0.478125 0.0515625 0.0671875
3 0.3796875 0.746875 0.059375 0.059375
3 0.771875 0.74375 0.046875 0.071875