14 0.225 0.28125 0.065625 0.0984375
14 0.1421875 0.553125 0.0625 0.1046875
14 0.146875 0.8265625 0.0640625 0.10625
0 0.1453125 0.6515625 0.0640625 0.0640625
0 0.14375 0.91875 0.06875 0.059375
0 0.228125 0.378125 0.05625 0.053125
11 0.271875 0.2046875 0.0375 0.0453125
11 0.41875 0.56875 0.040625 0.059375
11 0.571875 0.540625 0.04375 0.059375
11 0.684375 0.56875 0.04375 0.0609375
8 0.21875 0.565625 0.0359375 0.0609375
12 0.3328125 0.378125 0.0359375 0.053125
7 0.540625 0.36875 0.0578125 0.059375
7 0.228125 0.659375 0.0546875 0.0609375
7 0.5765625 0.653125 0.0546875 0.0703125
7 0.225 0.925 0.05625 0.065625
7 0.603125 0.9125 0.0515625 0.059375
8 0.2203125 0.83125 0.040625 0.0640625
3 0.6671875 0.83125 0.053125 0.0578125
7 0.7640625 0.8125 0.0515625 0.0609375
3 0.9125 0.825 0.0515625 0.0640625
3 0.875 0.55625 0.0546875 0.071875
11 0.978125 0.55 0.0421875 0.059375
3 0.609375 0.2890625 0.0546875 0.05625
10 0.7078125 0.271875 0.0515625 0.0625
3 0.865625 0.2796875 0.04375 0.05625
11 0.975 0.2859375 0.0375 0.0609375
3 0.403125 0.828125 0.0484375 0.0609375
3 0.4828125 0.828125 0.05 0.05625
3 0.596875 0.825 0.0453125 0.0703125
3 0.80625 0.5625 0.040625 0.071875
3 0.421875 0.284375 0.0421875 0.06875
3 0.525 0.2796875 0.0421875 0.0625
3 0.3421875 0.2875 0.04375 0.0609375