7 0.1203125 0.090625 0.0671875 0.0609375
7 0.540625 0.1 0.0515625 0.0671875
7 0.9171875 0.09375 0.059375 0.065625
7 0.13125 0.375 0.053125 0.0609375
7 0.53125 0.3875 0.0734375 0.0625
7 0.096875 0.634375 0.059375 0.0625
7 0.49375 0.634375 0.059375 0.065625
7 0.8828125 0.6421875 0.0609375 0.0625
7 0.11875 0.925 0.0625 0.0671875
7 0.55 0.909375 0.0734375 0.0734375
7 0.9484375 0.91875 0.0671875 0.06875
11 0.128125 0.2625 0.0515625 0.0578125
11 0.2390625 0.290625 0.05 0.059375
3 0.421875 0.278125 0.0421875 0.0640625
11 0.528125 0.26875 0.040625 0.0578125
11 0.634375 0.284375 0.046875 0.0625
3 0.8125 0.2734375 0.0515625 0.065625
11 0.915625 0.2671875 0.0421875 0.05625
11 0.484375 0.534375 0.0375 0.0609375
11 0.6 0.5328125 0.0578125 0.059375
11 0.728125 0.534375 0.0390625 0.0609375
11 0.875 0.5328125 0.0390625 0.0625
11 0.1125 0.821875 0.0421875 0.06875
3 0.440625 0.828125 0.040625 0.071875
11 0.534375 0.828125 0.04375 0.059375
11 0.6515625 0.828125 0.0421875 0.0578125
3 0.8375 0.834375 0.0484375 0.0703125
11 0.94375 0.8078125 0.046875 0.059375
8 0.09375 0.55625 0.0421875 0.059375
3 0.0265625 0.271875 0.053125 0.059375
3 0.353125 0.284375 0.046875 0.0640625
3 0.75 0.278125 0.0453125 0.0640625
3 0.2859375 0.546875 0.040625 0.0703125
3 0.3671875 0.540625 0.0375 0.0671875
3 0.221875 0.821875 0.0359375 0.0734375
3 0.29375 0.81875 0.0546875 0.0703125
3 0.36875 0.821875 0.0484375 0.06875
3 0.7734375 0.83125 0.046875 0.0765625