3 0.4015625 0.1125 0.05 0.0671875
11 0.503125 0.11875 0.04375 0.059375
11 0.621875 0.103125 0.0546875 0.059375
11 0.73125 0.11875 0.0515625 0.0640625
11 0.096875 0.375 0.053125 0.059375
11 0.20625 0.4015625 0.040625 0.053125
3 0.390625 0.396875 0.0421875 0.0765625
11 0.4953125 0.3828125 0.04375 0.05625
11 0.6078125 0.396875 0.04375 0.065625
11 0.890625 0.378125 0.059375 0.0640625
11 0.45625 0.646875 0.0453125 0.0625
11 0.578125 0.65 0.046875 0.0703125
11 0.7 0.6453125 0.0484375 0.0609375
11 0.8453125 0.646875 0.04375 0.0625
11 0.078125 0.9296875 0.0484375 0.0640625
3 0.4046875 0.9375 0.053125 0.0671875
11 0.50625 0.940625 0.0453125 0.0609375
11 0.628125 0.940625 0.04375 0.0640625
11 0.915625 0.9234375 0.0390625 0.0625
3 0.15625 0.121875 0.0546875 0.0703125
10 0.246875 0.1 0.065625 0.059375
7 0.0890625 0.2046875 0.0609375 0.0625
7 0.5078125 0.2140625 0.0671875 0.0640625
7 0.8875 0.203125 0.059375 0.0734375
7 0.496875 0.496875 0.0625 0.0671875
7 0.1 0.484375 0.06875 0.0734375
7 0.85625 0.753125 0.0546875 0.0609375
7 0.465625 0.746875 0.0546875 0.0640625
7 0.071875 0.746875 0.065625 0.0640625
8 0.8859375 0.5 0.0390625 0.059375
8 0.059375 0.66875 0.04375 0.05625
3 0.084375 0.115625 0.0484375 0.0640625
3 0.878125 0.125 0.0421875 0.0703125
3 0.94375 0.134375 0.0515625 0.065625
3 0.321875 0.3984375 0.0453125 0.059375
3 0.7171875 0.39375 0.04375 0.0640625
3 0.784375 0.3875 0.0578125 0.0671875
3 0.25625 0.65625 0.046875 0.0625
3 0.3328125 0.653125 0.053125 0.0609375
3 0.19375 0.9296875 0.053125 0.0625
3 0.25625 0.925 0.0484375 0.059375
3 0.340625 0.934375 0.04375 0.075
3 0.740625 0.9421875 0.0453125 0.078125
3 0.809375 0.95 0.0546875 0.0734375
3 0.97421875 0.646875 0.0515625 0.0625
3 0.99921875 0.646875 0.0015625 0.0625