7 0.059375 0.1046875 0.0640625 0.0609375
7 0.503125 0.115625 0.0515625 0.0640625
7 0.903125 0.10625 0.0515625 0.065625
7 0.09375 0.3875 0.059375 0.0671875
7 0.5078125 0.39375 0.05625 0.0609375
7 0.915625 0.3953125 0.0453125 0.0609375
7 0.121875 0.6453125 0.0515625 0.05
7 0.5421875 0.659375 0.05 0.0671875
7 0.91875 0.65 0.0484375 0.0625
7 0.1359375 0.928125 0.05625 0.0578125
7 0.5375 0.9359375 0.059375 0.0578125
8 0.91875 0.940625 0.0453125 0.0578125
3 0.028125 0.825 0.0546875 0.05625
3 0.428125 0.5609375 0.0484375 0.0625
11 0.134375 0.825 0.0453125 0.0640625
11 0.2453125 0.85 0.04375 0.0609375
3 0.425 0.8328125 0.0453125 0.059375
11 0.5296875 0.828125 0.04375 0.059375
11 0.640625 0.840625 0.04375 0.0625
3 0.821875 0.834375 0.0484375 0.071875
11 0.925 0.825 0.04375 0.0578125
11 0.5375 0.5625 0.0359375 0.059375
11 0.653125 0.55 0.04375 0.0609375
11 0.771875 0.565625 0.0359375 0.0671875
11 0.2078125 0.3 0.0375 0.059375
11 0.09375 0.275 0.0375 0.059375
11 0.50625 0.2796875 0.0515625 0.0625
11 0.6203125 0.29375 0.0390625 0.0546875
11 0.909375 0.28125 0.040625 0.0609375
3 0.190625 0.5625 0.0515625 0.0625
10 0.28125 0.54375 0.053125 0.0640625
3 0.325 0.296875 0.0515625 0.0734375
3 0.3921875 0.29375 0.05625 0.0609375
3 0.7375 0.290625 0.0484375 0.0640625
3 0.8046875 0.284375 0.05625 0.065625
3 0.1125 0.55625 0.0453125 0.0640625
3 0.9109375 0.56875 0.04375 0.0734375
3 0.753125 0.8390625 0.0484375 0.075
3 0.3578125 0.840625 0.0375 0.0640625