11 0.1984375 0.26875 0.04375 0.0578125
11 0.3515625 0.2484375 0.046875 0.059375
11 0.4625 0.271875 0.0484375 0.0703125
11 0.7625 0.253125 0.04375 0.059375
11 0.8671875 0.2640625 0.059375 0.0625
11 0.79375 0.53125 0.04375 0.065625
11 0.909375 0.5125 0.0484375 0.0671875
3 0.4421875 0.534375 0.053125 0.059375
10 0.540625 0.515625 0.0625 0.059375
7 0.315625 0.071875 0.059375 0.0515625
7 0.759375 0.0828125 0.0484375 0.0703125
7 0.353125 0.359375 0.065625 0.0640625
7 0.76875 0.3625 0.075 0.059375
7 0.796875 0.621875 0.0515625 0.065625
7 0.3828125 0.615625 0.05625 0.0546875
7 0.390625 0.90625 0.0609375 0.0671875
7 0.7921875 0.909375 0.059375 0.0703125
3 0.284375 0.796875 0.075 0.0578125
12 0.1140625 0.08125 0.0328125 0.05
3 0.6859375 0.5265625 0.0453125 0.0609375
4 0.1875 0.8 0.0390625 0.04375
11 0.3875 0.79375 0.0515625 0.0625
11 0.496875 0.815625 0.0453125 0.053125
11 0.784375 0.7984375 0.0453125 0.065625
11 0.89375 0.809375 0.0421875 0.0609375
3 0.58125 0.2609375 0.0421875 0.065625
3 0.653125 0.2609375 0.0546875 0.0625
3 0.1765625 0.534375 0.053125 0.0609375
3 0.259375 0.534375 0.04375 0.0671875
3 0.36875 0.5296875 0.05 0.06875
3 0.6125 0.809375 0.046875 0.0609375
3 0.678125 0.80625 0.0578125 0.06875