11 0.078125 0.08125 0.046875 0.06875
11 0.3734375 0.0625 0.04375 0.059375
11 0.484375 0.071875 0.0453125 0.0703125
3 0.675 0.065625 0.05 0.0734375
11 0.778125 0.059375 0.0453125 0.0640625
3 0.296875 0.340625 0.0421875 0.0671875
11 0.40625 0.340625 0.04375 0.0671875
11 0.51875 0.325 0.0453125 0.059375
11 0.6375 0.3421875 0.0390625 0.06875
3 0.85 0.3609375 0.046875 0.075
11 0.9296875 0.328125 0.0390625 0.0609375
11 0.1125 0.625 0.0390625 0.059375
11 0.4 0.6046875 0.0453125 0.0609375
11 0.509375 0.621875 0.04375 0.06875
3 0.690625 0.6125 0.0484375 0.0671875
11 0.790625 0.603125 0.040625 0.065625
11 0.35625 0.86875 0.0390625 0.0625
11 0.478125 0.8703125 0.0359375 0.0671875
11 0.6015625 0.86875 0.0421875 0.059375
11 0.746875 0.871875 0.04375 0.065625
3 0.05625 0.3453125 0.0625 0.059375
10 0.146875 0.328125 0.053125 0.0640625
7 0.375 0.175 0.0546875 0.0609375
7 0.784375 0.175 0.0578125 0.059375
7 0.409375 0.4375 0.0515625 0.0609375
7 0.7875 0.425 0.0484375 0.0609375
7 0.4 0.7109375 0.0484375 0.0640625
7 0.3640625 0.96875 0.046875 0.059375
7 0.75625 0.971875 0.059375 0.05625
8 0.7921875 0.71875 0.04375 0.059375
3 0.19375 0.075 0.0421875 0.0703125
3 0.265625 0.071875 0.0515625 0.071875
3 0.6015625 0.071875 0.040625 0.0734375
3 0.89375 0.059375 0.0421875 0.0640625
3 0.971875 0.0671875 0.0453125 0.071875
3 0.7859375 0.35 0.046875 0.0609375
3 0.621875 0.6140625 0.046875 0.065625
3 0.2234375 0.6140625 0.040625 0.0625
3 0.29375 0.61875 0.0484375 0.0734375
3 0.903125 0.603125 0.0421875 0.0671875
3 0.96875 0.6109375 0.0484375 0.065625
3 0.153125 0.878125 0.0390625 0.0609375
3 0.2390625 0.875 0.046875 0.0609375
3 0.878125 0.86875 0.0390625 0.059375
3 0.946875 0.8640625 0.046875 0.0625