3 0.103125 0.315625 0.0453125 0.071875
10 0.2 0.290625 0.053125 0.05625
3 0.165625 0.859375 0.046875 0.0640625
10 0.253125 0.8375 0.0546875 0.0625
7 0.03125 0.39375 0.0515625 0.0625
7 0.4765625 0.4 0.05625 0.0671875
7 0.88125 0.396875 0.071875 0.0625
7 0.071875 0.675 0.059375 0.0671875
7 0.48125 0.6828125 0.05 0.0609375
7 0.890625 0.684375 0.053125 0.059375
7 0.096875 0.9375 0.04375 0.059375
7 0.515625 0.946875 0.0515625 0.0578125
7 0.8921875 0.9390625 0.0484375 0.059375
7 0.359375 0.3015625 0.0375 0.0609375
11 0.46875 0.30625 0.0359375 0.059375
11 0.596875 0.2921875 0.0484375 0.0546875
11 0.7203125 0.30625 0.040625 0.0625
11 0.06875 0.565625 0.04375 0.0578125
11 0.18125 0.590625 0.0359375 0.0625
11 0.4796875 0.5703125 0.0421875 0.05625
11 0.590625 0.58125 0.053125 0.0609375
3 0.78125 0.575 0.0421875 0.0609375
11 0.878125 0.56875 0.046875 0.0671875
11 0.5125 0.85 0.0484375 0.059375
11 0.628125 0.8390625 0.0484375 0.0640625
11 0.74375 0.8546875 0.0453125 0.0609375
3 0.403125 0.846875 0.05 0.0625
3 0.028125 0.303125 0.053125 0.0671875
3 0.875 0.309375 0.0453125 0.0734375
3 0.9546875 0.3234375 0.046875 0.065625
3 0.2984375 0.5875 0.040625 0.0671875
3 0.365625 0.5828125 0.0546875 0.065625
3 0.70625 0.58125 0.0390625 0.05625
3 0.090625 0.85 0.0421875 0.0703125
3 0.884375 0.85625 0.0453125 0.0671875
3 0.9515625 0.8703125 0.053125 0.065625