11 0.3453125 0.1921875 0.04375 0.0640625
11 0.6125 0.19375 0.0453125 0.0671875
11 0.496875 0.1671875 0.0453125 0.059375
11 0.903125 0.175 0.053125 0.0640625
11 0.940625 0.453125 0.0421875 0.059375
11 0.6375 0.7375 0.0515625 0.0671875
11 0.5359375 0.715625 0.0421875 0.0578125
3 0.825 0.73125 0.0484375 0.0640625
11 0.93125 0.71875 0.034375 0.0609375
8 0.1375 0.190625 0.05 0.05625
8 0.14375 0.453125 0.0484375 0.059375
8 0.146875 0.715625 0.0453125 0.0609375
7 0.15 0.834375 0.05 0.065625
7 0.5375 0.825 0.0671875 0.059375
7 0.9359375 0.834375 0.0625 0.065625
7 0.146875 0.55 0.05625 0.0671875
7 0.528125 0.5421875 0.0515625 0.0609375
7 0.946875 0.55 0.0484375 0.065625
7 0.1484375 0.284375 0.05625 0.0625
7 0.5 0.2796875 0.053125 0.071875
7 0.909375 0.284375 0.0515625 0.059375
14 0.06875 0.18125 0.059375 0.0984375
14 0.071875 0.4515625 0.0625 0.0984375
14 0.06875 0.7234375 0.0515625 0.0984375
0 0.06875 0.278125 0.05625 0.065625
0 0.071875 0.54375 0.065625 0.0546875
0 0.071875 0.815625 0.059375 0.0546875
3 0.428125 0.721875 0.0609375 0.059375
3 0.8328125 0.45 0.04375 0.059375
3 0.5953125 0.4609375 0.05 0.065625
7 0.684375 0.440625 0.0640625 0.065625
4 0.33125 0.721875 0.0375 0.04375
3 0.721875 0.1875 0.0484375 0.0671875
3 0.79375 0.1828125 0.0625 0.065625
3 0.3203125 0.4609375 0.05625 0.071875
3 0.4 0.45625 0.0546875 0.065625
3 0.515625 0.453125 0.0515625 0.065625
3 0.759375 0.734375 0.046875 0.0640625