11 0.246875 0.03125 0.0375 0.0625
11 0.5 0.034375 0.04375 0.0671875
11 0.36875 0.309375 0.046875 0.065625
11 0.25 0.2921875 0.046875 0.0546875
11 0.659375 0.290625 0.05 0.0578125
11 0.40625 0.5578125 0.0484375 0.0609375
11 0.28125 0.575 0.05 0.0609375
11 0.51875 0.575 0.0546875 0.05625
3 0.7296875 0.590625 0.05 0.0640625
11 0.8140625 0.5625 0.0453125 0.0546875
3 0.1734375 0.846875 0.046875 0.0703125
11 0.28125 0.840625 0.0421875 0.05625
11 0.390625 0.8515625 0.046875 0.0609375
3 0.571875 0.84375 0.04375 0.0671875
11 0.671875 0.8375 0.046875 0.059375
11 0.9296875 0.940625 0.04375 0.059375
3 0.184375 0.571875 0.040625 0.0734375
3 0.98125 0.040625 0.0375 0.06875
3 0.134375 0.03125 0.040625 0.0625
7 0.253125 0.125 0.05625 0.0578125
7 0.65625 0.11875 0.059375 0.065625
7 0.25625 0.4046875 0.0453125 0.065625
7 0.6640625 0.409375 0.05 0.0609375
7 0.290625 0.66875 0.059375 0.0609375
7 0.671875 0.665625 0.05 0.065625
7 0.2828125 0.95 0.05625 0.0609375
8 0.671875 0.953125 0.0328125 0.06875
10 0.0328125 0.5640625 0.0546875 0.065625
3 0.728125 0.04375 0.0546875 0.075
10 0.8265625 0.0265625 0.05625 0.053125
3 0.075 0.30625 0.0515625 0.0640625
3 0.14375 0.303125 0.053125 0.0734375
3 0.48125 0.30625 0.0453125 0.0671875
3 0.553125 0.3 0.0515625 0.065625
3 0.653125 0.0375 0.053125 0.06875
3 0.778125 0.2953125 0.046875 0.065625
3 0.84375 0.2984375 0.0578125 0.059375
3 0.9234375 0.303125 0.05 0.06875
3 0.665625 0.58125 0.046875 0.0703125
3 0.9265625 0.5875 0.040625 0.0765625
3 0.10625 0.85625 0.0453125 0.06875
3 0.4984375 0.846875 0.04375 0.06875
3 0.7875 0.840625 0.0421875 0.0734375
3 0.85625 0.84375 0.05 0.0640625
3 0.925 0.85 0.0515625 0.0734375