8 0.0625 0.1625 0.046875 0.059375
3 0.3484375 0.1609375 0.0609375 0.059375
11 0.453125 0.153125 0.0453125 0.0578125
11 0.5671875 0.1796875 0.0390625 0.059375
11 0.85625 0.1578125 0.0484375 0.0625
11 0.9640625 0.175 0.046875 0.059375
11 0.809375 0.421875 0.0515625 0.0609375
11 0.934375 0.4234375 0.040625 0.059375
11 0.059375 0.709375 0.046875 0.065625
11 0.178125 0.70625 0.053125 0.0609375
11 0.296875 0.70625 0.04375 0.0625
11 0.434375 0.7109375 0.0453125 0.0703125
3 0.7640625 0.715625 0.046875 0.0625
11 0.865625 0.71875 0.0375 0.0640625
11 0.9796875 0.71875 0.0359375 0.0703125
3 0.2515625 0.1671875 0.04375 0.05
7 0.0703125 0.26875 0.059375 0.0671875
7 0.45625 0.265625 0.0609375 0.059375
7 0.8578125 0.278125 0.0578125 0.071875
7 0.0703125 0.4453125 0.0640625 0.059375
7 0.071875 0.525 0.0578125 0.059375
7 0.421875 0.521875 0.059375 0.059375
7 0.8203125 0.521875 0.053125 0.0625
7 0.065625 0.8 0.0578125 0.0703125
7 0.4421875 0.815625 0.0671875 0.0734375
7 0.8734375 0.8 0.0625 0.0671875
8 0.41875 0.45 0.0546875 0.0640625
3 0.6796875 0.175 0.040625 0.0703125
3 0.7453125 0.171875 0.05 0.0640625
3 0.6109375 0.4359375 0.05625 0.06875
3 0.6859375 0.434375 0.05625 0.0734375
3 0.546875 0.70625 0.05625 0.0609375
3 0.615625 0.703125 0.0484375 0.065625
3 0.6984375 0.7125 0.059375 0.0703125