8 0.159375 0.425 0.0578125 0.0625
8 0.98125 0.25625 0.0375 0.059375
3 0.090625 0.14375 0.059375 0.0671875
11 0.196875 0.1375 0.04375 0.059375
11 0.3125 0.159375 0.04375 0.065625
3 0.49375 0.15 0.0390625 0.0671875
11 0.5953125 0.1390625 0.040625 0.059375
11 0.70625 0.1546875 0.04375 0.065625
3 0.8875 0.1484375 0.0484375 0.06875
11 0.98359375 0.13671875 0.0328125 0.0546875
11 0.55 0.40625 0.0390625 0.065625
11 0.675 0.403125 0.04375 0.0546875
11 0.8 0.40625 0.0390625 0.059375
11 0.95 0.403125 0.046875 0.0578125
11 0.0375 0.690625 0.0484375 0.065625
11 0.178125 0.6890625 0.04375 0.0625
3 0.50625 0.6921875 0.0484375 0.06875
11 0.6078125 0.69375 0.0453125 0.0578125
11 0.725 0.696875 0.0421875 0.0578125
7 0.18125 0.7984375 0.059375 0.0671875
7 0.615625 0.78125 0.0546875 0.0703125
7 0.203125 0.246875 0.0546875 0.059375
7 0.596875 0.253125 0.0578125 0.06875
7 0.5609375 0.50625 0.0578125 0.0578125
7 0.95 0.5125 0.053125 0.0609375
7 0.165625 0.503125 0.0515625 0.059375
3 0.41875 0.15625 0.0421875 0.0703125
3 0.815625 0.153125 0.0515625 0.06875
3 0.35 0.4140625 0.0453125 0.059375
3 0.4296875 0.4109375 0.053125 0.059375
3 0.290625 0.690625 0.053125 0.0625
3 0.359375 0.684375 0.053125 0.0625
3 0.440625 0.690625 0.046875 0.0640625
3 0.8359375 0.6984375 0.04375 0.06875
3 0.90625 0.703125 0.0484375 0.0609375
11 0.99921875 0.13671875 0.0015625 0.0546875