10 0.109375 0.096875 0.05 0.0578125
3 0.25625 0.1078125 0.04375 0.059375
11 0.3625 0.115625 0.04375 0.06875
11 0.484375 0.1 0.0421875 0.059375
11 0.5984375 0.11875 0.0390625 0.059375
3 0.8140625 0.134375 0.046875 0.0734375
11 0.890625 0.103125 0.046875 0.0546875
11 0.06875 0.403125 0.0390625 0.0609375
3 0.2578125 0.3875 0.05 0.0671875
11 0.359375 0.38125 0.04375 0.0625
11 0.4640625 0.3953125 0.046875 0.0640625
3 0.653125 0.3875 0.04375 0.0671875
11 0.74375 0.3796875 0.0484375 0.0640625
11 0.3109375 0.64375 0.0484375 0.0609375
11 0.440625 0.64375 0.040625 0.059375
11 0.5640625 0.646875 0.0453125 0.0671875
11 0.7125 0.64375 0.04375 0.0625
3 0.271875 0.934375 0.0484375 0.0640625
11 0.371875 0.934375 0.04375 0.059375
11 0.484375 0.9375 0.0421875 0.0640625
3 0.675 0.9453125 0.0421875 0.075
11 0.775 0.9171875 0.0421875 0.059375
11 0.890625 0.946875 0.04375 0.059375
7 0.325 0.746875 0.053125 0.071875
7 0.7171875 0.7546875 0.059375 0.0609375
7 0.3609375 0.49375 0.0546875 0.053125
7 0.36875 0.2125 0.0625 0.059375
7 0.746875 0.2 0.05 0.059375
8 0.746875 0.4953125 0.0421875 0.05625
3 0.7375 0.121875 0.0484375 0.065625
3 0.18125 0.39375 0.04375 0.0609375
3 0.58125 0.390625 0.0453125 0.065625
3 0.8609375 0.38125 0.046875 0.0734375
3 0.93125 0.3859375 0.0453125 0.065625
3 0.1140625 0.653125 0.04375 0.0578125
3 0.2 0.65 0.0515625 0.0578125
3 0.834375 0.6421875 0.0375 0.0625
3 0.909375 0.640625 0.0484375 0.0640625
3 0.05625 0.9265625 0.0390625 0.0625
3 0.125 0.921875 0.0453125 0.0609375
3 0.2 0.928125 0.0515625 0.0640625
3 0.60625 0.9421875 0.0453125 0.071875