8 0.19375 0.759375 0.053125 0.0609375
7 0.23125 0.575 0.065625 0.0671875
7 0.625 0.584375 0.059375 0.075
7 0.1953125 0.8359375 0.053125 0.0640625
7 0.590625 0.834375 0.0453125 0.059375
7 0.184375 0.034375 0.059375 0.0671875
7 0.6 0.040625 0.046875 0.0578125
7 0.215625 0.29375 0.05625 0.059375
7 0.6375 0.30625 0.0546875 0.0703125
3 0.284375 0.215625 0.053125 0.078125
10 0.378125 0.190625 0.053125 0.0609375
11 0.63125 0.209375 0.0515625 0.0546875
11 0.746875 0.19375 0.05 0.0625
11 0.8625 0.2078125 0.0484375 0.0609375
11 0.2296875 0.46875 0.046875 0.0625
11 0.340625 0.4921875 0.046875 0.0609375
3 0.51875 0.48125 0.0453125 0.06875
11 0.621875 0.4734375 0.0515625 0.059375
11 0.73125 0.484375 0.0515625 0.059375
11 0.58125 0.734375 0.04375 0.065625
11 0.709375 0.7375 0.0484375 0.0609375
11 0.828125 0.740625 0.0390625 0.0671875
11 0.9765625 0.7375 0.0390625 0.0609375
3 0.1203125 0.471875 0.0640625 0.059375
3 0.5296875 0.2046875 0.0484375 0.06875
4 0.021875 0.475 0.0375 0.04375
3 0.0203125 0.215625 0.040625 0.065625
3 0.09375 0.2125 0.0484375 0.0765625
3 0.20625 0.20625 0.05 0.0671875
3 0.45 0.48125 0.0375 0.0640625
3 0.8421875 0.484375 0.05 0.0671875
3 0.9125 0.48125 0.053125 0.0640625
3 0.3796875 0.746875 0.034375 0.0671875
3 0.465625 0.746875 0.0546875 0.0734375