0 0.025 0.546875 0.0390625 0.046875
0 0.025 0.83125 0.0390625 0.0484375
7 0.9375 0.4546875 0.034375 0.046875
3 0.65 0.7234375 0.03125 0.0515625
11 0.125 0.453125 0.025 0.05
3 0.3640625 0.7328125 0.0265625 0.0484375
11 0.175 0.175 0.025 0.05
7 0.40625 0.725 0.0328125 0.05
8 0.828125 0.83125 0.028125 0.05
11 0.8125 0.159375 0.028125 0.05
14 0.0234375 0.45 0.0359375 0.078125
11 0.725 0.728125 0.0265625 0.05
11 0.90625 0.728125 0.0265625 0.05
11 0.50625 0.725 0.0296875 0.0515625
8 0.98125 0.83125 0.028125 0.0515625
7 0.6875 0.178125 0.034375 0.0484375
11 0.63125 0.171875 0.028125 0.0515625
11 0.775 0.159375 0.028125 0.05
11 0.98671875 0.16328125 0.0265625 0.0515625
11 0.6125 0.453125 0.028125 0.0484375
8 0.8796875 0.8375 0.028125 0.0515625
11 0.7828125 0.728125 0.0265625 0.05
11 0.3625 0.171875 0.0265625 0.05
8 0.509375 0.8390625 0.028125 0.05
7 0.20625 0.44375 0.034375 0.05
8 0.7578125 0.8234375 0.028125 0.0484375
11 0.309375 0.165625 0.025 0.0484375
11 0.8453125 0.165625 0.0265625 0.0515625
11 0.2671875 0.1625 0.025 0.046875
11 0.09375 0.165625 0.025 0.046875
10 0.596875 0.7234375 0.0359375 0.0546875
11 0.6 0.16875 0.028125 0.0515625
11 0.75625 0.728125 0.028125 0.05
11 0.3515625 0.453125 0.025 0.0484375
14 0.021875 0.16875 0.034375 0.078125
8 0.596875 0.8328125 0.03125 0.0515625
11 0.58125 0.45 0.0265625 0.05
8 0.26875 0.8296875 0.0265625 0.0484375
8 0.33125 0.828125 0.028125 0.05
11 0.5515625 0.725 0.0296875 0.0515625
5 0.221875 0.2734375 0.03125 0.0234375
11 0.146875 0.171875 0.025 0.0484375
11 0.15625 0.45625 0.0265625 0.046875
11 0.5375 0.1578125 0.0265625 0.05
0 0.0234375 0.265625 0.0359375 0.0453125
11 0.884375 0.4515625 0.028125 0.05
5 0.934375 0.553125 0.0328125 0.025
11 0.2515625 0.446875 0.025 0.046875
8 0.946875 0.73125 0.028125 0.05
11 0.73125 0.165625 0.028125 0.0515625
8 0.7 0.8234375 0.028125 0.046875
14 0.0234375 0.73125 0.0359375 0.0796875
5 0.934375 0.275 0.0328125 0.0234375
11 0.06875 0.4453125 0.0265625 0.05
8 0.06875 0.8234375 0.0265625 0.046875
11 0.521875 0.4421875 0.025 0.046875
11 0.85 0.73125 0.0265625 0.05
10 0.33125 0.734375 0.03125 0.046875
7 0.434375 0.44375 0.0328125 0.0484375
12 0.4609375 0.7265625 0.025 0.0421875
11 0.490625 0.159375 0.0265625 0.0484375
11 0.48125 0.4421875 0.025 0.046875
11 0.8515625 0.446875 0.0265625 0.0515625
11 0.8796875 0.73125 0.025 0.0484375
11 0.3828125 0.45625 0.0265625 0.046875
8 0.98125 0.7203125 0.0296875 0.05625
5 0.309375 0.275 0.03125 0.021875
11 0.7875 0.4359375 0.028125 0.0515625
8 0.946875 0.83125 0.0265625 0.05
5 0.2 0.553125 0.0296875 0.025
11 0.8828125 0.171875 0.028125 0.05
8 0.403125 0.8234375 0.0296875 0.0515625
7 0.9375 0.1671875 0.0359375 0.053125
11 0.26875 0.728125 0.0265625 0.0484375
7 0.4484375 0.1625 0.034375 0.0484375
11 0.6625 0.440625 0.0265625 0.0484375
5 0.2953125 0.553125 0.03125 0.025
5 0.06875 0.553125 0.034375 0.0265625
11 0.39375 0.1765625 0.028125 0.0484375
8 0.440625 0.8234375 0.0265625 0.0484375
5 0.6875 0.25625 0.0328125 0.025
11 0.090625 0.728125 0.025 0.05
11 0.0640625 0.728125 0.025 0.0515625
12 0.98125 0.446875 0.0265625 0.040625
11 0.825 0.728125 0.0265625 0.0484375
11 0.821875 0.440625 0.0265625 0.05
5 0.521875 0.540625 0.0328125 0.0234375
11 0.715625 0.440625 0.0265625 0.05
11 0.565625 0.165625 0.0265625 0.0515625
11 0.6875 0.440625 0.0234375 0.0484375
11 0.2953125 0.45 0.021875 0.0421875
11 0.190625 0.728125 0.025 0.05
11 0.740625 0.440625 0.028125 0.05
8 0.1171875 0.828125 0.0265625 0.046875
11 0.696875 0.725 0.0265625 0.0515625
11 0.553125 0.4453125 0.0234375 0.05
7 0.225 0.1625 0.03125 0.0484375
8 0.21875 0.828125 0.025 0.046875
11 0.1 0.45 0.025 0.0515625
5 0.43125 0.540625 0.03125 0.025
8 0.115625 0.7328125 0.025 0.05
11 0.296875 0.721875 0.0265625 0.0515625
11 0.165625 0.728125 0.025 0.05
11 0.325 0.45 0.0265625 0.05
5 0.7890625 0.5375 0.0296875 0.0234375
8 0.1671875 0.828125 0.025 0.0484375
8 0.21875 0.7328125 0.025 0.0484375
11 0.11875 0.16875 0.0234375 0.0484375
5 0.6640625 0.5375 0.0296875 0.025
11 0.3375 0.1703125 0.0265625 0.0515625
5 0.5375 0.2609375 0.0296875 0.025
5 0.09375 0.275 0.03125 0.0234375
5 0.44375 0.2625 0.03125 0.025
5 0.7765625 0.25625 0.0328125 0.0234375
11 0.99921875 0.16328125 0.0015625 0.0515625