5 0.915625 0.9765625 0.0328125 0.028125
11 0.59375 0.028125 0.028125 0.05
11 0.465625 0.5796875 0.03125 0.0515625
7 0.3625 0.5859375 0.034375 0.0515625
5 0.053125 0.128125 0.03125 0.021875
11 0.7140625 0.5875 0.0265625 0.05
11 0.325 0.028125 0.025 0.05
11 0.559375 0.025 0.0265625 0.0484375
3 0.596875 0.865625 0.0296875 0.05
5 0.028125 0.409375 0.0328125 0.0265625
11 0.840625 0.028125 0.028125 0.05
11 0.509375 0.5796875 0.03125 0.0515625
11 0.6828125 0.5875 0.0234375 0.05
7 0.65 0.034375 0.034375 0.05
8 0.7859375 0.6890625 0.028125 0.05
8 0.659375 0.6828125 0.0265625 0.046875
11 0.740625 0.5875 0.0265625 0.0484375
8 0.54453125 0.97421875 0.0296875 0.0515625
11 0.65625 0.584375 0.028125 0.0515625
11 0.5 0.865625 0.0296875 0.05
11 0.8375 0.590625 0.025 0.05
5 0.89375 0.4078125 0.03125 0.025
11 0.484375 0.296875 0.025 0.0453125
11 0.45625 0.865625 0.0296875 0.0515625
11 0.2578125 0.3046875 0.025 0.0484375
8 0.8375 0.97421875 0.028125 0.0515625
8 0.225 0.965625 0.0265625 0.046875
11 0.734375 0.01875 0.028125 0.0375
10 0.546875 0.865625 0.0359375 0.053125
10 0.55625 0.5828125 0.034375 0.053125
11 0.2703125 0.021875 0.0234375 0.04375
8 0.6484375 0.9640625 0.0265625 0.0484375
8 0.45625 0.975 0.0265625 0.05
11 0.728125 0.8703125 0.028125 0.05
8 0.025 0.9640625 0.025 0.0484375
8 0.8375 0.6890625 0.028125 0.0515625
8 0.2875 0.965625 0.025 0.05
11 0.353125 0.034375 0.0265625 0.046875
7 0.896875 0.025 0.0359375 0.05
8 0.353125 0.965625 0.0234375 0.0484375
11 0.54375 0.3046875 0.028125 0.0515625
8 0.9046875 0.6875 0.025 0.0484375
11 0.340625 0.3140625 0.0265625 0.046875
8 0.465625 0.69375 0.028125 0.0484375
11 0.571875 0.30625 0.028125 0.0484375
11 0.153125 0.5875 0.025 0.05
11 0.69375 0.0234375 0.028125 0.046875
11 0.028125 0.3046875 0.0265625 0.05
11 0.8 0.8578125 0.025 0.05
8 0.55625 0.69375 0.028125 0.05
11 0.1140625 0.315625 0.0265625 0.046875
11 0.2140625 0.3 0.0265625 0.05
7 0.390625 0.3 0.03125 0.0484375
11 0.803125 0.0234375 0.0265625 0.046875
5 0.390625 0.396875 0.03125 0.025
3 0.609375 0.5828125 0.028125 0.0515625
8 0.7171875 0.6828125 0.028125 0.046875
11 0.0234375 0.5875 0.0265625 0.05
5 0.1609375 0.409375 0.0296875 0.025
11 0.8125 0.590625 0.025 0.05
8 0.7734375 0.971875 0.028125 0.0515625
8 0.7046875 0.9640625 0.025 0.046875
12 0.421875 0.584375 0.0265625 0.0390625
12 0.4125 0.8625 0.025 0.0421875
11 0.703125 0.8703125 0.025 0.0484375
11 0.309375 0.3078125 0.025 0.0484375
11 0.2265625 0.5859375 0.028125 0.05
11 0.490625 0.021875 0.025 0.040625
8 0.390625 0.965625 0.025 0.0484375
11 0.76953125 0.01875 0.0265625 0.0375
8 0.23125 0.684375 0.0265625 0.046875
11 0.8625 0.875 0.028125 0.05
11 0.7796875 0.3 0.025 0.05
11 0.784375 0.5875 0.025 0.05
5 0.91875 0.8625 0.03125 0.025
11 0.0234375 0.86875 0.025 0.0515625
8 0.290625 0.6828125 0.028125 0.046875
7 0.35625 0.86875 0.03125 0.05
11 0.1375 0.034375 0.0265625 0.046875
8 0.4 0.68125 0.028125 0.0484375
8 0.075 0.9640625 0.0265625 0.0484375
8 0.9046875 0.5875 0.0265625 0.046875
7 0.1875 0.021875 0.0296875 0.04375
11 0.259375 0.575 0.0265625 0.0515625
7 0.8984375 0.3125 0.0359375 0.046875
11 0.0765625 0.025 0.0234375 0.0484375
11 0.0515625 0.021875 0.025 0.04375
8 0.9375 0.6875 0.0265625 0.0515625
11 0.228125 0.021875 0.0265625 0.04375
11 0.2234375 0.86875 0.0265625 0.0515625
11 0.084375 0.309375 0.0265625 0.0484375
5 0.2703125 0.128125 0.0296875 0.0234375
5 0.621875 0.390625 0.03125 0.0234375
11 0.671875 0.86875 0.0265625 0.0484375
10 0.290625 0.59375 0.03125 0.046875
11 0.52734375 0.021875 0.0234375 0.04375
11 0.85 0.3109375 0.0296875 0.0484375
11 0.10625 0.028125 0.025 0.05
11 0.25 0.8609375 0.0265625 0.0515625
8 0.9375 0.578125 0.03125 0.0515625
11 0.8671875 0.5875 0.0265625 0.0484375
11 0.8328125 0.865625 0.025 0.05
11 0.2953125 0.025 0.0234375 0.0484375
8 0.171875 0.9625 0.0265625 0.046875
8 0.075 0.68125 0.028125 0.0484375
11 0.05 0.5875 0.0265625 0.05
11 0.746875 0.2921875 0.028125 0.05
11 0.65 0.296875 0.025 0.05
5 0.2546875 0.409375 0.0328125 0.0265625
8 0.025 0.6796875 0.028125 0.05
8 0.1265625 0.965625 0.025 0.0484375
11 0.6453125 0.865625 0.0265625 0.05
11 0.15 0.86875 0.0265625 0.0515625
7 0.1640625 0.3 0.0328125 0.046875
5 0.89375 0.128125 0.03125 0.025
5 0.75 0.390625 0.03125 0.0234375
8 0.3625 0.68125 0.0265625 0.046875
11 0.440625 0.296875 0.025 0.046875
8 0.128125 0.6828125 0.025 0.046875
11 0.675 0.2953125 0.0234375 0.0484375
11 0.8140625 0.3 0.028125 0.0515625
3 0.3203125 0.8734375 0.0265625 0.0484375
5 0.49375 0.115625 0.0328125 0.0234375
11 0.5109375 0.3 0.025 0.05
11 0.2875 0.3078125 0.0234375 0.0515625
5 0.4 0.115625 0.0296875 0.0234375
11 0.05 0.8703125 0.025 0.0515625
3 0.325 0.590625 0.025 0.0484375
11 0.94375 0.021875 0.028125 0.04375
5 0.1796875 0.128125 0.0296875 0.0234375
10 0.284375 0.875 0.03125 0.05
11 0.771875 0.859375 0.025 0.0484375
11 0.053125 0.3078125 0.025 0.05
8 0.1765625 0.6828125 0.0265625 0.046875
8 0.075 0.5875 0.0296875 0.05
11 0.703125 0.296875 0.025 0.05
7 0.40625 0.0203125 0.0328125 0.040625
12 0.940625 0.30625 0.0265625 0.0375
11 0.45 0.0203125 0.0265625 0.040625
5 0.646875 0.1125 0.03125 0.025
8 0.178125 0.584375 0.028125 0.0515625
5 0.484375 0.396875 0.03125 0.025
8 0.071875 0.86875 0.028125 0.05
11 0.125 0.584375 0.025 0.05
8 0.171875 0.86875 0.028125 0.0515625
11 0.621875 0.2953125 0.025 0.0515625
11 0.121875 0.8671875 0.0265625 0.0515625
5 0.7359375 0.1109375 0.028125 0.025