5 0.175 0.4 0.0296875 0.0234375
10 0.5609375 0.85 0.0359375 0.0546875
11 0.5125 0.8515625 0.0296875 0.0515625
11 0.7625 0.28125 0.028125 0.0515625
3 0.6109375 0.8546875 0.028125 0.0515625
11 0.46875 0.8515625 0.028125 0.0515625
11 0.2359375 0.859375 0.0265625 0.0515625
11 0.353125 0.3 0.025 0.0484375
8 0.478125 0.68125 0.028125 0.046875
11 0.128125 0.3 0.025 0.046875
11 0.328125 0.296875 0.0265625 0.0484375
8 0.7875 0.9609375 0.028125 0.0484375
11 0.634375 0.284375 0.0265625 0.05
3 0.33125 0.8625 0.0265625 0.0515625
8 0.671875 0.66875 0.0265625 0.046875
5 0.9328125 0.965625 0.0328125 0.0265625
7 0.378125 0.575 0.034375 0.0546875
5 0.909375 0.396875 0.0328125 0.0265625
11 0.271875 0.290625 0.0234375 0.046875
7 0.1765625 0.2890625 0.0328125 0.05
11 0.496875 0.2875 0.025 0.0453125
11 0.5875 0.296875 0.028125 0.0484375
11 0.4765625 0.571875 0.028125 0.05
11 0.88125 0.5765625 0.025 0.0515625
8 0.559375 0.965625 0.028125 0.05
8 0.7984375 0.678125 0.028125 0.0515625
11 0.6578125 0.8515625 0.0265625 0.05
8 0.04375 0.9546875 0.025 0.046875
8 0.56875 0.68125 0.028125 0.05
8 0.040625 0.66875 0.0265625 0.046875
11 0.7421875 0.859375 0.0265625 0.0484375
8 0.30625 0.66875 0.028125 0.046875
11 0.1015625 0.296875 0.0265625 0.046875
8 0.846875 0.959375 0.0296875 0.0484375
8 0.728125 0.66875 0.0265625 0.046875
11 0.453125 0.2859375 0.025 0.0453125
12 0.4359375 0.571875 0.025 0.0375
8 0.4703125 0.9625 0.0296875 0.0484375
8 0.953125 0.678125 0.028125 0.0515625
3 0.621875 0.56875 0.028125 0.053125
8 0.6625 0.953125 0.0265625 0.046875
5 0.496875 0.384375 0.03125 0.0234375
5 0.04375 0.396875 0.034375 0.025
8 0.296875 0.9546875 0.028125 0.0484375
8 0.715625 0.95 0.0234375 0.046875
11 0.715625 0.85625 0.0265625 0.05
11 0.684375 0.85625 0.0265625 0.05
8 0.0875 0.66875 0.0265625 0.046875
11 0.878125 0.8625 0.028125 0.05
11 0.5234375 0.5703125 0.0296875 0.0515625
8 0.24375 0.66875 0.025 0.046875
11 0.8453125 0.8515625 0.0265625 0.0484375
10 0.571875 0.571875 0.034375 0.053125
11 0.55625 0.3 0.0234375 0.046875
8 0.1875 0.9546875 0.025 0.0484375
11 0.825 0.58125 0.025 0.0484375
11 0.1625 0.859375 0.025 0.0515625
8 0.40625 0.953125 0.025 0.0484375
11 0.228125 0.290625 0.0265625 0.05
5 0.271875 0.3984375 0.0296875 0.025
5 0.4171875 0.10625 0.03125 0.021875
11 0.26875 0.846875 0.028125 0.05
11 0.759375 0.5734375 0.0265625 0.046875
11 0.04375 0.290625 0.025 0.0484375
12 0.953125 0.290625 0.025 0.040625
7 0.909375 0.303125 0.0328125 0.0484375
8 0.8515625 0.678125 0.0296875 0.0515625
3 0.340625 0.578125 0.0265625 0.046875
11 0.85 0.578125 0.025 0.05
8 0.084375 0.859375 0.028125 0.05
5 0.909375 0.11875 0.03125 0.0234375
11 0.8265625 0.290625 0.028125 0.053125
8 0.36875 0.95625 0.0234375 0.0484375
8 0.921875 0.675 0.0265625 0.0484375
11 0.79375 0.284375 0.0265625 0.05
5 0.93125 0.8515625 0.03125 0.0234375
8 0.240625 0.95625 0.025 0.05
7 0.36875 0.859375 0.03125 0.0546875
8 0.3734375 0.6703125 0.025 0.046875
11 0.0625 0.859375 0.0234375 0.05
8 0.1453125 0.66875 0.025 0.0453125
7 0.40625 0.2859375 0.03125 0.046875
11 0.525 0.290625 0.0234375 0.0515625
8 0.953125 0.5640625 0.0296875 0.0515625
12 0.428125 0.85625 0.0265625 0.0390625
11 0.6640625 0.2859375 0.025 0.0515625
8 0.0875 0.953125 0.025 0.0484375
10 0.296875 0.8671875 0.0359375 0.053125
5 0.19375 0.11875 0.0296875 0.0234375
11 0.8171875 0.846875 0.025 0.05
11 0.240625 0.571875 0.0265625 0.046875
11 0.7859375 0.85 0.028125 0.0515625
5 0.50625 0.1046875 0.0328125 0.0234375
11 0.7 0.575 0.0265625 0.0484375
11 0.7265625 0.5734375 0.025 0.0484375
8 0.921875 0.578125 0.0265625 0.05
8 0.41875 0.66875 0.025 0.046875
8 0.190625 0.66875 0.025 0.046875
5 0.0640625 0.11875 0.0328125 0.0234375
11 0.0640625 0.571875 0.025 0.0515625
8 0.140625 0.95625 0.0234375 0.0484375
5 0.659375 0.1 0.03125 0.021875
5 0.284375 0.11875 0.0296875 0.0234375
11 0.715625 0.2859375 0.0265625 0.0484375
5 0.403125 0.384375 0.03125 0.0234375
11 0.1359375 0.85625 0.025 0.0515625
11 0.040625 0.575 0.025 0.0515625
11 0.6875 0.2859375 0.0234375 0.05
11 0.66875 0.56875 0.025 0.0515625
5 0.6390625 0.38125 0.03125 0.025
10 0.3046875 0.58125 0.0359375 0.0515625
5 0.7640625 0.38125 0.0328125 0.0234375
11 0.0390625 0.85625 0.0234375 0.0515625
11 0.165625 0.5734375 0.0234375 0.0484375
11 0.296875 0.29375 0.0234375 0.05
8 0.0921875 0.5734375 0.025 0.05
8 0.184375 0.859375 0.028125 0.05
11 0.271875 0.565625 0.025 0.05
11 0.140625 0.575 0.025 0.046875
11 0.85625 0.296875 0.028125 0.0484375
8 0.19375 0.575 0.025 0.05
5 0.7515625 0.1 0.0296875 0.021875
11 0.796875 0.5734375 0.0265625 0.046875
11 0.071875 0.29375 0.021875 0.0515625