0 0.028125 0.2 0.0375 0.04375
0 0.028125 0.765625 0.0390625 0.0484375
5 0.9625 0.771875 0.0328125 0.025
0 0.028125 0.484375 0.040625 0.046875
8 0.703125 0.478125 0.0265625 0.046875
11 0.615625 0.10625 0.028125 0.0484375
3 0.653125 0.378125 0.028125 0.05
11 0.7 0.3796875 0.028125 0.05
11 0.509375 0.378125 0.0296875 0.0515625
5 0.959375 0.6609375 0.03125 0.0265625
7 0.4 0.6640625 0.034375 0.053125
8 0.6 0.4875 0.0296875 0.0515625
11 0.553125 0.3796875 0.028125 0.05
7 0.940625 0.109375 0.0375 0.046875
11 0.54375 0.6609375 0.0296875 0.0515625
14 0.0265625 0.103125 0.0359375 0.078125
8 0.509375 0.4875 0.0296875 0.05
8 0.275 0.478125 0.0265625 0.046875
8 0.8296875 0.484375 0.0265625 0.05
11 0.26875 0.665625 0.028125 0.0515625
10 0.590625 0.659375 0.034375 0.0546875
8 0.5015625 0.7703125 0.0296875 0.05
8 0.7609375 0.478125 0.028125 0.0484375
8 0.409375 0.475 0.025 0.0484375
10 0.603125 0.378125 0.034375 0.0515625
3 0.640625 0.6609375 0.0296875 0.0515625
8 0.590625 0.76875 0.0296875 0.0515625
8 0.8171875 0.7671875 0.028125 0.05
11 0.5828125 0.103125 0.0265625 0.05
8 0.8828125 0.4828125 0.028125 0.05
11 0.525 0.096875 0.025 0.0453125
11 0.88125 0.3875 0.025 0.046875
8 0.984375 0.484375 0.0265625 0.05
8 0.878125 0.76875 0.0265625 0.05
11 0.759375 0.3828125 0.025 0.0484375
11 0.728125 0.384375 0.0265625 0.05
11 0.5 0.659375 0.03125 0.0515625
8 0.26875 0.7625 0.025 0.0484375
11 0.6859375 0.6609375 0.0265625 0.05
7 0.4375 0.096875 0.03125 0.0453125
8 0.690625 0.759375 0.028125 0.0484375
5 0.434375 0.190625 0.0328125 0.021875
8 0.071875 0.759375 0.028125 0.0484375
11 0.7171875 0.665625 0.0265625 0.0484375
11 0.784375 0.3828125 0.028125 0.05
8 0.071875 0.478125 0.0265625 0.0484375
11 0.259375 0.1015625 0.025 0.0453125
8 0.95 0.484375 0.025 0.0484375
5 0.9375 0.2078125 0.03125 0.025
5 0.525 0.190625 0.03125 0.0234375
12 0.4546875 0.6640625 0.0265625 0.0421875
7 0.40625 0.3828125 0.03125 0.05
11 0.06875 0.3828125 0.0265625 0.05
11 0.8890625 0.10625 0.0265625 0.0484375
14 0.0265625 0.665625 0.0359375 0.078125
11 0.19375 0.384375 0.025 0.046875
5 0.3 0.2078125 0.0296875 0.025
8 0.4375 0.7609375 0.028125 0.046875
11 0.55625 0.1 0.0234375 0.05
11 0.8765625 0.659375 0.028125 0.0515625
3 0.359375 0.66875 0.028125 0.046875
8 0.334375 0.475 0.0265625 0.05
10 0.334375 0.390625 0.03125 0.0484375
8 0.44375 0.478125 0.0265625 0.05
5 0.071875 0.2078125 0.0328125 0.0234375
14 0.025 0.38125 0.0359375 0.078125
7 0.2078125 0.0984375 0.0328125 0.05
11 0.128125 0.1078125 0.0265625 0.05
11 0.815625 0.65625 0.025 0.046875
10 0.328125 0.671875 0.0328125 0.046875
11 0.384375 0.1109375 0.0265625 0.0453125
11 0.665625 0.0921875 0.0265625 0.0484375
8 0.984375 0.371875 0.0296875 0.053125
11 0.353125 0.109375 0.0265625 0.0484375
11 0.3 0.375 0.0265625 0.05
11 0.4828125 0.096875 0.0234375 0.0453125
11 0.071875 0.1 0.0265625 0.05
11 0.190625 0.665625 0.0234375 0.0515625
11 0.859375 0.1015625 0.0265625 0.05
11 0.159375 0.1109375 0.0265625 0.0453125
12 0.4625 0.38125 0.025 0.040625
8 0.95 0.384375 0.0265625 0.0484375
11 0.825 0.096875 0.0265625 0.05
8 0.75 0.7609375 0.028125 0.0484375
5 0.203125 0.2078125 0.03125 0.0234375
11 0.06875 0.665625 0.025 0.05
11 0.1015625 0.103125 0.025 0.05
11 0.09375 0.665625 0.021875 0.0515625
11 0.16875 0.665625 0.0265625 0.0515625
11 0.6921875 0.096875 0.0234375 0.0453125
8 0.328125 0.7625 0.028125 0.0515625
11 0.90625 0.6703125 0.0265625 0.05
11 0.3 0.1 0.0234375 0.0453125
11 0.328125 0.10625 0.025 0.0484375
11 0.790625 0.090625 0.028125 0.05
11 0.84375 0.65625 0.025 0.0484375
11 0.096875 0.3828125 0.025 0.05
11 0.853125 0.3875 0.025 0.046875
8 0.11875 0.478125 0.0265625 0.046875
11 0.828125 0.3828125 0.025 0.0484375
12 0.9859375 0.103125 0.0265625 0.0390625
11 0.775 0.665625 0.028125 0.05
8 0.171875 0.478125 0.025 0.046875
5 0.790625 0.1875 0.0296875 0.021875
5 0.665625 0.1859375 0.0296875 0.021875
11 0.74375 0.665625 0.025 0.0484375
3 0.36875 0.3875 0.025 0.046875
11 0.2953125 0.65625 0.025 0.0515625
8 0.4 0.759375 0.0265625 0.0484375
8 0.21875 0.7609375 0.025 0.046875
11 0.9078125 0.3828125 0.0265625 0.05
8 0.221875 0.475 0.025 0.046875
8 0.21875 0.665625 0.0265625 0.0515625
8 0.11875 0.665625 0.028125 0.0515625
11 0.271875 0.3828125 0.025 0.046875
8 0.16875 0.7625 0.025 0.0484375
8 0.21875 0.384375 0.025 0.0453125
8 0.1203125 0.7609375 0.0265625 0.0484375
11 0.1703125 0.384375 0.025 0.0484375
11 0.71875 0.0953125 0.0234375 0.046875
11 0.74375 0.096875 0.025 0.046875
8 0.11875 0.3828125 0.0265625 0.0484375