11 0.1734375 0.153125 0.059375 0.075
11 0.275 0.15 0.0390625 0.0703125
11 0.384375 0.140625 0.0453125 0.06875
11 0.4953125 0.140625 0.05625 0.0609375
11 0.61875 0.14375 0.0515625 0.0671875
11 0.746875 0.1515625 0.0546875 0.071875
8 0.859375 0.153125 0.0546875 0.0609375
8 0.85625 0.565625 0.0515625 0.0609375
12 0.01875 0.5453125 0.0359375 0.0625
3 0.55 0.546875 0.0390625 0.065625
11 0.6375 0.5546875 0.0453125 0.078125
11 0.75 0.5640625 0.0453125 0.065625
12 0.01875 0.725 0.0375 0.078125
3 0.15 0.571875 0.05625 0.0765625
3 0.2125 0.5625 0.0453125 0.075
3 0.265625 0.565625 0.04375 0.05625
3 0.321875 0.5625 0.0453125 0.0578125
3 0.38125 0.5546875 0.0421875 0.065625
3 0.4375 0.55625 0.0421875 0.0796875
3 0.49375 0.55 0.0390625 0.0734375