11 0.05625 0.315625 0.05625 0.059375
11 0.265625 0.315625 0.0546875 0.06875
12 0.15 0.296875 0.04375 0.0546875
12 0.3640625 0.2953125 0.0421875 0.04375
12 0.153125 0.4703125 0.034375 0.0484375
12 0.3625 0.471875 0.0390625 0.046875
3 0.8921875 0.3 0.046875 0.0703125
11 0.98046875 0.303125 0.0390625 0.059375
3 0.496875 0.315625 0.05625 0.0765625
3 0.55625 0.3140625 0.04375 0.075
3 0.6140625 0.3125 0.0375 0.0671875
3 0.66875 0.3140625 0.0375 0.075
3 0.728125 0.3046875 0.0421875 0.078125
3 0.784375 0.30625 0.0421875 0.075
3 0.8375 0.2953125 0.0390625 0.0875
11 0.99921875 0.303125 0.0015625 0.059375