11 0.1 0.2375 0.0484375 0.05625
11 0.175 0.2296875 0.040625 0.0609375
11 0.253125 0.225 0.0390625 0.059375
11 0.334375 0.215625 0.040625 0.0671875
11 0.440625 0.21875 0.04375 0.065625
11 0.55625 0.23125 0.04375 0.0671875
11 0.8875 0.228125 0.05 0.06875
11 0.0609375 0.6375 0.0515625 0.0625
11 0.228125 0.6359375 0.0484375 0.0703125
11 0.421875 0.640625 0.059375 0.0609375
11 0.628125 0.6375 0.0453125 0.0703125
12 0.1390625 0.61875 0.03125 0.0515625
12 0.30625 0.615625 0.0390625 0.04375
12 0.521875 0.61875 0.028125 0.040625
12 0.73125 0.6140625 0.0328125 0.0515625
12 0.140625 0.790625 0.0359375 0.05
12 0.3078125 0.79375 0.0296875 0.0453125
12 0.51875 0.79375 0.0375 0.0546875
12 0.73125 0.796875 0.0390625 0.05
8 0.671875 0.2375 0.0546875 0.065625
3 0.8703125 0.6375 0.05625 0.075
3 0.928125 0.6359375 0.05625 0.08125
3 0.98359375 0.63359375 0.0328125 0.0671875
3 0.99921875 0.63359375 0.0015625 0.0671875