11 0.025 0.190625 0.05 0.0609375
11 0.2125 0.190625 0.05625 0.065625
11 0.428125 0.1875 0.05625 0.0609375
12 0.0984375 0.171875 0.0296875 0.0484375
12 0.315625 0.1671875 0.0359375 0.053125
12 0.521875 0.1671875 0.0359375 0.046875
12 0.1 0.340625 0.0375 0.046875
12 0.315625 0.340625 0.0328125 0.0484375
12 0.521875 0.340625 0.0390625 0.04375
3 0.6609375 0.18125 0.053125 0.0859375
3 0.71875 0.19375 0.040625 0.0859375
3 0.771875 0.18125 0.0453125 0.0828125
3 0.8328125 0.1796875 0.04375 0.06875
3 0.890625 0.16875 0.040625 0.0921875
3 0.94375 0.175 0.0421875 0.0921875