11 0.1390625 0.184375 0.0515625 0.0703125
11 0.2203125 0.171875 0.0453125 0.059375
11 0.296875 0.1671875 0.04375 0.0609375
11 0.371875 0.159375 0.04375 0.06875
11 0.48125 0.16875 0.0421875 0.059375
11 0.596875 0.175 0.0453125 0.0640625
11 0.928125 0.1671875 0.0453125 0.0609375
11 0.1 0.58125 0.053125 0.0765625
11 0.2703125 0.58125 0.046875 0.0609375
11 0.4625 0.578125 0.0625 0.0671875
11 0.678125 0.58125 0.0578125 0.0671875
14 0.025 0.1609375 0.05 0.109375
14 0.0234375 0.56875 0.046875 0.1109375
0 0.025 0.33515625 0.05 0.0734375
0 0.0265625 0.740625 0.053125 0.0671875
12 0.178125 0.559375 0.04375 0.04375
12 0.353125 0.5640625 0.04375 0.0453125
12 0.565625 0.5609375 0.034375 0.0546875
12 0.7765625 0.5625 0.0328125 0.046875
12 0.18125 0.734375 0.0421875 0.04375
12 0.35 0.7375 0.034375 0.053125
12 0.565625 0.734375 0.04375 0.0515625
12 0.775 0.73125 0.04375 0.0515625
8 0.7109375 0.1796875 0.059375 0.0671875
3 0.9125 0.5796875 0.0546875 0.078125
3 0.96875 0.571875 0.0453125 0.0921875