8 0.51875 0.290625 0.0484375 0.0703125
11 0.034375 0.284375 0.04375 0.0703125
11 0.10625 0.278125 0.034375 0.06875
11 0.1875 0.2734375 0.0421875 0.0640625
11 0.29375 0.278125 0.034375 0.06875
11 0.409375 0.2875 0.034375 0.065625
11 0.7375 0.278125 0.05 0.0796875
11 0.84375 0.271875 0.040625 0.0640625
11 0.953125 0.2625 0.0515625 0.075
11 0.0875 0.6984375 0.05625 0.0703125
11 0.275 0.690625 0.059375 0.0609375
11 0.48125 0.69375 0.05625 0.0609375
12 0.1625 0.671875 0.0453125 0.0546875
12 0.3734375 0.671875 0.04375 0.0484375
12 0.5875 0.665625 0.04375 0.0546875
12 0.159375 0.8453125 0.03125 0.0484375
12 0.3734375 0.846875 0.0484375 0.059375
12 0.5875 0.846875 0.0359375 0.05625
3 0.725 0.690625 0.0484375 0.0703125
3 0.78125 0.690625 0.0484375 0.0796875
3 0.840625 0.6875 0.040625 0.0671875
3 0.896875 0.6875 0.0390625 0.0734375
3 0.95 0.68125 0.040625 0.075