12 0.271875 0.30625 0.0453125 0.0484375
12 0.059375 0.30625 0.0453125 0.0546875
12 0.0640625 0.48125 0.03125 0.0484375
12 0.271875 0.475 0.0359375 0.0578125
11 0.175 0.321875 0.05625 0.06875
3 0.80625 0.30625 0.0390625 0.065625
11 0.896875 0.309375 0.0453125 0.0765625
3 0.4109375 0.321875 0.059375 0.0828125
3 0.4671875 0.321875 0.046875 0.0734375
3 0.528125 0.315625 0.0390625 0.08125
3 0.58125 0.3125 0.034375 0.084375
3 0.640625 0.3078125 0.0421875 0.078125
3 0.6921875 0.3125 0.040625 0.0890625
3 0.746875 0.309375 0.046875 0.0703125