14 0.065625 0.140625 0.0609375 0.1
14 0.0625 0.54375 0.053125 0.1046875
0 0.0625 0.3109375 0.059375 0.0484375
0 0.065625 0.709375 0.0609375 0.0515625
11 0.1859375 0.159375 0.0546875 0.0640625
11 0.2578125 0.15 0.053125 0.06875
11 0.340625 0.15 0.0421875 0.0609375
11 0.4140625 0.1390625 0.0421875 0.0625
11 0.5265625 0.14375 0.0421875 0.0671875
11 0.640625 0.153125 0.04375 0.0578125
8 0.75625 0.159375 0.0515625 0.075
8 0.96875 0.146875 0.0421875 0.0625
11 0.146875 0.559375 0.046875 0.059375
11 0.315625 0.5625 0.0578125 0.0671875
11 0.50625 0.5609375 0.05 0.0625
11 0.7125 0.5625 0.059375 0.0703125
12 0.2234375 0.54375 0.0421875 0.0546875
12 0.39375 0.540625 0.0375 0.0578125
12 0.6046875 0.5390625 0.0421875 0.053125
12 0.8140625 0.540625 0.028125 0.0484375
12 0.8140625 0.71875 0.034375 0.0453125
12 0.603125 0.715625 0.0390625 0.0453125
12 0.3890625 0.7140625 0.0375 0.046875
12 0.2234375 0.715625 0.0359375 0.04375
3 0.953125 0.565625 0.0546875 0.075