8 0.2 0.29375 0.0578125 0.0703125
11 0.0828125 0.284375 0.0390625 0.0609375
11 0.415625 0.278125 0.05 0.06875
11 0.5171875 0.275 0.040625 0.0609375
11 0.628125 0.26875 0.0515625 0.065625
11 0.728125 0.2625 0.0515625 0.065625
11 0.8671875 0.2671875 0.053125 0.06875
11 0.98125 0.275 0.0375 0.0625
11 0.15625 0.690625 0.05625 0.0703125
12 0.0484375 0.671875 0.03125 0.046875
12 0.2609375 0.671875 0.04375 0.0515625
12 0.05 0.85 0.04375 0.040625
12 0.25625 0.8484375 0.046875 0.05
3 0.7921875 0.675 0.046875 0.0671875
11 0.88125 0.684375 0.04375 0.0609375
11 0.984375 0.6875 0.0296875 0.0625
3 0.396875 0.696875 0.0484375 0.06875
3 0.45625 0.6921875 0.0546875 0.08125
3 0.5125 0.6890625 0.040625 0.078125
3 0.56875 0.6875 0.0421875 0.0671875
3 0.6234375 0.684375 0.0375 0.0703125
3 0.68125 0.684375 0.04375 0.0703125
3 0.7359375 0.678125 0.040625 0.0609375