3 0.140625 0.0296875 0.03125 0.05625
3 0.140625 0.46875 0.0328125 0.05625
3 0.36875 0.6875 0.034375 0.0546875
3 0.0296875 0.4671875 0.034375 0.0578125
3 0.153125 0.25 0.03125 0.053125
3 0.425 0.690625 0.0359375 0.053125
3 0.64375 0.45 0.028125 0.046875
3 0.65 0.2453125 0.0359375 0.0515625
3 0.5875 0.2421875 0.03125 0.0515625
3 0.796875 0.6875 0.0328125 0.0578125
3 0.30625 0.4515625 0.034375 0.053125
3 0.478125 0.028125 0.0375 0.053125
3 0.7546875 0.2515625 0.0390625 0.05625
3 0.5203125 0.896875 0.03125 0.0515625
3 0.0296875 0.028125 0.0375 0.0546875
3 0.028125 0.690625 0.03125 0.0515625
3 0.8609375 0.90625 0.034375 0.053125
3 0.859375 0.69375 0.0359375 0.0515625
3 0.209375 0.24375 0.040625 0.065625
3 0.15 0.6828125 0.03125 0.05
3 0.8625 0.45 0.0296875 0.046875
3 0.2 0.4765625 0.0359375 0.0515625
3 0.0875 0.684375 0.0296875 0.0515625
3 0.64375 0.896875 0.0328125 0.053125
3 0.8125 0.459375 0.0328125 0.0546875
3 0.090625 0.25 0.0328125 0.059375
3 0.2078125 0.6765625 0.0359375 0.0546875
11 0.38125 0.45625 0.03125 0.046875
3 0.028125 0.25625 0.0328125 0.0609375
11 0.503125 0.66875 0.0296875 0.046875
3 0.803125 0.903125 0.03125 0.05625
13 0.0984375 0.4703125 0.0390625 0.059375
3 0.58125 0.896875 0.0296875 0.0484375
11 0.0265625 0.9046875 0.028125 0.04375
13 0.715625 0.246875 0.0328125 0.059375
3 0.196875 0.03125 0.0375 0.0578125
8 0.5015625 0.75 0.0296875 0.05
3 0.740625 0.453125 0.034375 0.0546875
13 0.0984375 0.0296875 0.0390625 0.059375
11 0.8375 0.228125 0.03125 0.0453125
13 0.7046875 0.4484375 0.0296875 0.0484375
11 0.70625 0.890625 0.028125 0.05
3 0.478125 0.46875 0.0359375 0.053125
13 0.54375 0.240625 0.0359375 0.0515625
3 0.471875 0.2359375 0.0359375 0.0546875
11 0.140625 0.8875 0.0328125 0.046875
3 0.2453125 0.890625 0.03125 0.0484375
8 0.028125 0.971875 0.0296875 0.05
3 0.584375 0.446875 0.03125 0.0484375
11 0.2703125 0.675 0.03125 0.05
3 0.4625 0.8984375 0.0296875 0.0484375
8 0.7 0.7484375 0.0296875 0.05
13 0.54375 0.471875 0.0375 0.0546875
11 0.3375 0.240625 0.0375 0.05
8 0.2453125 0.971875 0.028125 0.0484375
13 0.54375 0.03125 0.0390625 0.05625
8 0.709375 0.965625 0.028125 0.0453125
13 0.26875 0.446875 0.0328125 0.0484375
8 0.465625 0.9640625 0.0296875 0.0453125
4 0.2703125 0.2375 0.028125 0.0328125
8 0.6 0.675 0.028125 0.05
10 0.315625 0.89375 0.0390625 0.05
5 0.028125 0.75 0.0265625 0.0234375
5 0.028125 0.0828125 0.028125 0.021875
5 0.028125 0.5265625 0.028125 0.0203125
5 0.4703125 0.303125 0.028125 0.0203125
5 0.028125 0.31875 0.0296875 0.025