3 0.2671875 0.396875 0.0328125 0.059375
3 0.8796875 0.175 0.0359375 0.05625
3 0.771875 0.16875 0.0359375 0.0515625
3 0.275 0.175 0.03125 0.0546875
3 0.3234375 0.403125 0.0375 0.0546875
3 0.490625 0.6125 0.0328125 0.05625
3 0.2125 0.175 0.0328125 0.0625
3 0.765625 0.8234375 0.0359375 0.0515625
3 0.43125 0.3796875 0.034375 0.0515625
3 0.646875 0.825 0.03125 0.053125
3 0.7671875 0.378125 0.028125 0.046875
3 0.9234375 0.6125 0.0359375 0.05625
3 0.546875 0.615625 0.0359375 0.0515625
0 0.1109375 0.678125 0.0359375 0.046875
13 0.8375 0.1734375 0.0328125 0.0578125
3 0.271875 0.609375 0.03125 0.0515625
11 0.153125 0.828125 0.025 0.04375
3 0.1546875 0.615625 0.028125 0.0515625
3 0.2140625 0.6125 0.0296875 0.0546875
0 0.109375 0.246875 0.0375 0.046875
3 0.7078125 0.825 0.03125 0.05
3 0.6046875 0.396875 0.0359375 0.053125
0 0.109375 0.89375 0.0375 0.04375
3 0.9875 0.375 0.025 0.0515625
3 0.9828125 0.83125 0.034375 0.0546875
11 0.2625 0.815625 0.0328125 0.0484375
3 0.7125 0.16875 0.03125 0.05
3 0.33125 0.16875 0.040625 0.0640625
11 0.503125 0.3859375 0.03125 0.046875
11 0.6265625 0.59375 0.028125 0.0453125
11 0.828125 0.81875 0.0296875 0.0484375
13 0.828125 0.3765625 0.03125 0.05
3 0.596875 0.165625 0.034375 0.0515625
14 0.1125 0.825 0.0375 0.0765625
3 0.9265625 0.828125 0.0328125 0.05625
8 0.5875 0.8875 0.028125 0.0421875
3 0.153125 0.396875 0.0359375 0.059375
14 0.1125 0.6015625 0.040625 0.0796875
14 0.1125 0.3859375 0.0390625 0.075
3 0.98125 0.6234375 0.0375 0.0546875
3 0.15 0.178125 0.028125 0.0609375
13 0.221875 0.396875 0.0390625 0.059375
14 0.1125 0.1625 0.0390625 0.078125
3 0.371875 0.81875 0.03125 0.0484375
3 0.33125 0.603125 0.0328125 0.053125
11 0.9625 0.15625 0.0296875 0.0453125
13 0.6671875 0.1640625 0.0359375 0.0515625
8 0.8234375 0.675 0.0296875 0.05
3 0.7109375 0.375 0.03125 0.0515625
13 0.6671875 0.396875 0.0375 0.053125
3 0.934375 0.3875 0.034375 0.05625
8 0.83125 0.8890625 0.028125 0.04375
8 0.625 0.6765625 0.028125 0.05
0 0.1109375 0.4625 0.0359375 0.0453125
11 0.390625 0.6 0.03125 0.05
8 0.153125 0.896875 0.025 0.0484375
8 0.36875 0.896875 0.028125 0.0484375
0 0.10859375 0.021875 0.0390625 0.04375
13 0.390625 0.375 0.03125 0.05
10 0.459375 0.165625 0.0375 0.05
8 0.721875 0.603125 0.0296875 0.0484375
4 0.39375 0.159375 0.0296875 0.03125
3 0.5875 0.825 0.028125 0.046875
3 0.8625 0.38125 0.0359375 0.0546875
10 0.440625 0.821875 0.0375 0.0484375
5 0.6 0.4546875 0.0265625 0.021875
5 0.6 0.0125 0.028125 0.0234375
5 0.5953125 0.23125 0.0265625 0.021875
5 0.153125 0.0109375 0.028125 0.021875
5 0.153125 0.675 0.0265625 0.0234375
5 0.153125 0.24375 0.028125 0.025
5 0.153125 0.45 0.0265625 0.0203125