13 0.709375 0.0375 0.0328125 0.0546875
3 0.646875 0.4796875 0.0296875 0.0484375
3 0.6484375 0.0390625 0.0296875 0.046875
3 0.1484375 0.4984375 0.03125 0.0578125
3 0.1546875 0.7109375 0.0296875 0.0515625
3 0.590625 0.2671875 0.0328125 0.053125
3 0.646875 0.925 0.034375 0.053125
3 0.096875 0.275 0.034375 0.0625
3 0.2046875 0.0625 0.0375 0.0515625
3 0.478125 0.265625 0.0359375 0.053125
3 0.428125 0.71875 0.0359375 0.0515625
3 0.0375 0.0546875 0.0375 0.0609375
3 0.80625 0.7140625 0.034375 0.0578125
3 0.815625 0.046875 0.0328125 0.0546875
11 0.03125 0.93125 0.028125 0.04375
3 0.034375 0.496875 0.0390625 0.0578125
3 0.5859375 0.928125 0.0296875 0.0484375
3 0.0953125 0.7125 0.03125 0.053125
3 0.371875 0.7140625 0.0328125 0.05625
3 0.034375 0.715625 0.0296875 0.0484375
13 0.7171875 0.271875 0.03125 0.0578125
3 0.1484375 0.059375 0.0296875 0.0578125
3 0.7625 0.28125 0.0390625 0.0578125
3 0.525 0.925 0.03125 0.0515625
3 0.65625 0.271875 0.0359375 0.0515625
3 0.74375 0.4828125 0.034375 0.0546875
3 0.15625 0.2765625 0.03125 0.053125
3 0.203125 0.503125 0.034375 0.053125
3 0.815625 0.4875 0.0328125 0.0515625
3 0.2125 0.271875 0.0421875 0.0640625
11 0.840625 0.2578125 0.0296875 0.0453125
3 0.03125 0.278125 0.03125 0.05625
3 0.871875 0.0359375 0.0296875 0.0484375
3 0.8625 0.934375 0.0359375 0.0546875
3 0.2125 0.7078125 0.0375 0.0546875
11 0.275 0.70625 0.03125 0.046875
3 0.4859375 0.496875 0.0359375 0.053125
3 0.3125 0.0375 0.0359375 0.0546875
3 0.871875 0.478125 0.0296875 0.05
3 0.5890625 0.0328125 0.0296875 0.0515625
11 0.384375 0.484375 0.03125 0.046875
3 0.803125 0.928125 0.03125 0.05625
13 0.5453125 0.503125 0.0359375 0.05
13 0.703125 0.475 0.0296875 0.0546875
3 0.8625 0.71875 0.0359375 0.053125
3 0.7484375 0.040625 0.0328125 0.0546875
11 0.7109375 0.921875 0.03125 0.05
3 0.3125 0.478125 0.034375 0.0515625
13 0.103125 0.496875 0.0359375 0.0578125
11 0.5078125 0.7 0.0296875 0.046875
11 0.384375 0.04375 0.03125 0.046875
13 0.26875 0.4734375 0.0328125 0.053125
11 0.1453125 0.9140625 0.0328125 0.046875
13 0.546875 0.26875 0.0390625 0.0515625
8 0.7046875 0.778125 0.028125 0.046875
8 0.509375 0.778125 0.0265625 0.05
3 0.25 0.921875 0.03125 0.05
13 0.103125 0.05625 0.0359375 0.0625
3 0.5890625 0.478125 0.0296875 0.0484375
3 0.48125 0.0546875 0.0328125 0.053125
13 0.546875 0.0625 0.0375 0.0515625
3 0.4671875 0.925 0.028125 0.0484375
13 0.26875 0.0328125 0.0359375 0.0546875
11 0.34375 0.26875 0.0390625 0.05
4 0.278125 0.2640625 0.0265625 0.0328125
8 0.6 0.703125 0.028125 0.0484375
5 0.4765625 0.3328125 0.028125 0.021875
10 0.325 0.9203125 0.0375 0.05
5 0.4828125 0.55625 0.0265625 0.021875
5 0.03125 0.7765625 0.028125 0.0203125
5 0.0359375 0.34375 0.0296875 0.0234375
5 0.034375 0.553125 0.025 0.0203125
5 0.4828125 0.115625 0.03125 0.0265625
5 0.034375 0.1125 0.0296875 0.0265625