0 0.1625 0.2453125 0.0359375 0.0453125
14 0.115625 0.596875 0.0390625 0.078125
3 0.7171875 0.171875 0.03125 0.0484375
3 0.7171875 0.603125 0.03125 0.0515625
3 0.884375 0.178125 0.0375 0.0546875
11 0.225 0.16875 0.0265625 0.046875
14 0.115625 0.38125 0.0390625 0.078125
3 0.21875 0.6109375 0.0328125 0.0640625
3 0.159375 0.3890625 0.034375 0.0609375
14 0.1171875 0.8265625 0.0390625 0.078125
3 0.278125 0.6109375 0.03125 0.0515625
3 0.6078125 0.390625 0.0359375 0.053125
3 0.771875 0.8140625 0.0296875 0.046875
3 0.1546875 0.61875 0.0296875 0.059375
3 0.9390625 0.384375 0.03125 0.053125
3 0.328125 0.8359375 0.0375 0.053125
3 0.434375 0.815625 0.0359375 0.053125
3 0.8671875 0.8171875 0.034375 0.05625
3 0.884375 0.6109375 0.0375 0.0546875
3 0.26875 0.3875 0.03125 0.059375
0 0.115625 0.45625 0.0375 0.046875
3 0.771875 0.371875 0.03125 0.05
3 0.865625 0.3765625 0.034375 0.05625
3 0.778125 0.175 0.034375 0.0484375
13 0.8484375 0.60625 0.0296875 0.0546875
11 0.225 0.253125 0.0265625 0.046875
0 0.115625 0.6828125 0.0375 0.046875
3 0.159375 0.8296875 0.034375 0.059375
3 0.26875 0.8375 0.03125 0.0578125
13 0.846875 0.175 0.03125 0.05625
11 0.9640625 0.5921875 0.028125 0.04375
3 0.6015625 0.6 0.0359375 0.053125
3 0.434375 0.3703125 0.0328125 0.0546875
3 0.7765625 0.60625 0.0359375 0.0515625
3 0.328125 0.3953125 0.0375 0.0546875
3 0.715625 0.3703125 0.0296875 0.05
3 0.9390625 0.8234375 0.03125 0.0546875
13 0.83125 0.8125 0.0296875 0.0515625
13 0.6703125 0.8375 0.0359375 0.053125
13 0.834375 0.36875 0.0296875 0.053125
3 0.98984375 0.37109375 0.0203125 0.0484375
3 0.334375 0.60625 0.0421875 0.0671875
13 0.225 0.39375 0.040625 0.0625
3 0.609375 0.83125 0.034375 0.0546875
3 0.715625 0.8125 0.03125 0.0484375
11 0.9640625 0.1625 0.028125 0.04375
13 0.671875 0.6 0.0359375 0.0515625
13 0.66875 0.396875 0.0375 0.053125
5 0.159375 0.8859375 0.028125 0.028125
13 0.228125 0.834375 0.040625 0.059375
13 0.6734375 0.175 0.0359375 0.05
3 0.98984375 0.80859375 0.0203125 0.0484375
3 0.6015625 0.1671875 0.034375 0.0515625
0 0.115625 0.896875 0.0359375 0.04375
14 0.1609375 0.16875 0.0359375 0.0765625
10 0.465625 0.6 0.0375 0.05
11 0.509375 0.378125 0.03125 0.046875
7 0.346875 0.159375 0.0359375 0.0484375
11 0.50625 0.8203125 0.03125 0.0453125
13 0.390625 0.36875 0.03125 0.05
7 0.3484375 0.2515625 0.0359375 0.0484375
13 0.390625 0.809375 0.034375 0.0515625
4 0.4 0.6 0.025 0.03125
5 0.6 0.2265625 0.0265625 0.01875
5 0.6046875 0.45 0.025 0.0203125
5 0.596875 0.66875 0.028125 0.0265625
5 0.6046875 0.890625 0.028125 0.01875
5 0.1578125 0.68125 0.0234375 0.0203125
5 0.1578125 0.4453125 0.0203125 0.021875
3 0.99921875 0.37109375 0.0015625 0.0484375
3 0.99921875 0.80859375 0.0015625 0.0484375