3 0.7203125 0.9625 0.0359375 0.053125
14 0.0625 0.30625 0.0375 0.078125
14 0.06875 0.5265625 0.0375 0.0765625
3 0.1125 0.0921875 0.034375 0.059375
14 0.0625 0.9609375 0.0375 0.078125
3 0.6640625 0.9625 0.03125 0.05
3 0.721875 0.5171875 0.03125 0.0484375
3 0.66875 0.303125 0.03125 0.05
3 0.1125 0.53125 0.0375 0.059375
3 0.6015625 0.9625 0.0328125 0.0515625
3 0.221875 0.534375 0.03125 0.059375
3 0.328125 0.95625 0.03125 0.0484375
3 0.54375 0.9625 0.028125 0.046875
3 0.834375 0.3140625 0.0375 0.0546875
3 0.88125 0.965625 0.0328125 0.05625
3 0.2296875 0.3140625 0.03125 0.053125
3 0.9375 0.9703125 0.0390625 0.053125
3 0.16875 0.3140625 0.0328125 0.0625
14 0.06875 0.7421875 0.0390625 0.0765625
0 0.065625 0.159375 0.0375 0.046875
3 0.446875 0.7515625 0.0328125 0.05625
3 0.878125 0.7515625 0.034375 0.05625
3 0.553125 0.303125 0.034375 0.053125
3 0.284375 0.740625 0.0375 0.0515625
3 0.278125 0.096875 0.0359375 0.053125
3 0.2859375 0.3078125 0.040625 0.065625
0 0.0625 0.38125 0.0359375 0.046875
3 0.165625 0.753125 0.0328125 0.053125
3 0.28125 0.540625 0.0375 0.0546875
3 0.384375 0.515625 0.0359375 0.053125
13 0.78125 0.515625 0.03125 0.053125
3 0.228125 0.746875 0.0328125 0.053125
0 0.065625 0.81875 0.0375 0.046875
3 0.559375 0.534375 0.034375 0.053125
13 0.79375 0.309375 0.03125 0.05625
3 0.221875 0.096875 0.0296875 0.05625
3 0.728125 0.30625 0.0359375 0.053125
3 0.559375 0.09375 0.0359375 0.0546875
13 0.78125 0.075 0.0296875 0.0515625
11 0.109375 0.96875 0.0265625 0.0453125
11 0.915625 0.290625 0.03125 0.0453125
3 0.109375 0.753125 0.028125 0.05
3 0.109375 0.31875 0.0296875 0.05625
3 0.94375 0.5125 0.0296875 0.046875
3 0.38125 0.078125 0.034375 0.053125
3 0.890625 0.0875 0.0328125 0.0546875
3 0.721875 0.075 0.028125 0.0484375
3 0.890625 0.521875 0.03125 0.053125
11 0.784375 0.953125 0.0296875 0.05
3 0.934375 0.7609375 0.034375 0.0515625
3 0.94375 0.071875 0.0296875 0.0484375
10 0.396875 0.9609375 0.0375 0.05
11 0.2203125 0.95 0.034375 0.046875
14 0.0625 0.0890625 0.0375 0.0765625
13 0.6203125 0.096875 0.0375 0.0515625
11 0.58125 0.7328125 0.0296875 0.046875
13 0.621875 0.303125 0.0375 0.05
11 0.35 0.7390625 0.03125 0.046875
0 0.0625 0.6 0.0359375 0.0453125
3 0.665625 0.515625 0.0296875 0.04375
13 0.178125 0.096875 0.0390625 0.0609375
3 0.6671875 0.075 0.03125 0.05
3 0.50625 0.7578125 0.034375 0.0515625
11 0.4578125 0.08125 0.0296875 0.046875
13 0.6203125 0.534375 0.0375 0.0546875
13 0.346875 0.075 0.034375 0.0515625
13 0.178125 0.534375 0.0375 0.059375
11 0.4578125 0.521875 0.03125 0.046875
13 0.3453125 0.5140625 0.0328125 0.0515625
3 0.821875 0.075 0.0328125 0.05625
3 0.821875 0.515625 0.0359375 0.0546875
10 0.41875 0.3046875 0.0390625 0.0515625
8 0.778125 0.8125 0.028125 0.046875
4 0.3515625 0.3 0.0265625 0.03125
8 0.578125 0.8125 0.028125 0.05
5 0.109375 0.38125 0.028125 0.0234375
8 0.678125 0.7421875 0.0296875 0.05
5 0.109375 0.8140625 0.0265625 0.021875
5 0.55 0.36875 0.0265625 0.0203125
5 0.55625 0.153125 0.025 0.0265625
5 0.1078125 0.146875 0.028125 0.025
5 0.55625 0.5921875 0.0296875 0.0265625
5 0.109375 0.5875 0.0296875 0.025