0 0.05625 0.8828125 0.0359375 0.04375
3 0.1 0.384375 0.034375 0.05625
3 0.275 0.1625 0.0390625 0.065625
14 0.05625 0.15625 0.0390625 0.0765625
3 0.709375 0.36875 0.0296875 0.046875
14 0.05625 0.38125 0.0390625 0.0765625
3 0.21875 0.165625 0.03125 0.053125
3 0.2734375 0.59375 0.0359375 0.0546875
3 0.871875 0.8171875 0.0328125 0.053125
3 0.546875 0.3859375 0.034375 0.0515625
3 0.709375 0.815625 0.034375 0.053125
3 0.6515625 0.815625 0.03125 0.046875
3 0.209375 0.3875 0.0296875 0.0578125
3 0.215625 0.6 0.03125 0.0515625
0 0.05625 0.66875 0.0375 0.046875
3 0.590625 0.8140625 0.03125 0.0515625
3 0.825 0.165625 0.0390625 0.05625
14 0.05625 0.596875 0.0390625 0.078125
3 0.4875 0.6046875 0.034375 0.0515625
3 0.928125 0.365625 0.0296875 0.046875
3 0.65625 0.159375 0.03125 0.0515625
3 0.540625 0.15625 0.034375 0.0515625
3 0.1578125 0.165625 0.0328125 0.0625
3 0.434375 0.6015625 0.0328125 0.05625
3 0.925 0.609375 0.0359375 0.0515625
11 0.20625 0.80625 0.03125 0.0484375
3 0.3734375 0.36875 0.0359375 0.0515625
11 0.0984375 0.825 0.028125 0.04375
3 0.715625 0.1609375 0.0359375 0.0484375
3 0.3125 0.809375 0.03125 0.05
11 0.771875 0.8078125 0.03125 0.05
11 0.5703125 0.584375 0.03125 0.046875
14 0.05625 0.8125 0.0375 0.0765625
3 0.86875 0.6015625 0.0328125 0.05625
0 0.05625 0.2375 0.0375 0.0453125
10 0.403125 0.15625 0.0375 0.05
3 0.878125 0.378125 0.0328125 0.053125
13 0.609375 0.159375 0.0375 0.0515625
3 0.2671875 0.390625 0.0359375 0.0546875
3 0.9265625 0.821875 0.034375 0.0515625
3 0.15625 0.603125 0.0296875 0.0546875
8 0.775 0.878125 0.028125 0.0453125
13 0.334375 0.365625 0.0328125 0.0515625
3 0.6546875 0.3671875 0.03125 0.0484375
13 0.771875 0.365625 0.028125 0.053125
3 0.80625 0.371875 0.034375 0.0546875
3 0.096875 0.60625 0.028125 0.05
13 0.1625 0.3859375 0.0390625 0.059375
13 0.78125 0.1625 0.0296875 0.05625
11 0.446875 0.3765625 0.0296875 0.046875
11 0.3375 0.59375 0.03125 0.046875
0 0.05625 0.453125 0.0375 0.046875
11 0.903125 0.14375 0.0296875 0.0453125
8 0.534375 0.8796875 0.028125 0.0453125
13 0.6078125 0.3921875 0.0390625 0.0515625
10 0.3875 0.8109375 0.0359375 0.0484375
8 0.56875 0.66875 0.028125 0.046875
8 0.3125 0.8875 0.0265625 0.0484375
3 0.53125 0.8140625 0.028125 0.0484375
8 0.096875 0.8875 0.0265625 0.0484375
8 0.76875 0.6671875 0.028125 0.046875
3 0.096875 0.171875 0.0296875 0.0609375
8 0.6671875 0.590625 0.028125 0.046875
4 0.340625 0.153125 0.025 0.0328125
5 0.09375 0.6671875 0.025 0.0234375
5 0.54375 0.446875 0.025 0.028125
5 0.096875 0.440625 0.0265625 0.0265625
5 0.5375 0.221875 0.0203125 0.0265625
5 0.096875 0.234375 0.0234375 0.025