0 0.065625 0.2765625 0.03125 0.0421875
3 0.675 0.409375 0.0296875 0.046875
0 0.01875 0.93046875 0.0375 0.0484375
3 0.065625 0.865625 0.034375 0.059375
3 0.621875 0.6375 0.03125 0.05
11 0.128125 0.203125 0.025 0.046875
3 0.121875 0.646875 0.0328125 0.0625
3 0.846875 0.8625 0.0328125 0.053125
0 0.01875 0.7171875 0.0375 0.046875
3 0.6171875 0.2078125 0.03125 0.0515625
0 0.0203125 0.49375 0.0390625 0.046875
3 0.675 0.846875 0.0296875 0.0484375
3 0.7875 0.215625 0.0375 0.0546875
3 0.896875 0.8453125 0.0296875 0.0484375
3 0.515625 0.86875 0.0359375 0.053125
3 0.896875 0.4078125 0.0296875 0.046875
3 0.23125 0.434375 0.0359375 0.053125
3 0.1828125 0.646875 0.0296875 0.0515625
3 0.3390625 0.4109375 0.034375 0.05
14 0.01875 0.859375 0.0375 0.0765625
14 0.01875 0.6359375 0.0375 0.078125
13 0.7515625 0.64375 0.0328125 0.0578125
3 0.240625 0.640625 0.0390625 0.065625
3 0.50625 0.63125 0.0328125 0.0515625
3 0.771875 0.85 0.0359375 0.05625
3 0.175 0.86875 0.03125 0.0546875
14 0.0671875 0.20625 0.0359375 0.0765625
3 0.175 0.4265625 0.0328125 0.0609375
11 0.4125 0.85625 0.03125 0.0453125
11 0.871875 0.19375 0.0296875 0.0453125
13 0.746875 0.2125 0.03125 0.0546875
3 0.5109375 0.4265625 0.0359375 0.053125
3 0.6796875 0.64375 0.0359375 0.0515625
11 0.409375 0.415625 0.0296875 0.0453125
3 0.846875 0.4203125 0.0328125 0.0515625
13 0.575 0.2078125 0.0359375 0.05
13 0.571875 0.43125 0.0359375 0.0515625
3 0.7875 0.646875 0.0390625 0.05625
3 0.2296875 0.875 0.040625 0.053125
13 0.734375 0.846875 0.028125 0.0515625
3 0.615625 0.8484375 0.03125 0.0484375
3 0.5046875 0.2 0.03125 0.05
14 0.01875 0.421875 0.0375 0.078125
13 0.571875 0.6390625 0.0359375 0.0484375
13 0.571875 0.871875 0.0359375 0.053125
3 0.68125 0.2109375 0.0359375 0.05
3 0.065625 0.425 0.0359375 0.059375
3 0.7734375 0.4125 0.0328125 0.0546875
11 0.871875 0.628125 0.03125 0.04375
13 0.734375 0.409375 0.028125 0.053125
3 0.3390625 0.846875 0.034375 0.053125
7 0.253125 0.19375 0.034375 0.0484375
10 0.371875 0.634375 0.0375 0.05
13 0.128125 0.871875 0.0390625 0.0578125
11 0.128125 0.2875 0.0265625 0.046875
3 0.059375 0.6515625 0.0296875 0.0578125
13 0.13125 0.428125 0.0390625 0.0625
13 0.3 0.403125 0.034375 0.05
3 0.61875 0.403125 0.03125 0.05
13 0.3 0.84375 0.034375 0.05
4 0.30625 0.6375 0.025 0.034375
7 0.2515625 0.2875 0.034375 0.046875
5 0.509375 0.4875 0.025 0.021875
5 0.503125 0.2625 0.028125 0.0203125
5 0.5015625 0.703125 0.0265625 0.01875
5 0.509375 0.925 0.0265625 0.0203125
5 0.0625 0.715625 0.028125 0.0234375
5 0.0625 0.48125 0.0296875 0.025
5 0.059375 0.921875 0.028125 0.0171875