14 0.040625 0.403125 0.0296875 0.203125
14 0.040625 0.85 0.0296875 0.2125
11 0.084375 0.834375 0.0171875 0.1234375
11 0.125 0.3984375 0.01875 0.125
11 0.178125 0.4359375 0.01875 0.1296875
11 0.3015625 0.384375 0.0234375 0.121875
11 0.325 0.871875 0.021875 0.125
11 0.5484375 0.36875 0.01875 0.125
11 0.528125 0.890625 0.0203125 0.125
3 0.6015625 0.434375 0.0203125 0.109375
11 0.64375 0.4 0.01875 0.1234375
11 0.73125 0.834375 0.0203125 0.1109375
11 0.7859375 0.834375 0.01875 0.1171875
11 0.825 0.396875 0.0171875 0.128125
11 0.8796875 0.4375 0.01875 0.121875
3 0.140625 0.821875 0.028125 0.128125
3 0.2375 0.396875 0.0296875 0.1234375
1 0.1625 0.83125 0.0140625 0.0765625
3 0.1890625 0.815625 0.0390625 0.1109375
3 0.228125 0.8265625 0.0390625 0.121875
3 0.25625 0.828125 0.025 0.125
3 0.3609375 0.371875 0.028125 0.128125
1 0.3828125 0.378125 0.015625 0.090625
3 0.4078125 0.365625 0.0375 0.1125
3 0.4484375 0.371875 0.0375 0.1234375
3 0.478125 0.3828125 0.0265625 0.1296875
3 0.384375 0.8796875 0.028125 0.1296875
3 0.421875 0.8890625 0.025 0.1328125
3 0.45625 0.89375 0.0296875 0.1125
3 0.590625 0.8234375 0.0421875 0.128125
3 0.628125 0.8265625 0.0328125 0.134375
3 0.6640625 0.84375 0.025 0.1359375
3 0.9375 0.396875 0.0296875 0.128125
3 0.840625 0.825 0.0296875 0.1296875
8 0.9046875 0.846875 0.0203125 0.1234375
8 0.725 0.4 0.0203125 0.11875
1 0.403125 0.8265625 0.015625 0.0859375
1 0.5140625 0.8265625 0.0171875 0.0953125
1 0.5875 0.378125 0.0140625 0.0953125