14 0.0046875 0.559375 0.009375 0.228125
14 0.00625 0.0875 0.0109375 0.1734375
11 0.04375 0.071875 0.0203125 0.1390625
11 0.0875 0.5625 0.0203125 0.140625
11 0.15 0.5203125 0.021875 0.146875
11 0.2875 0.578125 0.025 0.1359375
11 0.3140625 0.05 0.0234375 0.0984375
11 0.565625 0.596875 0.0203125 0.140625
11 0.54375 0.040625 0.0234375 0.0796875
3 0.625 0.521875 0.0234375 0.1234375
11 0.6734375 0.5609375 0.0203125 0.1375
11 0.771875 0.071875 0.0234375 0.1234375
11 0.8328125 0.0703125 0.021875 0.13125
11 0.8765625 0.5625 0.0203125 0.14375
11 0.9375 0.51875 0.0203125 0.1359375
3 0.1078125 0.0859375 0.03125 0.14375
3 0.215625 0.5625 0.0328125 0.1390625
1 0.13125 0.075 0.0171875 0.0875
3 0.1609375 0.09375 0.04375 0.1234375
3 0.2046875 0.0796875 0.04375 0.1359375
3 0.2375 0.078125 0.0296875 0.140625
3 0.3546875 0.59375 0.03125 0.14375
1 0.378125 0.584375 0.0171875 0.1015625
3 0.40625 0.6 0.0421875 0.1265625
3 0.453125 0.59375 0.0421875 0.1375
3 0.4859375 0.5796875 0.03125 0.1453125
3 0.38125 0.046875 0.03125 0.09375
3 0.421875 0.0421875 0.028125 0.084375
3 0.459375 0.034375 0.0328125 0.06875
3 0.6125 0.084375 0.046875 0.14375
3 0.65625 0.0796875 0.0359375 0.1515625
3 0.69296875 0.06875 0.0265625 0.1375
3 0.99296875 0.565625 0.0140625 0.14375
3 0.89375 0.08125 0.0328125 0.146875
8 0.96484375 0.0625 0.0234375 0.125
8 0.7625 0.5609375 0.0234375 0.134375
1 0.403125 0.0796875 0.015625 0.096875
1 0.5265625 0.0796875 0.01875 0.10625
1 0.6109375 0.584375 0.015625 0.10625
3 0.99921875 0.565625 0.0015625 0.14375