14 0.990625 0.409375 0.01875 0.2140625
14 0.98984375 0.884375 0.0203125 0.225
11 0.95 0.8671875 0.01875 0.1296875
11 0.90625 0.40625 0.0203125 0.13125
11 0.85 0.446875 0.0203125 0.1375
11 0.7203125 0.39375 0.0234375 0.128125
11 0.6953125 0.9078125 0.021875 0.1328125
11 0.459375 0.375 0.0203125 0.1328125
11 0.48125 0.9265625 0.021875 0.1328125
3 0.403125 0.4453125 0.021875 0.115625
11 0.359375 0.409375 0.0203125 0.1296875
11 0.2671875 0.8671875 0.021875 0.115625
11 0.209375 0.86875 0.0203125 0.1234375
11 0.16875 0.40625 0.0171875 0.134375
11 0.109375 0.45 0.0203125 0.128125
3 0.8890625 0.853125 0.0296875 0.134375
3 0.7875 0.40625 0.03125 0.1296875
1 0.865625 0.8640625 0.015625 0.08125
3 0.8390625 0.846875 0.0421875 0.115625
3 0.7984375 0.859375 0.0421875 0.128125
3 0.76875 0.8625 0.028125 0.1328125
3 0.65625 0.378125 0.028125 0.134375
1 0.634375 0.3875 0.015625 0.0953125
3 0.609375 0.371875 0.0390625 0.1171875
3 0.565625 0.378125 0.0390625 0.1296875
3 0.534375 0.390625 0.028125 0.1375
3 0.6328125 0.915625 0.0296875 0.1375
3 0.59375 0.925 0.0265625 0.1390625
3 0.5578125 0.93125 0.03125 0.11875
3 0.415625 0.85625 0.04375 0.134375
3 0.375 0.859375 0.034375 0.1421875
3 0.3375 0.8765625 0.025 0.14375
3 0.05 0.40625 0.03125 0.134375
3 0.153125 0.85625 0.03125 0.1375
8 0.084375 0.88125 0.0203125 0.1296875
8 0.275 0.409375 0.021875 0.125
1 0.6125 0.859375 0.015625 0.090625
1 0.496875 0.859375 0.0171875 0.1
1 0.4171875 0.3875 0.015625 0.1
14 0.99921875 0.884375 0.0015625 0.225