11 0.596875 0.0984375 0.0453125 0.0546875
11 0.51875 0.0953125 0.028125 0.04375
11 0.25625 0.109375 0.03125 0.034375
8 0.7765625 0.196875 0.034375 0.040625
8 0.659375 0.2 0.053125 0.053125
8 0.515625 0.190625 0.03125 0.04375
8 0.396875 0.190625 0.025 0.04375
8 0.25625 0.1859375 0.0265625 0.0515625
8 0.1390625 0.175 0.0359375 0.040625
8 0.7796875 0.3546875 0.03125 0.05
8 0.65625 0.3546875 0.0265625 0.0546875
8 0.515625 0.359375 0.0265625 0.0421875
8 0.253125 0.3484375 0.0203125 0.04375
8 0.13125 0.34375 0.01875 0.0421875
8 0.546875 0.625 0.0359375 0.03125
8 0.65 0.725 0.028125 0.0421875
8 0.553125 0.721875 0.034375 0.0421875
8 0.434375 0.709375 0.03125 0.0390625
8 0.3375 0.7140625 0.0359375 0.04375
8 0.21875 0.709375 0.01875 0.0390625
8 0.11875 0.715625 0.03125 0.0453125
8 0.878125 0.878125 0.03125 0.0375
8 0.771875 0.878125 0.0234375 0.046875
8 0.65625 0.884375 0.015625 0.0578125
8 0.55625 0.89375 0.03125 0.053125
8 0.440625 0.871875 0.021875 0.0484375
8 0.34375 0.896875 0.0546875 0.075
8 0.215625 0.88125 0.0453125 0.046875
8 0.115625 0.875 0.04375 0.0421875
3 0.4 0.096875 0.034375 0.04375
3 0.365625 0.096875 0.0203125 0.05
3 0.334375 0.096875 0.015625 0.0453125
3 0.309375 0.09375 0.0203125 0.0453125
3 0.1390625 0.103125 0.025 0.053125
3 0.109375 0.0984375 0.021875 0.040625
3 0.075 0.1 0.028125 0.04375
3 0.0453125 0.096875 0.0390625 0.053125
14 0.884375 0.103125 0.0265625 0.084375
14 0.8875 0.278125 0.0359375 0.065625
0 0.89375 0.190625 0.046875 0.046875
0 0.890625 0.3515625 0.0390625 0.0421875
14 0.9640625 0.634375 0.0359375 0.071875
14 0.965625 0.8078125 0.0359375 0.0578125
0 0.9640625 0.884375 0.0390625 0.04375
0 0.96875 0.7203125 0.04375 0.0421875
11 0.878125 0.6375 0.0234375 0.04375
8 0.878125 0.7171875 0.0296875 0.046875
8 0.771875 0.71875 0.0234375 0.0578125
3 0.7 0.640625 0.0265625 0.0421875
11 0.6078125 0.6234375 0.0359375 0.04375
4 0.878125 0.809375 0.0265625 0.0359375
4 0.825 0.809375 0.01875 0.028125
4 0.7734375 0.8078125 0.0125 0.0234375
4 0.721875 0.809375 0.0234375 0.025
4 0.653125 0.8140625 0.0234375 0.0296875
4 0.6 0.8109375 0.015625 0.0203125
4 0.553125 0.8125 0.0234375 0.0265625
4 0.5015625 0.8078125 0.0171875 0.0234375
4 0.4375 0.809375 0.0203125 0.0265625
4 0.38125 0.8125 0.01875 0.0234375
4 0.334375 0.8125 0.0203125 0.0234375
4 0.28125 0.809375 0.0203125 0.01875
4 0.2203125 0.8125 0.015625 0.0265625
4 0.1640625 0.809375 0.0234375 0.0234375
4 0.1140625 0.8125 0.0171875 0.028125
4 0.065625 0.8140625 0.025 0.028125
11 0.653125 0.628125 0.015625 0.034375
3 0.39375 0.6296875 0.040625 0.0421875
3 0.34375 0.6203125 0.0234375 0.0390625
3 0.3125 0.6234375 0.021875 0.0359375
3 0.284375 0.6296875 0.0140625 0.0390625
3 0.259375 0.640625 0.0125 0.0515625
3 0.21875 0.625 0.025 0.03125
3 0.16875 0.621875 0.0296875 0.046875
8 0.11875 0.628125 0.0171875 0.0421875
4 0.784375 0.2828125 0.028125 0.034375
4 0.7140625 0.2828125 0.03125 0.0265625
4 0.65625 0.278125 0.025 0.03125
4 0.6 0.284375 0.01875 0.0390625
4 0.51875 0.278125 0.0234375 0.028125
4 0.45625 0.278125 0.0140625 0.03125
4 0.39375 0.2828125 0.025 0.034375
4 0.33125 0.284375 0.0171875 0.0359375
4 0.2609375 0.2765625 0.0203125 0.03125
4 0.1984375 0.278125 0.01875 0.03125
4 0.140625 0.278125 0.021875 0.0265625