14 0.065625 0.0625 0.0328125 0.0609375
14 0.059375 0.24375 0.0328125 0.06875
1 0.084375 0.1234375 0.009375 0.0265625
11 0.11875 0.134375 0.0453125 0.059375
11 0.15625 0.13125 0.0203125 0.0546875
11 0.2078125 0.1328125 0.021875 0.0546875
11 0.2578125 0.134375 0.03125 0.053125
11 0.309375 0.1296875 0.01875 0.059375
11 0.340625 0.1265625 0.015625 0.0609375
11 0.3765625 0.134375 0.021875 0.053125
11 0.409375 0.13125 0.015625 0.053125
11 0.459375 0.14375 0.0140625 0.0625
11 0.49375 0.1453125 0.025 0.05625
11 0.53125 0.14375 0.021875 0.053125
11 0.565625 0.140625 0.01875 0.0453125
11 0.615625 0.1390625 0.021875 0.053125
11 0.65 0.134375 0.0140625 0.0484375
11 0.684375 0.1375 0.0171875 0.046875
11 0.715625 0.13125 0.0171875 0.05
11 0.76875 0.134375 0.034375 0.0625
11 0.821875 0.1359375 0.0296875 0.0609375
11 0.86875 0.1390625 0.03125 0.053125
11 0.915625 0.1359375 0.028125 0.040625
3 0.91875 0.24375 0.01875 0.0421875
3 0.8921875 0.24375 0.0234375 0.04375
3 0.859375 0.2390625 0.021875 0.04375
3 0.828125 0.24375 0.025 0.04375
3 0.803125 0.240625 0.0203125 0.040625
3 0.775 0.2375 0.028125 0.0375
3 0.7421875 0.240625 0.0234375 0.05625
3 0.7140625 0.234375 0.0125 0.03125
3 0.6890625 0.240625 0.0328125 0.040625
3 0.659375 0.2390625 0.0203125 0.0375
3 0.6296875 0.246875 0.0171875 0.0359375
11 0.11875 0.3140625 0.021875 0.0484375
11 0.178125 0.315625 0.0328125 0.0421875
11 0.2328125 0.309375 0.015625 0.0359375
11 0.290625 0.3109375 0.0203125 0.0546875
11 0.365625 0.3234375 0.0203125 0.05625