11 0.034375 0.7609375 0.028125 0.046875
14 0.0078125 0.95625 0.015625 0.0546875
14 0.00625 0.84375 0.0109375 0.071875
14 0.003125 0.56796875 0.00625 0.0640625
14 0.00625 0.16875 0.0109375 0.0609375
0 0.00625 0.6796875 0.0109375 0.05
0 0.003125 0.278125 0.00625 0.0484375
6 0.1375 0.953125 0.0421875 0.03125
6 0.3703125 0.953125 0.0390625 0.0375
6 0.609375 0.95625 0.0296875 0.0328125
6 0.846875 0.959375 0.0359375 0.025
6 0.128125 0.859375 0.0390625 0.0296875
6 0.375 0.859375 0.0296875 0.028125
6 0.609375 0.8625 0.028125 0.0359375
11 0.74375 0.753125 0.0234375 0.0515625
6 0.85625 0.8609375 0.0578125 0.034375
11 0.0875 0.590625 0.034375 0.053125
6 0.134375 0.68125 0.0359375 0.0390625
11 0.265625 0.5890625 0.0453125 0.078125
11 0.3125 0.590625 0.04375 0.0734375
3 0.034375 0.1828125 0.028125 0.0578125
3 0.05625 0.184375 0.03125 0.0625
3 0.0875 0.178125 0.0203125 0.0671875
3 0.1109375 0.18125 0.0234375 0.0421875
3 0.140625 0.171875 0.0234375 0.053125
11 0.153125 0.2765625 0.0390625 0.0421875
3 0.175 0.1734375 0.0234375 0.0390625
3 0.2 0.165625 0.028125 0.059375
3 0.228125 0.165625 0.0265625 0.053125
3 0.259375 0.1765625 0.040625 0.053125
11 0.26875 0.26875 0.028125 0.05625
11 0.2734375 0.371875 0.021875 0.0625
11 0.325 0.471875 0.0234375 0.0890625
11 0.3765625 0.575 0.0390625 0.0703125
6 0.36875 0.68125 0.04375 0.0375
11 0.5078125 0.578125 0.01875 0.08125
11 0.5609375 0.584375 0.0359375 0.0546875
11 0.621875 0.584375 0.0375 0.0671875
6 0.615625 0.6796875 0.0546875 0.0421875
11 0.675 0.5734375 0.028125 0.0625
11 0.7375 0.5796875 0.059375 0.0640625
11 0.8015625 0.5796875 0.04375 0.05625
6 0.85 0.675 0.053125 0.0546875
11 0.090625 0.75625 0.0375 0.053125
11 0.14375 0.75625 0.028125 0.059375
11 0.19375 0.75625 0.0296875 0.0609375
3 0.26875 0.7671875 0.0265625 0.05625
3 0.296875 0.765625 0.0140625 0.0421875
3 0.325 0.759375 0.0203125 0.028125
3 0.35625 0.7625 0.0125 0.040625
3 0.3796875 0.765625 0.0203125 0.0328125
3 0.4078125 0.759375 0.01875 0.028125
3 0.4375 0.7546875 0.0171875 0.0375
3 0.4625 0.7515625 0.01875 0.03125
3 0.50625 0.75 0.021875 0.028125
3 0.5375 0.75625 0.0140625 0.0359375
3 0.5625 0.7625 0.0328125 0.0453125
3 0.5921875 0.753125 0.0125 0.0359375
3 0.61875 0.7640625 0.0234375 0.040625
3 0.65 0.7546875 0.01875 0.0421875
11 0.6734375 0.746875 0.01875 0.0734375
3 0.8 0.75625 0.0171875 0.040625
3 0.828125 0.7578125 0.0125 0.028125
3 0.853125 0.75625 0.021875 0.028125
3 0.8796875 0.75625 0.0203125 0.03125
3 0.9109375 0.75625 0.01875 0.0390625
3 0.9375 0.753125 0.0234375 0.040625
3 0.296875 0.1796875 0.0296875 0.0515625
3 0.3203125 0.18125 0.0234375 0.084375
11 0.321875 0.275 0.0296875 0.0421875
3 0.378125 0.16875 0.05 0.059375
3 0.353125 0.1828125 0.028125 0.0578125
3 0.403125 0.1796875 0.034375 0.0359375
3 0.3875 0.271875 0.0234375 0.0359375
3 0.4296875 0.1640625 0.0375 0.0625
3 0.409375 0.26875 0.0140625 0.046875
3 0.46875 0.175 0.0375 0.05625
3 0.5 0.171875 0.0359375 0.0609375
11 0.50625 0.28125 0.0359375 0.0390625
3 0.540625 0.184375 0.0265625 0.0390625
3 0.565625 0.178125 0.021875 0.0578125
11 0.571875 0.2625 0.0390625 0.0515625
3 0.596875 0.178125 0.0390625 0.053125
3 0.646875 0.16875 0.03125 0.0609375
3 0.625 0.178125 0.015625 0.05
3 0.628125 0.2734375 0.015625 0.0453125
3 0.65 0.2703125 0.01875 0.0421875
11 0.034375 0.5875 0.0265625 0.05
11 0.153125 0.5875 0.0359375 0.0859375
11 0.190625 0.5875 0.0328125 0.0875
11 0.0328125 0.365625 0.04375 0.0625
11 0.09375 0.2734375 0.046875 0.053125
11 0.09375 0.36875 0.046875 0.078125
11 0.1453125 0.365625 0.0328125 0.0640625
8 0.040625 0.4625 0.0390625 0.05625
11 0.14375 0.4625 0.03125 0.0640625
11 0.203125 0.375 0.025 0.053125
11 0.20625 0.46875 0.0328125 0.0640625
11 0.2703125 0.46875 0.025 0.04375
11 0.4328125 0.265625 0.0234375 0.0484375
8 0.384375 0.365625 0.0359375 0.046875
11 0.5140625 0.35625 0.040625 0.0703125
8 0.38125 0.4609375 0.03125 0.0484375
11 0.5125 0.4640625 0.034375 0.046875
11 0.5578125 0.465625 0.0203125 0.05625
11 0.625 0.4640625 0.0359375 0.046875
11 0.66875 0.3703125 0.05 0.05
11 0.68125 0.459375 0.0375 0.071875
3 0.671875 0.16875 0.028125 0.0546875
11 0.6828125 0.2640625 0.03125 0.053125
3 0.703125 0.16875 0.01875 0.0984375
3 0.7390625 0.159375 0.03125 0.0421875
11 0.7421875 0.259375 0.0296875 0.040625
11 0.74375 0.35625 0.0296875 0.053125
11 0.740625 0.45625 0.0359375 0.0625
11 0.2 0.2609375 0.0390625 0.0625
11 0.334375 0.3625 0.0609375 0.0609375
11 0.565625 0.35 0.0359375 0.059375
11 0.621875 0.35625 0.0375 0.0453125
11 0.040625 0.2546875 0.0390625 0.046875
3 0.771875 0.165625 0.0265625 0.0640625
3 0.803125 0.171875 0.021875 0.0515625
11 0.79375 0.26875 0.0234375 0.0625
3 0.825 0.1828125 0.025 0.0578125
3 0.859375 0.1609375 0.021875 0.0640625
11 0.84375 0.2625 0.0328125 0.0484375
3 0.9125 0.175 0.028125 0.05625
11 0.9125 0.265625 0.06875 0.053125
11 0.0375 0.090625 0.03125 0.04375
11 0.0828125 0.090625 0.021875 0.040625
11 0.1453125 0.08125 0.04375 0.053125
11 0.203125 0.09375 0.0359375 0.08125
11 0.26875 0.0875 0.025 0.0765625
11 0.328125 0.078125 0.0296875 0.053125
8 0.38125 0.0890625 0.046875 0.0609375
11 0.5015625 0.084375 0.0390625 0.071875
11 0.5625 0.078125 0.05 0.0546875
11 0.61875 0.0765625 0.04375 0.0671875
11 0.671875 0.084375 0.0390625 0.05
11 0.746875 0.084375 0.03125 0.059375
8 0.80625 0.36875 0.05 0.065625
8 0.8046875 0.459375 0.0375 0.046875
3 0.878125 0.16875 0.0203125 0.0359375
3 0.9359375 0.178125 0.025 0.040625