5 0.09375 0.840625 0.0328125 0.04375
5 0.084375 0.7265625 0.0359375 0.0390625
5 0.090625 0.625 0.028125 0.034375
5 0.0875 0.5125 0.0421875 0.0265625
5 0.0921875 0.415625 0.0359375 0.03125
14 0.046875 0.965625 0.04375 0.0625
14 0.046875 0.85625 0.0328125 0.0625
14 0.046875 0.7515625 0.03125 0.071875
14 0.046875 0.325 0.0328125 0.06875
11 0.4140625 0.759375 0.0234375 0.0375
11 0.61875 0.7421875 0.046875 0.0375
11 0.328125 0.303125 0.025 0.046875
3 0.203125 0.31875 0.0203125 0.0515625
3 0.1796875 0.325 0.0234375 0.0453125
3 0.1328125 0.321875 0.0234375 0.0578125
11 0.0890625 0.325 0.028125 0.046875
5 0.721875 0.7375 0.0515625 0.021875
3 0.2875 0.73125 0.0375 0.0625
4 0.325 0.746875 0.01875 0.04375
1 0.15625 0.315625 0.025 0.0359375