14 0.084375 0.1625 0.034375 0.071875
14 0.0875 0.3125 0.0375 0.0734375
14 0.01875 0.6875 0.0375 0.0796875
14 0.015625 0.840625 0.03125 0.078125
0 0.009375 0.91796875 0.01875 0.0453125
0 0.084375 0.390625 0.028125 0.04375
6 0.35625 0.1578125 0.0328125 0.04375
9 0.496875 0.1578125 0.040625 0.025
3 0.6421875 0.1640625 0.0515625 0.06875
3 0.696875 0.165625 0.03125 0.0609375
3 0.86875 0.1625 0.0296875 0.0421875
3 0.925 0.1546875 0.053125 0.0453125
3 0.159375 0.3140625 0.0203125 0.03125
3 0.209375 0.3125 0.0203125 0.05
3 0.253125 0.278125 0.028125 0.05
3 0.309375 0.278125 0.01875 0.0421875
3 0.3265625 0.334375 0.0265625 0.0328125
3 0.3734375 0.33125 0.025 0.05
3 0.403125 0.296875 0.0171875 0.04375
3 0.5640625 0.3234375 0.0265625 0.046875
3 0.6140625 0.31875 0.0265625 0.0390625
3 0.490625 0.396875 0.01875 0.0546875
3 0.5421875 0.4 0.0234375 0.040625
3 0.7328125 0.390625 0.028125 0.0453125
3 0.7734375 0.3921875 0.0203125 0.05625
11 0.809375 0.396875 0.0171875 0.0375
3 0.859375 0.3859375 0.0328125 0.05625
3 0.915625 0.384375 0.0296875 0.0546875
3 0.1875 0.696875 0.0125 0.05625
3 0.24375 0.678125 0.0296875 0.053125
3 0.428125 0.6890625 0.021875 0.046875
3 0.471875 0.6875 0.01875 0.0453125
3 0.6375 0.6875 0.0328125 0.0484375
3 0.690625 0.6875 0.0390625 0.0546875
3 0.88125 0.69375 0.0265625 0.04375
3 0.928125 0.6828125 0.03125 0.046875
11 0.18125 0.9171875 0.03125 0.040625
3 0.1875 0.871875 0.01875 0.0265625
3 0.21875 0.871875 0.0234375 0.03125
3 0.1890625 0.840625 0.021875 0.0421875
3 0.225 0.84375 0.01875 0.0359375
11 0.43125 0.9203125 0.03125 0.04375
3 0.43125 0.871875 0.0140625 0.03125
3 0.4328125 0.8375 0.021875 0.03125
3 0.46875 0.853125 0.0171875 0.0234375
3 0.634375 0.8625 0.01875 0.0390625
3 0.69375 0.85 0.0203125 0.040625
3 0.878125 0.9171875 0.0265625 0.0421875
3 0.875 0.86875 0.0234375 0.025
3 0.878125 0.8375 0.0265625 0.028125
3 0.91875 0.8578125 0.0234375 0.03125
3 0.925 0.840625 0.01875 0.0390625
3 0.746875 0.921875 0.025 0.040625
3 0.778125 0.91875 0.0265625 0.04375
11 0.74375 0.1578125 0.025 0.034375
11 0.809375 0.159375 0.04375 0.0484375
11 0.7375 0.3421875 0.0203125 0.0171875
11 0.7421875 0.309375 0.0328125 0.0390625
11 0.0625 0.6859375 0.0203125 0.046875
11 0.2921875 0.6828125 0.0453125 0.0734375
11 0.365625 0.6765625 0.0296875 0.0546875
11 0.521875 0.684375 0.0234375 0.0515625
11 0.578125 0.68125 0.025 0.0625
11 0.74375 0.684375 0.0328125 0.05
11 0.815625 0.68125 0.040625 0.046875
11 0.0625 0.8625 0.0140625 0.0453125
11 0.1234375 0.86875 0.0203125 0.040625
11 0.29375 0.8453125 0.0296875 0.03125
11 0.3625 0.8421875 0.0296875 0.0546875
11 0.0609375 0.91875 0.0234375 0.0390625
11 0.815625 0.915625 0.0296875 0.0390625
11 0.1265625 0.93125 0.0328125 0.059375
11 0.8109375 0.3203125 0.0421875 0.059375
11 0.8640625 0.321875 0.034375 0.0625
11 0.515625 0.846875 0.0125 0.0453125
11 0.5765625 0.8546875 0.0328125 0.0765625
8 0.746875 0.875 0.01875 0.0234375
11 0.75 0.8453125 0.03125 0.04375
11 0.8203125 0.84375 0.03125 0.0546875
11 0.51875 0.921875 0.0203125 0.0390625
11 0.5765625 0.91875 0.0265625 0.046875
3 0.2921875 0.909375 0.021875 0.0359375
3 0.325 0.90625 0.021875 0.040625
3 0.921875 0.9125 0.028125 0.0375
8 0.075 0.8421875 0.0171875 0.059375