11 0.409375 0.140625 0.04375 0.053125
11 0.484375 0.1375 0.0265625 0.040625
11 0.7328125 0.15 0.028125 0.0328125
8 0.2390625 0.234375 0.0328125 0.0390625
8 0.35 0.2359375 0.0484375 0.05
8 0.4875 0.225 0.0296875 0.040625
8 0.6 0.228125 0.025 0.040625
8 0.73125 0.221875 0.025 0.0484375
8 0.84375 0.2125 0.034375 0.0390625
8 0.2359375 0.3828125 0.0296875 0.046875
8 0.353125 0.3828125 0.0234375 0.053125
8 0.4875 0.3859375 0.025 0.0390625
8 0.7359375 0.3765625 0.01875 0.0421875
8 0.85 0.3734375 0.0171875 0.0390625
8 0.45625 0.640625 0.034375 0.028125
8 0.359375 0.734375 0.0265625 0.0390625
8 0.4515625 0.73125 0.0328125 0.0390625
8 0.565625 0.71875 0.0296875 0.0359375
8 0.65625 0.7234375 0.034375 0.0421875
8 0.76875 0.71875 0.0171875 0.0359375
8 0.865625 0.725 0.0296875 0.04375
8 0.1421875 0.88125 0.0296875 0.0359375
8 0.24375 0.88125 0.0234375 0.0453125
8 0.353125 0.884375 0.015625 0.0546875
8 0.4484375 0.89375 0.0296875 0.05
8 0.559375 0.875 0.0203125 0.0453125
8 0.65 0.896875 0.0515625 0.071875
8 0.771875 0.8828125 0.04375 0.0453125
8 0.8671875 0.878125 0.0421875 0.0390625
3 0.596875 0.1375 0.0328125 0.0421875
3 0.628125 0.1375 0.01875 0.046875
3 0.659375 0.1375 0.015625 0.04375
3 0.6828125 0.1359375 0.01875 0.04375
3 0.84375 0.14375 0.0234375 0.05
3 0.871875 0.1390625 0.0203125 0.0390625
3 0.9046875 0.1421875 0.028125 0.0421875
3 0.9328125 0.1375 0.0359375 0.0515625
14 0.1375 0.14375 0.025 0.0796875
14 0.134375 0.309375 0.034375 0.0625
0 0.128125 0.228125 0.04375 0.0453125
0 0.13125 0.3796875 0.0359375 0.0390625
14 0.0625 0.646875 0.034375 0.0671875
14 0.059375 0.8125 0.034375 0.0546875
0 0.0609375 0.884375 0.0359375 0.040625
0 0.0578125 0.73125 0.040625 0.040625
11 0.14375 0.6515625 0.021875 0.0421875
8 0.1421875 0.7265625 0.028125 0.0453125
8 0.2421875 0.728125 0.0234375 0.0546875
3 0.3125 0.65625 0.025 0.0390625
11 0.4 0.6375 0.034375 0.0421875
4 0.14375 0.8140625 0.025 0.034375
4 0.19375 0.8125 0.01875 0.0265625
4 0.2421875 0.8125 0.0109375 0.0234375
4 0.290625 0.815625 0.021875 0.0234375
4 0.35625 0.81875 0.0234375 0.028125
4 0.40625 0.815625 0.015625 0.0203125
4 0.4515625 0.8171875 0.0234375 0.025
4 0.5 0.8125 0.015625 0.0234375
4 0.5609375 0.815625 0.01875 0.025
4 0.6125 0.815625 0.0171875 0.0234375
4 0.659375 0.81875 0.0203125 0.021875
4 0.709375 0.8140625 0.01875 0.0171875
4 0.7671875 0.815625 0.015625 0.025
4 0.8203125 0.8125 0.021875 0.0234375
4 0.86875 0.815625 0.015625 0.0265625
4 0.9125 0.81875 0.0234375 0.028125
11 0.35625 0.640625 0.015625 0.0328125
3 0.603125 0.64375 0.0390625 0.0390625
3 0.65 0.634375 0.0234375 0.0390625
3 0.68125 0.6375 0.0203125 0.034375
3 0.70625 0.64375 0.0125 0.0375
3 0.73125 0.653125 0.0109375 0.0484375
3 0.76875 0.640625 0.0234375 0.0296875
3 0.815625 0.6359375 0.028125 0.0453125
8 0.8640625 0.64375 0.015625 0.040625
4 0.2328125 0.3140625 0.0265625 0.0328125
4 0.2984375 0.3140625 0.0296875 0.025
4 0.353125 0.309375 0.0234375 0.0296875
4 0.4078125 0.315625 0.015625 0.0390625
4 0.484375 0.309375 0.021875 0.028125
4 0.5421875 0.309375 0.0125 0.0296875
4 0.603125 0.3140625 0.0234375 0.0328125
4 0.6609375 0.315625 0.015625 0.034375
4 0.728125 0.309375 0.01875 0.0296875
4 0.7875 0.309375 0.01875 0.0296875
4 0.84375 0.309375 0.0203125 0.025