0 0.065625 0.015625 0.028125 0.0296875
0 0.065625 0.084375 0.028125 0.0546875
0 0.0640625 0.3375 0.0265625 0.0546875
0 0.065625 0.603125 0.0296875 0.0515625
0 0.065625 0.684375 0.0265625 0.0546875
0 0.065625 0.921875 0.0296875 0.053125
2 0.103125 0.00625 0.0125 0.0125
2 0.0921875 0.0703125 0.0125 0.0234375
2 0.103125 0.08125 0.0109375 0.021875
2 0.090625 0.175 0.0125 0.021875
2 0.103125 0.1859375 0.0140625 0.0203125
2 0.090625 0.253125 0.0125 0.0203125
2 0.103125 0.2625 0.0125 0.0203125
2 0.090625 0.325 0.0125 0.0203125
2 0.103125 0.3359375 0.0125 0.021875
2 0.090625 0.403125 0.0125 0.0234375
2 0.103125 0.4125 0.0125 0.021875
2 0.515625 0.9953125 0.0125 0.009375
2 0.571875 0.978125 0.0125 0.021875
2 0.5171875 0.846875 0.0125 0.0203125
1 0.475 0.0046875 0.0109375 0.009375
1 0.4765625 0.0796875 0.0140625 0.0203125
1 0.475 0.184375 0.0140625 0.0203125
1 0.475 0.2625 0.0125 0.01875
1 0.475 0.334375 0.0125 0.01875
1 0.4765625 0.4125 0.0109375 0.0203125
1 0.090625 0.6 0.0109375 0.0203125
1 0.090625 0.68125 0.015625 0.0203125
1 0.090625 0.75625 0.0125 0.01875
1 0.515625 0.7484375 0.0109375 0.01875
1 0.090625 0.8453125 0.015625 0.01875
1 0.090625 0.915625 0.0125 0.0171875
1 0.090625 0.9953125 0.0140625 0.009375
8 0.509375 0.0046875 0.01875 0.009375
8 0.90625 0.0046875 0.0171875 0.009375
8 0.19375 0.084375 0.021875 0.0296875
8 0.19375 0.175 0.01875 0.03125
8 0.19375 0.328125 0.01875 0.03125
8 0.19375 0.353125 0.0140625 0.015625
8 0.19375 0.40625 0.0203125 0.03125
8 0.359375 0.7640625 0.0203125 0.03125
8 0.53125 0.7640625 0.01875 0.03125
8 0.725 0.765625 0.01875 0.03125
5 0.515625 0.240625 0.0203125 0.009375
5 0.703125 0.253125 0.025 0.009375
5 0.9125 0.2390625 0.021875 0.0109375
5 0.5125 0.325 0.0234375 0.0078125
5 0.5140625 0.33125 0.021875 0.0078125
5 0.5140625 0.3390625 0.025 0.0078125
5 0.703125 0.328125 0.021875 0.0078125
5 0.703125 0.334375 0.021875 0.00625
5 0.703125 0.3421875 0.021875 0.0078125
5 0.9109375 0.325 0.0203125 0.0078125
5 0.9125 0.33125 0.025 0.00625
5 0.9125 0.3375 0.021875 0.0078125
5 0.5140625 0.390625 0.0203125 0.0109375
5 0.703125 0.403125 0.0203125 0.0078125
5 0.9125 0.3890625 0.0203125 0.0078125
5 0.128125 0.8359375 0.021875 0.009375
5 0.128125 0.909375 0.0234375 0.0078125
5 0.128125 0.9171875 0.025 0.00625
5 0.128125 0.925 0.021875 0.0078125
5 0.128125 0.990625 0.021875 0.0078125
3 0.578125 0.0046875 0.01875 0.009375
3 0.609375 0.00625 0.021875 0.0109375
3 0.63671875 0.00625 0.0203125 0.0125
3 0.659375 0.00625 0.021875 0.0125
3 0.6984375 0.0125 0.01875 0.025
3 0.75 0.0125 0.015625 0.0234375
3 0.771875 0.015625 0.025 0.025
3 0.978125 0.0046875 0.0203125 0.009375
3 0.140625 0.084375 0.0171875 0.034375
3 0.1375 0.115625 0.015625 0.025
3 0.1375 0.171875 0.01875 0.0328125
3 0.140625 0.253125 0.021875 0.0328125
3 0.140625 0.325 0.0203125 0.03125
3 0.140625 0.403125 0.0171875 0.0359375
3 0.125 0.6078125 0.0140625 0.034375
3 0.18125 0.609375 0.0203125 0.025
3 0.2046875 0.615625 0.025 0.021875
3 0.28125 0.6875 0.0203125 0.0328125
3 0.3078125 0.684375 0.0234375 0.03125
3 0.53125 0.68125 0.0171875 0.0265625
3 0.5859375 0.6796875 0.021875 0.03125
3 0.6234375 0.6765625 0.0234375 0.0296875
3 0.665625 0.671875 0.0328125 0.0375
3 0.8546875 0.665625 0.01875 0.0453125
3 0.4875 0.85 0.0203125 0.0328125
3 0.671875 0.8359375 0.0265625 0.03125
3 0.85625 0.834375 0.025 0.0328125
3 0.484375 0.996875 0.0203125 0.00625
3 0.671875 0.9875 0.0265625 0.0234375
3 0.85625 0.9875 0.025 0.0234375
3 0.86875 0.0125 0.0203125 0.0234375
13 0.725 0.0125 0.025 0.025
13 0.171875 0.08125 0.0171875 0.03125
13 0.16875 0.115625 0.021875 0.0265625
13 0.19375 0.1171875 0.0171875 0.028125
13 0.2125 0.1140625 0.0203125 0.028125
13 0.23125 0.1109375 0.0171875 0.0296875
13 0.253125 0.1078125 0.025 0.0359375
13 0.278125 0.1 0.01875 0.0328125
13 0.3 0.0953125 0.0171875 0.034375
11 0.809375 0.00625 0.0171875 0.0125
11 0.5453125 0.090625 0.01875 0.0328125
11 0.5796875 0.090625 0.015625 0.0328125
11 0.6375 0.090625 0.0171875 0.0328125
11 0.7515625 0.0859375 0.0171875 0.0296875
11 0.80625 0.0859375 0.01875 0.0296875
11 0.84375 0.0875 0.01875 0.03125
11 0.940625 0.090625 0.0171875 0.0328125
11 0.978125 0.090625 0.0203125 0.03125
11 0.240625 0.596875 0.01875 0.03125
11 0.99609375 0.6 0.0078125 0.028125
11 0.35625 0.68125 0.0171875 0.028125
11 0.725 0.665625 0.0203125 0.0390625
11 0.896875 0.675 0.0171875 0.028125
11 0.28125 0.7609375 0.0171875 0.0296875
11 0.9 0.759375 0.0171875 0.0328125
11 0.9953125 0.7625 0.009375 0.03125
11 0.359375 0.853125 0.015625 0.0296875
11 0.5328125 0.834375 0.0171875 0.0296875
11 0.7265625 0.834375 0.0171875 0.03125
11 0.9 0.8375 0.015625 0.03125
11 0.40625 0.984375 0.0140625 0.0296875
11 0.58671875 0.98671875 0.0140625 0.0265625
11 0.771875 0.9859375 0.0171875 0.028125
11 0.9453125 0.990625 0.015625 0.0171875
11 0.1953125 0.25625 0.0140625 0.03125
13 0.1671875 0.175 0.021875 0.03125
13 0.171875 0.2546875 0.0203125 0.0359375
13 0.1734375 0.3265625 0.0171875 0.03125
13 0.1734375 0.39375 0.015625 0.0296875
13 0.484375 0.6875 0.015625 0.03125
13 0.50625 0.684375 0.0203125 0.0328125
13 0.94375 0.6125 0.0140625 0.03125
13 0.9625 0.609375 0.0171875 0.0328125
13 0.98125 0.60625 0.0203125 0.0328125
13 0.421875 0.921875 0.0234375 0.03125
13 0.440625 0.934375 0.015625 0.03125
13 0.465625 0.925 0.0203125 0.05
13 0.484375 0.9375 0.015625 0.0265625
13 0.50625 0.9359375 0.01875 0.034375
13 0.603125 0.921875 0.025 0.03125
13 0.625 0.9359375 0.01875 0.0296875
13 0.646875 0.928125 0.0203125 0.05
13 0.665625 0.9390625 0.0171875 0.025
13 0.6875 0.934375 0.0203125 0.03125
13 0.790625 0.921875 0.025 0.03125
13 0.809375 0.9359375 0.0171875 0.03125
13 0.83125 0.925 0.01875 0.0484375
13 0.8515625 0.9375 0.0171875 0.025
13 0.875 0.9359375 0.01875 0.0328125
13 0.975 0.921875 0.025 0.03125
13 0.99609375 0.9359375 0.0078125 0.03125
13 0.35625 0.996875 0.0171875 0.00625
13 0.37890625 0.98984375 0.0234375 0.0203125
13 0.55 0.98984375 0.021875 0.0203125
13 0.7453125 0.99296875 0.021875 0.0140625
13 0.91875 0.99375 0.021875 0.0125
4 0.840625 0.00625 0.0125 0.0109375
4 0.321875 0.1125 0.015625 0.0140625
4 0.278125 0.259375 0.015625 0.0140625
4 0.28125 0.6046875 0.0125 0.0140625
4 0.309375 0.603125 0.009375 0.0125
4 0.896875 0.603125 0.015625 0.0125
4 0.35625 0.921875 0.0125 0.0140625
4 0.5296875 0.921875 0.0125 0.015625
4 0.721875 0.921875 0.0125 0.0125
4 0.8984375 0.921875 0.0125 0.0140625
12 0.3625 0.06875 0.0125 0.0203125
12 0.3625 0.096875 0.015625 0.021875
12 0.509375 0.06875 0.015625 0.0203125
12 0.7 0.06875 0.0140625 0.021875
12 0.90625 0.06875 0.0125 0.0203125
12 0.3625 0.1796875 0.015625 0.0203125
12 0.509375 0.1796875 0.015625 0.021875
12 0.54375 0.18125 0.015625 0.0234375
13 0.3234375 0.253125 0.01875 0.03125
13 0.34375 0.25 0.015625 0.03125
13 0.3625 0.265625 0.015625 0.0234375
13 0.3828125 0.2625 0.0171875 0.0265625
13 0.403125 0.25625 0.0203125 0.0328125
13 0.425 0.253125 0.01875 0.0328125
12 0.3625 0.3375 0.015625 0.021875
12 0.3609375 0.3953125 0.0125 0.0203125
12 0.7234375 0.6046875 0.0140625 0.0203125
12 0.8078125 0.603125 0.015625 0.0203125
11 0.99921875 0.6 0.0015625 0.028125
13 0.99921875 0.9359375 0.0015625 0.03125