5 0.071875 0.171875 0.03125 0.0421875
5 0.0625 0.28125 0.034375 0.0375
5 0.06875 0.3796875 0.0265625 0.03125
5 0.065625 0.4875 0.0390625 0.025
5 0.071875 0.578125 0.034375 0.028125
14 0.028125 0.0546875 0.0421875 0.059375
14 0.028125 0.159375 0.03125 0.059375
14 0.028125 0.259375 0.03125 0.06875
14 0.028125 0.6640625 0.03125 0.065625
11 0.378125 0.25 0.021875 0.0359375
11 0.5734375 0.2671875 0.04375 0.0359375
11 0.296875 0.6875 0.0234375 0.0453125
3 0.1765625 0.671875 0.01875 0.05
3 0.1546875 0.665625 0.021875 0.04375
3 0.109375 0.66875 0.021875 0.0546875
11 0.06875 0.665625 0.0265625 0.0453125
5 0.671875 0.271875 0.0484375 0.0203125
3 0.259375 0.278125 0.0359375 0.059375
4 0.29375 0.2625 0.01875 0.0421875
1 0.1328125 0.6734375 0.0234375 0.034375