14 0.134375 0.1421875 0.034375 0.05625
14 0.065625 0.4546875 0.040625 0.0625
14 0.06875 0.7703125 0.0375 0.0640625
0 0.1390625 0.315625 0.034375 0.04375
0 0.0671875 0.625 0.04375 0.046875
0 0.0671875 0.9375 0.04375 0.0421875
4 0.20625 0.1390625 0.025 0.021875
4 0.1171875 0.4546875 0.0234375 0.028125
3 0.2609375 0.14375 0.0234375 0.0625
3 0.3125 0.146875 0.0390625 0.059375
3 0.365625 0.15 0.03125 0.05625
3 0.4171875 0.146875 0.0265625 0.0734375
3 0.615625 0.15 0.03125 0.0625
3 0.6640625 0.146875 0.04375 0.0875
3 0.715625 0.14375 0.0390625 0.0578125
3 0.76875 0.1484375 0.0265625 0.0640625
3 0.171875 0.459375 0.021875 0.0578125
3 0.228125 0.45625 0.0234375 0.0546875
3 0.2796875 0.459375 0.021875 0.0625
3 0.5390625 0.459375 0.0265625 0.065625
3 0.5921875 0.459375 0.025 0.0703125
3 0.646875 0.4546875 0.025 0.05625
3 0.696875 0.45625 0.03125 0.0546875
4 0.1171875 0.771875 0.01875 0.0296875
3 0.1671875 0.76875 0.025 0.065625
3 0.2140625 0.7671875 0.0296875 0.05625
3 0.259375 0.7734375 0.028125 0.0609375
11 0.30625 0.771875 0.0234375 0.0546875
3 0.4125 0.775 0.025 0.053125
3 0.478125 0.76875 0.028125 0.071875
3 0.528125 0.771875 0.0234375 0.0625
3 0.578125 0.775 0.0265625 0.053125
3 0.6203125 0.7734375 0.0265625 0.0609375
3 0.3375 0.4625 0.025 0.0640625
11 0.471875 0.1453125 0.0234375 0.0640625
11 0.6125 0.3125 0.0234375 0.0546875
11 0.71875 0.30625 0.0296875 0.0625
11 0.390625 0.4578125 0.0171875 0.0609375
11 0.7578125 0.6390625 0.0296875 0.0765625
11 0.853125 0.6265625 0.025 0.0625
8 0.8203125 0.146875 0.0234375 0.0578125
8 0.8203125 0.3109375 0.0328125 0.0546875
8 0.7578125 0.4578125 0.0265625 0.0578125
8 0.828125 0.7765625 0.021875 0.0609375
8 0.115625 0.934375 0.021875 0.040625
5 0.2125 0.3265625 0.028125 0.03125
5 0.1203125 0.6390625 0.0234375 0.0203125
8 0.259375 0.3046875 0.025 0.0265625
8 0.390625 0.6203125 0.025 0.04375
8 0.671875 0.778125 0.0265625 0.0453125