14 0.05625 0.946875 0.025 0.059375
14 0.0546875 0.7859375 0.028125 0.05625
14 0.0546875 0.61875 0.021875 0.0546875
14 0.053125 0.45625 0.0296875 0.040625
14 0.053125 0.28125 0.028125 0.0515625
14 0.053125 0.11875 0.0203125 0.0515625
1 0.08125 0.946875 0.015625 0.021875
1 0.0859375 0.9609375 0.0109375 0.021875
1 0.096875 0.946875 0.0140625 0.03125
1 0.08125 0.875 0.0140625 0.021875
0 0.053125 0.89375 0.015625 0.028125
1 0.0859375 0.8921875 0.0109375 0.021875
1 0.096875 0.878125 0.0140625 0.015625
11 0.16875 0.890625 0.015625 0.0328125
1 0.203125 0.9375 0.0140625 0.0234375
3 0.2203125 0.978125 0.01875 0.0328125
3 0.240625 0.975 0.0109375 0.0328125
1 0.25625 0.9640625 0.0140625 0.025
3 0.265625 0.971875 0.015625 0.0328125
3 0.29375 0.971875 0.0140625 0.0328125
11 0.325 0.8953125 0.0140625 0.0265625
3 0.325 0.9296875 0.015625 0.0265625
13 0.325 0.971875 0.015625 0.028125
1 0.340625 0.965625 0.0140625 0.01875
3 0.375 0.94375 0.0203125 0.0375
13 0.353125 0.9703125 0.0109375 0.0328125
13 0.3765625 0.978125 0.0125 0.0328125
1 0.39375 0.96875 0.0140625 0.0140625
3 0.540625 0.94375 0.0109375 0.021875
8 0.56875 0.903125 0.03125 0.0296875
3 0.571875 0.9421875 0.0109375 0.0296875
3 0.59375 0.9359375 0.01875 0.028125
3 0.61875 0.94375 0.015625 0.0328125
3 0.640625 0.9375 0.0140625 0.0328125
3 0.646875 0.9609375 0.0203125 0.034375
8 0.6734375 0.903125 0.0359375 0.0328125
1 0.65625 0.946875 0.0125 0.0234375
3 0.671875 0.9390625 0.015625 0.0375
3 0.6875 0.9375 0.0140625 0.0265625
1 0.7046875 0.94375 0.0109375 0.0203125
3 0.71875 0.9375 0.0125 0.015625
3 0.746875 0.934375 0.0125 0.025
3 0.775 0.8953125 0.0203125 0.0328125
1 0.771875 0.94375 0.0125 0.0265625
3 0.85625 0.89375 0.021875 0.0375
3 0.878125 0.890625 0.015625 0.034375
3 0.9015625 0.8953125 0.01875 0.0375
3 0.903125 0.8796875 0.0046875 0.003125
3 0.9234375 0.89375 0.0140625 0.028125
1 0.9375 0.896875 0.0078125 0.01875
1 0.078125 0.7875 0.0125 0.0265625
1 0.0875 0.7921875 0.009375 0.0203125
1 0.096875 0.78125 0.009375 0.021875
8 0.528125 0.7359375 0.028125 0.0421875
8 0.528125 0.7765625 0.021875 0.0234375
3 0.528125 0.809375 0.0296875 0.0328125
3 0.5625 0.803125 0.0125 0.0359375
13 0.5875 0.8 0.015625 0.046875
1 0.603125 0.79375 0.015625 0.028125
3 0.715625 0.734375 0.0234375 0.0359375
1 0.70625 0.778125 0.0171875 0.01875
0 0.053125 0.7265625 0.0171875 0.0375
1 0.078125 0.715625 0.0125 0.0140625
1 0.0953125 0.715625 0.015625 0.015625
1 0.0859375 0.73125 0.0109375 0.0171875
3 0.121875 0.7203125 0.0234375 0.0359375
1 0.1515625 0.7328125 0.0140625 0.0234375
1 0.078125 0.609375 0.0109375 0.025
1 0.0859375 0.6296875 0.0109375 0.0203125
1 0.096875 0.6125 0.015625 0.0234375
1 0.11875 0.625 0.015625 0.025
3 0.1328125 0.553125 0.0140625 0.03125
3 0.153125 0.559375 0.0109375 0.034375
3 0.175 0.559375 0.0171875 0.0578125
11 0.1828125 0.628125 0.0109375 0.028125
1 0.2078125 0.634375 0.0109375 0.0234375
3 0.3203125 0.553125 0.0125 0.0453125
3 0.3703125 0.546875 0.0171875 0.040625
3 0.3921875 0.559375 0.0078125 0.0359375
3 0.4203125 0.5625 0.009375 0.0359375
3 0.45 0.5640625 0.0171875 0.0390625
8 0.371875 0.609375 0.0109375 0.01875
11 0.4203125 0.6203125 0.0140625 0.0328125
1 0.4484375 0.615625 0.0125 0.01875
3 0.515625 0.55625 0.0078125 0.0375
11 0.575 0.60625 0.0140625 0.01875
3 0.540625 0.553125 0.0125 0.034375
11 0.628125 0.596875 0.009375 0.0359375
1 0.659375 0.609375 0.015625 0.01875
3 0.6515625 0.6359375 0.0125 0.03125
11 0.671875 0.60625 0.0078125 0.0203125
3 0.6765625 0.634375 0.015625 0.028125
3 0.69375 0.6328125 0.0125 0.03125
11 0.715625 0.565625 0.021875 0.0265625
11 0.715625 0.603125 0.01875 0.0203125
3 0.71875 0.628125 0.0125 0.0234375
1 0.73125 0.61875 0.00625 0.01875
1 0.7703125 0.6046875 0.009375 0.03125
1 0.078125 0.5515625 0.009375 0.015625
1 0.0875 0.565625 0.0109375 0.015625
1 0.096875 0.546875 0.0125 0.0234375
1 0.38125 0.5671875 0.0140625 0.0203125
3 0.465625 0.559375 0.0203125 0.0375
3 0.4859375 0.559375 0.0078125 0.040625
1 0.5609375 0.5625 0.009375 0.0203125
3 0.85625 0.5625 0.0109375 0.0421875
3 0.88125 0.55625 0.0140625 0.0328125
3 0.9 0.5578125 0.00625 0.0359375
3 0.91875 0.55625 0.0171875 0.0453125
1 0.9375 0.546875 0.009375 0.015625
13 0.240625 0.4375 0.015625 0.0203125
13 0.1875 0.4734375 0.0171875 0.0359375
13 0.20625 0.475 0.0125 0.03125
13 0.221875 0.475 0.0078125 0.0265625
11 0.240625 0.471875 0.015625 0.03125
13 0.265625 0.434375 0.0140625 0.0421875
13 0.2828125 0.4390625 0.015625 0.04375
13 0.3 0.440625 0.0109375 0.0296875
1 0.303125 0.46875 0.009375 0.0171875
11 0.48125 0.465625 0.0125 0.0328125
1 0.5109375 0.45625 0.015625 0.021875
1 0.0796875 0.4484375 0.0140625 0.01875
1 0.096875 0.4453125 0.0203125 0.0234375
1 0.0859375 0.4625 0.0125 0.0203125
1 0.078125 0.3875 0.0140625 0.015625
1 0.0859375 0.3984375 0.0125 0.01875
1 0.096875 0.384375 0.0125 0.0234375
3 0.34375 0.384375 0.0125 0.03125
3 0.3796875 0.3765625 0.0125 0.0546875
3 0.4 0.3875 0.0125 0.0359375
1 0.415625 0.384375 0.009375 0.015625
1 0.078125 0.28125 0.0109375 0.025
1 0.0859375 0.296875 0.0140625 0.0203125
1 0.0953125 0.2828125 0.0140625 0.0296875
1 0.078125 0.2234375 0.0109375 0.021875
1 0.0875 0.2328125 0.009375 0.0234375
1 0.096875 0.21875 0.0109375 0.03125
1 0.08125 0.1171875 0.0171875 0.0171875
1 0.0859375 0.1328125 0.01875 0.0203125
1 0.09375 0.11875 0.0140625 0.025
1 0.0796875 0.053125 0.0125 0.0171875
1 0.0953125 0.053125 0.0109375 0.0171875
1 0.0890625 0.0625 0.0078125 0.0171875
11 0.615625 0.05625 0.025 0.03125
3 0.66875 0.05 0.01875 0.03125
3 0.6875 0.0578125 0.0140625 0.0359375
11 0.70625 0.046875 0.0234375 0.03125
1 0.7609375 0.05 0.0125 0.0234375
3 0.3203125 0.034375 0.009375 0.0390625
3 0.346875 0.040625 0.0109375 0.0484375
3 0.36875 0.0375 0.015625 0.0453125
3 0.403125 0.0390625 0.0171875 0.0484375
1 0.428125 0.0515625 0.009375 0.025
3 0.421875 0.94375 0.015625 0.0296875
3 0.4421875 0.946875 0.0140625 0.03125
3 0.4671875 0.95 0.015625 0.028125
13 0.4078125 0.975 0.0078125 0.03125
11 0.428125 0.96875 0.0109375 0.0203125
3 0.4734375 0.971875 0.0140625 0.025
8 0.465625 0.8953125 0.021875 0.046875
3 0.4875 0.94375 0.0140625 0.028125
3 0.490625 0.9703125 0.009375 0.0359375
3 0.515625 0.9375 0.0078125 0.0328125
3 0.51875 0.9703125 0.0078125 0.028125
3 0.8078125 0.896875 0.0140625 0.0296875
11 0.784375 0.940625 0.0109375 0.03125
3 0.8328125 0.896875 0.01875 0.0328125
3 0.83125 0.9375 0.0125 0.0296875
3 0.203125 0.56875 0.0125 0.028125
3 0.221875 0.559375 0.01875 0.04375
3 0.225 0.6375 0.0125 0.04375
3 0.25 0.6375 0.0125 0.028125
3 0.275 0.559375 0.015625 0.040625
13 0.3046875 0.640625 0.0109375 0.0296875
13 0.31875 0.6421875 0.0109375 0.034375
13 0.334375 0.6421875 0.0140625 0.0328125
3 0.784375 0.5625 0.0140625 0.0359375
3 0.8125 0.559375 0.0140625 0.040625
11 0.7875 0.603125 0.0125 0.0203125
3 0.83125 0.553125 0.0109375 0.040625
3 0.834375 0.596875 0.0078125 0.028125
3 0.8515625 0.5984375 0.0125 0.0359375
13 0.615625 0.80625 0.0203125 0.0421875
8 0.3984375 0.7734375 0.028125 0.028125
3 0.40625 0.8 0.0125 0.046875
3 0.43125 0.80625 0.0203125 0.03125
3 0.78125 0.73125 0.0203125 0.0578125
3 0.8125 0.7265625 0.0296875 0.0859375
3 0.846875 0.725 0.0265625 0.0703125
3 0.846875 0.8 0.0203125 0.034375
3 0.165625 0.728125 0.0125 0.040625
3 0.2 0.7234375 0.0125 0.0359375
3 0.753125 0.7359375 0.0125 0.0421875
11 0.13125 0.459375 0.0140625 0.0296875
11 0.525 0.446875 0.0140625 0.025
11 0.79375 0.378125 0.0203125 0.0390625
11 0.8 0.425 0.015625 0.021875
11 0.834375 0.3796875 0.034375 0.040625
3 0.8328125 0.425 0.0125 0.0296875
3 0.428125 0.384375 0.0140625 0.0359375
3 0.703125 0.2953125 0.0140625 0.0390625
3 0.74375 0.29375 0.0203125 0.0375
3 0.76875 0.284375 0.0203125 0.0328125
11 0.80625 0.284375 0.0171875 0.028125
11 0.8046875 0.2359375 0.0125 0.03125
1 0.8328125 0.2796875 0.0140625 0.0296875
11 0.575 0.1984375 0.015625 0.0203125
3 0.578125 0.2265625 0.0125 0.034375
3 0.603125 0.225 0.009375 0.0390625
3 0.634375 0.1375 0.0203125 0.040625
11 0.628125 0.203125 0.021875 0.0234375
11 0.6296875 0.221875 0.01875 0.028125
3 0.6625 0.13125 0.01875 0.0359375
3 0.68125 0.134375 0.015625 0.0421875
11 0.703125 0.096875 0.015625 0.021875
3 0.703125 0.13125 0.025 0.0421875
3 0.73125 0.1234375 0.01875 0.0359375
11 0.70625 0.2203125 0.015625 0.05
3 0.7390625 0.2 0.0125 0.025
3 0.765625 0.2046875 0.0125 0.0359375
11 0.771875 0.096875 0.015625 0.0125
3 0.775 0.121875 0.0125 0.040625
3 0.803125 0.128125 0.0140625 0.0359375
3 0.8078125 0.196875 0.028125 0.053125
3 0.8234375 0.2 0.0125 0.0328125
3 0.85 0.134375 0.009375 0.025
8 0.7765625 0.0359375 0.0171875 0.0390625
11 0.828125 0.05625 0.015625 0.025
3 0.8796875 0.05625 0.0171875 0.0421875
3 0.875 0.13125 0.0140625 0.0359375
3 0.86875 0.2 0.009375 0.0359375
3 0.890625 0.2109375 0.0125 0.0234375
3 0.9 0.0625 0.0234375 0.0359375
3 0.89375 0.128125 0.0140625 0.0359375
3 0.9125 0.20625 0.0109375 0.0296875
3 0.9265625 0.128125 0.015625 0.0296875
3 0.9296875 0.20625 0.00625 0.0296875
3 0.95 0.20625 0.015625 0.0421875
3 0.1703125 0.05625 0.009375 0.028125
3 0.1953125 0.0578125 0.0171875 0.0390625
3 0.13125 0.9625 0.0125 0.046875
3 0.153125 0.971875 0.0140625 0.025
3 0.175 0.975 0.0140625 0.0265625
3 0.19375 0.978125 0.0140625 0.028125
3 0.54375 0.9734375 0.015625 0.03125
3 0.575 0.9703125 0.015625 0.034375
3 0.59375 0.96875 0.0171875 0.0265625
3 0.61875 0.96875 0.009375 0.0265625
3 0.671875 0.96875 0.01875 0.03125
3 0.69375 0.965625 0.009375 0.0328125
3 0.721875 0.965625 0.0171875 0.0375
3 0.746875 0.96875 0.0125 0.034375
3 0.859375 0.94375 0.0140625 0.025
11 0.88125 0.934375 0.0078125 0.028125
3 0.88125 0.9640625 0.0203125 0.028125
3 0.903125 0.9640625 0.0125 0.0390625
3 0.925 0.959375 0.0171875 0.0296875
3 0.9546875 0.953125 0.015625 0.0421875
3 0.953125 0.89375 0.0109375 0.03125
3 0.1265625 0.7859375 0.0171875 0.03125
3 0.1671875 0.7921875 0.0234375 0.0390625
3 0.2640625 0.725 0.021875 0.0484375
3 0.2640625 0.7875 0.0171875 0.0359375
3 0.303125 0.8 0.009375 0.025
3 0.471875 0.80625 0.009375 0.028125
3 0.496875 0.80625 0.0203125 0.03125
3 0.234375 0.73125 0.009375 0.0234375
3 0.24375 0.5640625 0.0203125 0.025
1 0.259375 0.571875 0.0109375 0.0203125
13 0.646875 0.8078125 0.0109375 0.0390625
3 0.66875 0.8078125 0.0125 0.0359375
3 0.8828125 0.8046875 0.0125 0.0234375
3 0.29375 0.721875 0.0265625 0.034375
3 0.328125 0.71875 0.025 0.034375
3 0.359375 0.715625 0.0140625 0.04375
3 0.88125 0.725 0.0203125 0.03125
3 0.9125 0.721875 0.0171875 0.0515625
3 0.94375 0.725 0.0265625 0.0453125
8 0.46875 0.60625 0.015625 0.025
3 0.471875 0.6265625 0.0171875 0.04375
3 0.49375 0.63125 0.0125 0.04375
11 0.515625 0.6375 0.015625 0.028125
3 0.578125 0.640625 0.0140625 0.0328125
3 0.603125 0.634375 0.0125 0.0296875
3 0.628125 0.6328125 0.0109375 0.0390625
3 0.746875 0.63125 0.015625 0.03125
3 0.953125 0.553125 0.0109375 0.034375
11 0.5875 0.4375 0.009375 0.0203125
3 0.590625 0.4703125 0.0140625 0.0375
3 0.6140625 0.4703125 0.0140625 0.0375
11 0.628125 0.440625 0.021875 0.0203125
3 0.634375 0.4734375 0.009375 0.034375
3 0.65625 0.475 0.0140625 0.0546875
3 0.6734375 0.4328125 0.0109375 0.028125
11 0.7125 0.384375 0.03125 0.04375
3 0.696875 0.43125 0.015625 0.028125
3 0.71875 0.434375 0.0203125 0.0359375
3 0.75 0.434375 0.0171875 0.0265625
13 0.75 0.4828125 0.01875 0.0375
13 0.771875 0.4796875 0.015625 0.0328125
11 0.8 0.46875 0.01875 0.03125
3 0.8375 0.4734375 0.0125 0.03125
3 0.8625 0.43125 0.015625 0.034375
3 0.859375 0.475 0.0140625 0.0359375
3 0.884375 0.478125 0.0125 0.0390625
3 0.9078125 0.471875 0.01875 0.0375
3 0.928125 0.471875 0.015625 0.0375
3 0.9546875 0.465625 0.0125 0.046875
3 0.125 0.3765625 0.0109375 0.0390625
3 0.1453125 0.3734375 0.009375 0.040625
3 0.1734375 0.36875 0.0171875 0.0390625
3 0.20625 0.36875 0.0125 0.0390625
3 0.2421875 0.378125 0.01875 0.0328125
3 0.284375 0.38125 0.021875 0.0421875
3 0.3203125 0.378125 0.0171875 0.040625
3 0.45625 0.3875 0.00625 0.034375
3 0.478125 0.38125 0.0125 0.03125
3 0.503125 0.3796875 0.0171875 0.0421875
3 0.525 0.375 0.0140625 0.0359375
3 0.5484375 0.375 0.0109375 0.04375
11 0.8875 0.371875 0.034375 0.0390625
3 0.925 0.38125 0.0171875 0.0328125
3 0.95625 0.375 0.021875 0.034375
11 0.125 0.265625 0.0203125 0.0265625
3 0.1296875 0.2984375 0.01875 0.0390625
3 0.146875 0.303125 0.0171875 0.0359375
11 0.159375 0.271875 0.0203125 0.0234375
3 0.165625 0.303125 0.0140625 0.03125
3 0.184375 0.30625 0.0171875 0.0375
3 0.2 0.2625 0.0171875 0.0375
3 0.20625 0.303125 0.015625 0.03125
3 0.221875 0.2625 0.015625 0.0328125
3 0.228125 0.3046875 0.0171875 0.046875
3 0.2390625 0.26875 0.0125 0.040625
3 0.259375 0.265625 0.015625 0.034375
11 0.240625 0.2125 0.0171875 0.0265625
11 0.2890625 0.25625 0.0140625 0.028125
11 0.3125 0.215625 0.015625 0.0375
3 0.3140625 0.2546875 0.0171875 0.0359375
11 0.290625 0.30625 0.015625 0.0265625
3 0.31875 0.30625 0.0171875 0.03125
3 0.3375 0.259375 0.015625 0.0359375
3 0.34375 0.3 0.015625 0.03125
3 0.3609375 0.303125 0.0171875 0.028125
3 0.38125 0.3015625 0.009375 0.0421875
3 0.396875 0.303125 0.0125 0.0421875
3 0.415625 0.3 0.015625 0.0375
8 0.446875 0.2125 0.009375 0.0375
11 0.446875 0.259375 0.0171875 0.021875
3 0.471875 0.2609375 0.0125 0.03125
11 0.446875 0.290625 0.0171875 0.04375
3 0.4796875 0.2953125 0.028125 0.040625
3 0.4875 0.2625 0.0125 0.0359375
3 0.496875 0.2984375 0.0125 0.03125
11 0.6296875 0.296875 0.0234375 0.0265625
3 0.659375 0.290625 0.0125 0.0359375
3 0.684375 0.296875 0.0125 0.0375
3 0.721875 0.3 0.0140625 0.0375
3 0.5125 0.2625 0.0140625 0.0265625
3 0.5375 0.25625 0.0125 0.034375
3 0.6640625 0.228125 0.009375 0.0328125
3 0.68125 0.228125 0.0125 0.0296875
3 0.8265625 0.1265625 0.0109375 0.0234375
3 0.846875 0.196875 0.0125 0.028125
8 0.2125 0.03125 0.0171875 0.0203125
3 0.21875 0.0625 0.01875 0.028125
3 0.240625 0.0609375 0.0125 0.0375
3 0.2828125 0.115625 0.021875 0.0328125
3 0.440625 0.090625 0.0171875 0.0296875
3 0.4609375 0.09375 0.0125 0.0390625
13 0.3875 0.1234375 0.0140625 0.040625
13 0.403125 0.121875 0.0109375 0.04375
13 0.4203125 0.11875 0.0125 0.0453125
11 0.440625 0.1203125 0.0171875 0.028125
1 0.4828125 0.1125 0.0140625 0.025
3 0.496875 0.0921875 0.0140625 0.028125
3 0.521875 0.0875 0.015625 0.0421875
11 0.55625 0.096875 0.025 0.0234375
3 0.56875 0.128125 0.015625 0.04375
3 0.5875 0.13125 0.0171875 0.0359375
3 0.609375 0.1296875 0.025 0.028125
3 0.9515625 0.115625 0.0140625 0.0328125
11 0.13125 0.890625 0.0203125 0.0328125
11 0.21875 0.8984375 0.0203125 0.0234375
11 0.428125 0.89375 0.0171875 0.034375
11 0.196875 0.8 0.0171875 0.03125
11 0.33125 0.8046875 0.0140625 0.03125
11 0.721875 0.7875 0.0203125 0.021875
11 0.784375 0.8125 0.0265625 0.034375
11 0.9125 0.775 0.0234375 0.0234375
11 0.9125 0.80625 0.028125 0.034375
11 0.4015625 0.71875 0.0171875 0.0265625
11 0.46875 0.7234375 0.021875 0.0359375
11 0.1296875 0.640625 0.0109375 0.0265625
11 0.371875 0.634375 0.0109375 0.0296875
11 0.8796875 0.60625 0.0140625 0.0265625
11 0.928125 0.6046875 0.0234375 0.034375
11 0.578125 0.55 0.0125 0.0359375
11 0.31875 0.440625 0.009375 0.021875
11 0.321875 0.46875 0.015625 0.028125
11 0.3765625 0.4359375 0.021875 0.021875
11 0.378125 0.46875 0.0265625 0.025
11 0.428125 0.4765625 0.015625 0.0359375
11 0.525 0.475 0.015625 0.0203125
11 0.6765625 0.459375 0.0125 0.025
11 0.24375 0.309375 0.0140625 0.0265625
13 0.5296875 0.3078125 0.0125 0.0421875
13 0.546875 0.3046875 0.0109375 0.0265625
13 0.559375 0.30625 0.015625 0.0359375
11 0.58125 0.3 0.01875 0.040625
11 0.8484375 0.290625 0.015625 0.0328125
11 0.884375 0.284375 0.028125 0.03125
11 0.925 0.284375 0.0203125 0.053125
11 0.290625 0.2078125 0.015625 0.0296875
11 0.3546875 0.203125 0.0140625 0.0359375
3 0.396875 0.20625 0.025 0.04375
3 0.421875 0.20625 0.015625 0.0328125
11 0.85 0.2375 0.015625 0.0296875
11 0.8890625 0.234375 0.0140625 0.0296875
11 0.934375 0.234375 0.0171875 0.028125
11 0.215625 0.1171875 0.0125 0.028125
11 0.31875 0.10625 0.0234375 0.034375
11 0.496875 0.11875 0.01875 0.025
11 0.9265625 0.0625 0.0125 0.03125
11 0.2625 0.0578125 0.0140625 0.0375
8 0.884375 0.428125 0.0171875 0.028125
8 0.5875 0.384375 0.0125 0.0359375
8 0.128125 0.2171875 0.0125 0.03125
8 0.128125 0.1125 0.015625 0.04375
13 0.275 0.6453125 0.0171875 0.0203125
13 0.715625 0.48125 0.0296875 0.0328125
13 0.7390625 0.48125 0.0109375 0.0421875
13 0.1703125 0.478125 0.015625 0.040625
13 0.515625 0.315625 0.015625 0.05
13 0.36875 0.1265625 0.01875 0.0390625