0 0.040625 0.0125 0.040625 0.025
1 0.075 0.06875 0.0234375 0.0296875
11 0.80546875 0.009375 0.0234375 0.01875
11 0.4515625 0.01875 0.0234375 0.021875
11 0.328125 0.0171875 0.0234375 0.025
11 0.15625 0.003125 0.0296875 0.00625
11 0.5078125 0.025 0.0265625 0.0265625
11 0.721875 0.03125 0.0234375 0.0234375
11 0.5890625 0.025 0.01875 0.028125
11 0.63125 0.01875 0.0234375 0.0265625
0 0.0390625 0.2015625 0.040625 0.0671875
1 0.0703125 0.1984375 0.0203125 0.0265625
1 0.0703125 0.278125 0.0171875 0.021875
11 0.1078125 0.203125 0.0203125 0.0296875
11 0.1078125 0.23125 0.0203125 0.0234375
11 0.175 0.190625 0.0171875 0.0265625
11 0.175 0.2375 0.0171875 0.0203125
11 0.309375 0.2046875 0.01875 0.0296875
11 0.309375 0.234375 0.0203125 0.0234375
11 0.240625 0.2125 0.0203125 0.03125
11 0.2421875 0.240625 0.0203125 0.0234375
11 0.390625 0.190625 0.0203125 0.028125
11 0.390625 0.2375 0.01875 0.0265625
12 0.4546875 0.190625 0.01875 0.0328125
12 0.521875 0.190625 0.01875 0.028125
12 0.5859375 0.209375 0.01875 0.0265625
12 0.4546875 0.28125 0.0203125 0.03125
12 0.51875 0.278125 0.0203125 0.028125
12 0.584375 0.278125 0.01875 0.0328125
11 0.4578125 0.234375 0.0265625 0.0328125
11 0.525 0.240625 0.0234375 0.028125
11 0.5875 0.234375 0.0234375 0.0265625
11 0.66875 0.240625 0.01875 0.0265625
11 0.76875 0.246875 0.0234375 0.03125
3 0.665625 0.209375 0.03125 0.0296875
3 0.703125 0.20625 0.0203125 0.0296875
3 0.7375 0.20625 0.0203125 0.0296875
3 0.7703125 0.203125 0.0234375 0.034375
3 0.80625 0.203125 0.0203125 0.0328125
3 0.8375 0.203125 0.021875 0.034375
3 0.871875 0.203125 0.0234375 0.0359375
3 0.903125 0.203125 0.0203125 0.034375
3 0.934375 0.203125 0.0234375 0.0328125
3 0.971875 0.203125 0.0203125 0.034375
3 0.996875 0.203125 0.00625 0.0328125
11 0.98125 0.015625 0.0171875 0.028125
3 0.9578125 0.015625 0.01875 0.0265625
3 0.9 0.015625 0.0171875 0.0296875
11 0.68125 0.00625 0.025 0.0125
11 0.68125 0.025 0.0234375 0.0234375
11 0.409375 0.00625 0.025 0.0125
11 0.409375 0.025 0.0234375 0.021875
3 0.25 0.015625 0.01875 0.0265625
3 0.190625 0.0171875 0.0171875 0.028125
11 0.215625 0.015625 0.01875 0.025