14 0.98359375 0.95546875 0.0328125 0.0671875
14 0.984375 0.85 0.0234375 0.0640625
14 0.98359375 0.74921875 0.0328125 0.0765625
14 0.9875 0.54375 0.0234375 0.0734375
14 0.984375 0.43125 0.03125 0.05625
0 0.9875 0.659375 0.0234375 0.0515625
0 0.98125 0.31875 0.0375 0.0640625
0 0.98125 0.215625 0.0359375 0.0359375
0 0.9859375 0.015625 0.028125 0.0296875
14 0.98359375 0.09921875 0.0328125 0.0578125
8 0.9421875 0.9625 0.03125 0.0515625
11 0.765625 0.946875 0.034375 0.0421875
8 0.6875 0.9484375 0.03125 0.0390625
3 0.58125 0.96875 0.0140625 0.0453125
11 0.4984375 0.959375 0.0234375 0.05625
8 0.440625 0.959375 0.03125 0.0671875
11 0.14375 0.959375 0.025 0.05
5 0.08125 0.946875 0.0359375 0.0375
8 0.446875 0.7421875 0.0375 0.084375
3 0.16875 0.103125 0.01875 0.04375
3 0.140625 0.1 0.0125 0.0296875
3 0.121875 0.09375 0.0078125 0.04375
8 0.084375 0.1015625 0.0203125 0.0515625
3 0.60625 0.96875 0.0296875 0.053125
11 0.55625 0.959375 0.03125 0.0390625
11 0.35625 0.959375 0.0296875 0.06875
11 0.29375 0.95625 0.03125 0.0296875
11 0.2515625 0.95625 0.0328125 0.04375
11 0.20625 0.9421875 0.03125 0.065625
13 0.94375 0.740625 0.0203125 0.040625
13 0.921875 0.74375 0.0265625 0.0421875
13 0.8921875 0.728125 0.0109375 0.05
13 0.8703125 0.753125 0.0125 0.0390625
3 0.8515625 0.740625 0.00625 0.0421875
3 0.8390625 0.734375 0.009375 0.0515625
13 0.821875 0.728125 0.0234375 0.03125
3 0.7953125 0.7359375 0.021875 0.04375
3 0.8046875 0.7359375 0.009375 0.04375
11 0.765625 0.7421875 0.025 0.0328125
11 0.703125 0.753125 0.025 0.0359375
11 0.659375 0.746875 0.025 0.0390625
3 0.5890625 0.7515625 0.021875 0.040625
11 0.5625 0.740625 0.028125 0.0578125
11 0.496875 0.753125 0.0171875 0.046875
3 0.4 0.6671875 0.0203125 0.0453125
11 0.353125 0.7375 0.0328125 0.0453125
11 0.2984375 0.746875 0.0140625 0.0515625
3 0.225 0.7546875 0.0203125 0.05
13 0.1953125 0.74375 0.015625 0.034375
3 0.18125 0.740625 0.0140625 0.0515625
3 0.165625 0.746875 0.0078125 0.053125
11 0.1375 0.7421875 0.0296875 0.04375
11 0.940625 0.6609375 0.025 0.0421875
11 0.871875 0.6484375 0.0203125 0.0484375
3 0.821875 0.646875 0.015625 0.0390625
3 0.7890625 0.6515625 0.0140625 0.0265625
11 0.765625 0.653125 0.0265625 0.0546875
11 0.703125 0.65625 0.0359375 0.0453125
11 0.6625 0.653125 0.021875 0.0625
11 0.559375 0.6484375 0.0234375 0.0578125
3 0.5875 0.6625 0.0125 0.034375
11 0.5 0.653125 0.021875 0.0390625
11 0.45625 0.659375 0.025 0.05
11 0.353125 0.6484375 0.0171875 0.0515625
11 0.296875 0.646875 0.01875 0.0484375
11 0.246875 0.65625 0.0328125 0.0453125
3 0.196875 0.665625 0.0234375 0.05
3 0.1703125 0.6609375 0.0203125 0.0453125
11 0.1375 0.6484375 0.0171875 0.0484375
11 0.0890625 0.6546875 0.01875 0.0453125
11 0.046875 0.659375 0.0328125 0.0390625
11 0.0140625 0.653125 0.028125 0.0359375
6 0.84375 0.8546875 0.0375 0.0328125
6 0.615625 0.859375 0.0375 0.040625
6 0.4078125 0.859375 0.04375 0.053125
6 0.203125 0.85625 0.0421875 0.0515625
6 0.01875 0.85 0.0375 0.03125
6 0.846875 0.5328125 0.0515625 0.053125
6 0.6125 0.5375 0.04375 0.059375
6 0.4125 0.540625 0.046875 0.0671875
6 0.2 0.5328125 0.0296875 0.0578125
6 0.846875 0.425 0.0578125 0.05625
6 0.615625 0.4375 0.0546875 0.059375
6 0.415625 0.44375 0.028125 0.059375
6 0.203125 0.428125 0.0375 0.0421875
6 0.8375 0.31875 0.0640625 0.0515625
6 0.6140625 0.3296875 0.0328125 0.0546875
6 0.4125 0.315625 0.0359375 0.0625
6 0.215625 0.334375 0.0453125 0.0328125
6 0.834375 0.221875 0.059375 0.0546875
6 0.61875 0.2203125 0.040625 0.03125
6 0.421875 0.2234375 0.0328125 0.028125
6 0.209375 0.2234375 0.0453125 0.028125
6 0.0125 0.20546875 0.025 0.0546875
6 0.85 0.01875 0.0625 0.03125
6 0.01875 0.021875 0.0359375 0.0375
6 0.20625 0.021875 0.0390625 0.0421875
6 0.4 0.021875 0.0796875 0.04375
6 0.61875 0.021875 0.0359375 0.0296875
3 0.25 0.7609375 0.025 0.034375
3 0.609375 0.75625 0.0140625 0.0421875
3 0.6046875 0.665625 0.01875 0.040625
3 0.38125 0.6640625 0.0203125 0.0421875
3 0.94375 0.103125 0.0234375 0.0640625
3 0.9125 0.115625 0.0296875 0.021875
3 0.8765625 0.1 0.0296875 0.0609375
3 0.840625 0.11875 0.0265625 0.0296875
3 0.8171875 0.10625 0.0171875 0.075
3 0.7859375 0.1125 0.0234375 0.028125
3 0.7609375 0.0984375 0.03125 0.0578125
3 0.73125 0.1171875 0.015625 0.0390625
3 0.696875 0.109375 0.01875 0.0421875
3 0.6734375 0.10625 0.0125 0.046875
3 0.653125 0.1 0.025 0.04375
3 0.63125 0.10625 0.0265625 0.0453125
3 0.609375 0.1125 0.015625 0.0359375
3 0.5875 0.109375 0.0265625 0.0375
3 0.55625 0.1 0.01875 0.046875
3 0.5328125 0.1046875 0.0171875 0.0359375
3 0.4921875 0.1 0.0203125 0.040625
3 0.46875 0.1078125 0.025 0.0453125
3 0.446875 0.103125 0.01875 0.046875
3 0.425 0.109375 0.015625 0.0265625
3 0.4 0.10625 0.021875 0.053125
3 0.378125 0.1140625 0.025 0.040625
3 0.35 0.1125 0.0171875 0.0359375
3 0.328125 0.103125 0.01875 0.0609375
3 0.290625 0.103125 0.01875 0.059375
3 0.26875 0.115625 0.021875 0.0328125
3 0.25 0.10625 0.025 0.0484375
3 0.2265625 0.1109375 0.015625 0.0328125
3 0.19375 0.096875 0.0203125 0.0359375
9 0.084375 0.5375 0.0109375 0.025
9 0.08125 0.43125 0.0171875 0.0203125
9 0.0828125 0.3234375 0.0234375 0.0359375
14 0.99921875 0.95546875 0.0015625 0.0671875
14 0.99921875 0.74921875 0.0015625 0.0765625
14 0.99921875 0.09921875 0.0015625 0.0578125