14 0.065625 0.059375 0.03125 0.0578125
14 0.0671875 0.146875 0.01875 0.053125
14 0.0671875 0.2328125 0.0296875 0.0640625
14 0.0625 0.4078125 0.021875 0.0609375
14 0.0625 0.5 0.0359375 0.046875
0 0.0578125 0.309375 0.03125 0.0453125
0 0.0640625 0.5953125 0.0421875 0.0546875
0 0.065625 0.68125 0.0328125 0.03125
0 0.0625 0.85625 0.03125 0.0328125
14 0.065625 0.7796875 0.03125 0.0484375
8 0.103125 0.053125 0.0265625 0.04375
11 0.25 0.0671875 0.028125 0.0359375
8 0.315625 0.065625 0.025 0.0328125
3 0.40625 0.046875 0.0125 0.0390625
11 0.475 0.05625 0.0203125 0.046875
8 0.5234375 0.05625 0.0265625 0.05625
11 0.771875 0.05625 0.0203125 0.0421875
5 0.825 0.065625 0.03125 0.03125
8 0.5171875 0.2390625 0.03125 0.0703125
3 0.753125 0.7765625 0.015625 0.0359375
3 0.775 0.778125 0.0109375 0.025
3 0.790625 0.784375 0.00625 0.0359375
8 0.821875 0.778125 0.0171875 0.04375
3 0.384375 0.0484375 0.025 0.04375
11 0.4265625 0.05625 0.028125 0.0328125
11 0.59375 0.05625 0.025 0.0578125
11 0.646875 0.059375 0.0265625 0.025
11 0.68125 0.0578125 0.028125 0.0359375
11 0.721875 0.0703125 0.0265625 0.0546875
13 0.1 0.240625 0.0171875 0.034375
13 0.11875 0.2375 0.021875 0.0359375
13 0.14375 0.25 0.009375 0.0421875
13 0.1625 0.2296875 0.0109375 0.0328125
3 0.178125 0.2390625 0.00625 0.0359375
3 0.1890625 0.2453125 0.0078125 0.04375
13 0.203125 0.25 0.01875 0.0265625
3 0.225 0.24375 0.0171875 0.0359375
3 0.21875 0.24375 0.0078125 0.0359375
11 0.25 0.2390625 0.0203125 0.0265625
11 0.303125 0.228125 0.021875 0.0296875
11 0.340625 0.234375 0.021875 0.0328125
3 0.3984375 0.23125 0.01875 0.034375
11 0.421875 0.2390625 0.0234375 0.0484375
11 0.475 0.2296875 0.0140625 0.0390625
3 0.55625 0.3015625 0.0171875 0.0390625
11 0.596875 0.24375 0.028125 0.0390625
11 0.64375 0.2359375 0.0125 0.04375
3 0.7046875 0.228125 0.0171875 0.0421875
13 0.7296875 0.2375 0.0125 0.028125
3 0.740625 0.2390625 0.0125 0.04375
3 0.7546875 0.234375 0.00625 0.0453125
11 0.778125 0.2375 0.0234375 0.0359375
11 0.103125 0.30625 0.0203125 0.0359375
11 0.1609375 0.3171875 0.0171875 0.040625
3 0.203125 0.31875 0.0140625 0.03125
3 0.23125 0.315625 0.0125 0.0234375
11 0.25 0.3125 0.021875 0.046875
11 0.303125 0.3109375 0.0296875 0.0390625
11 0.3359375 0.3125 0.01875 0.053125
11 0.421875 0.3171875 0.0203125 0.0484375
3 0.4 0.30625 0.0109375 0.028125
11 0.475 0.3140625 0.01875 0.0328125
11 0.5109375 0.309375 0.0203125 0.0421875
11 0.596875 0.3171875 0.015625 0.04375
11 0.64375 0.31875 0.015625 0.0390625
11 0.6859375 0.3109375 0.028125 0.0375
3 0.728125 0.303125 0.0203125 0.040625
3 0.75 0.30625 0.015625 0.0390625
11 0.778125 0.3171875 0.015625 0.040625
11 0.81875 0.3125 0.015625 0.0390625
11 0.853125 0.309375 0.028125 0.0328125
11 0.884375 0.3125 0.025 0.0296875
11 0.915625 0.303125 0.0203125 0.0328125
11 0.925 0.40625 0.0234375 0.034375
11 0.925 0.5078125 0.028125 0.040625
11 0.925 0.59375 0.028125 0.0296875
11 0.921875 0.775 0.01875 0.0484375
6 0.184375 0.14375 0.03125 0.028125
6 0.375 0.140625 0.03125 0.034375
6 0.55 0.140625 0.0375 0.0453125
6 0.721875 0.1421875 0.0359375 0.04375
6 0.8796875 0.146875 0.034375 0.028125
6 0.18125 0.4140625 0.04375 0.0453125
6 0.378125 0.4109375 0.0375 0.0515625
6 0.546875 0.409375 0.0390625 0.05625
6 0.725 0.415625 0.0234375 0.046875
6 0.18125 0.5046875 0.0484375 0.046875
6 0.378125 0.49375 0.0453125 0.05
6 0.54375 0.4890625 0.0234375 0.05
6 0.721875 0.503125 0.03125 0.0359375
6 0.190625 0.59375 0.053125 0.0421875
6 0.378125 0.5859375 0.028125 0.0453125
6 0.546875 0.596875 0.0296875 0.053125
6 0.7125 0.58125 0.0390625 0.028125
6 0.19375 0.678125 0.05 0.046875
6 0.375 0.678125 0.034375 0.0265625
6 0.540625 0.675 0.028125 0.0234375
6 0.71875 0.675 0.0375 0.0234375
6 0.89375 0.6890625 0.040625 0.04375
6 0.178125 0.846875 0.053125 0.0265625
6 0.884375 0.84375 0.0421875 0.0328125
6 0.721875 0.84375 0.0328125 0.0359375
6 0.559375 0.846875 0.0671875 0.0421875
6 0.375 0.84375 0.0296875 0.025
3 0.6828125 0.2234375 0.0203125 0.0296875
3 0.38125 0.2265625 0.0125 0.0359375
3 0.3859375 0.303125 0.015625 0.034375
3 0.571875 0.3046875 0.0171875 0.0359375
3 0.1 0.7765625 0.0203125 0.053125
3 0.128125 0.765625 0.025 0.01875
3 0.15625 0.778125 0.025 0.05
3 0.1875 0.7625 0.021875 0.025
3 0.20625 0.775 0.015625 0.0625
3 0.2328125 0.7671875 0.0203125 0.0234375
3 0.253125 0.7796875 0.0265625 0.0484375
3 0.278125 0.7640625 0.0125 0.0328125
3 0.309375 0.7703125 0.015625 0.034375
3 0.328125 0.771875 0.0109375 0.0390625
3 0.34375 0.778125 0.021875 0.0375
3 0.3625 0.775 0.021875 0.0375
3 0.38125 0.76875 0.0140625 0.028125
3 0.4 0.76875 0.0234375 0.03125
3 0.425 0.778125 0.015625 0.040625
3 0.446875 0.775 0.0140625 0.03125
3 0.4796875 0.778125 0.0171875 0.034375
3 0.5 0.771875 0.021875 0.0375
3 0.51875 0.7765625 0.015625 0.0390625
3 0.5375 0.7703125 0.0125 0.021875
3 0.55625 0.7734375 0.01875 0.0453125
3 0.5765625 0.7671875 0.021875 0.0328125
3 0.5984375 0.76875 0.015625 0.0296875
3 0.6171875 0.775 0.015625 0.0515625
3 0.65 0.775 0.015625 0.05
3 0.66875 0.765625 0.01875 0.028125
3 0.6828125 0.771875 0.0203125 0.0390625
3 0.703125 0.76875 0.0140625 0.0265625
3 0.73125 0.78125 0.015625 0.0296875
9 0.8234375 0.409375 0.009375 0.021875
9 0.825 0.5 0.0140625 0.0171875
9 0.825 0.590625 0.0203125 0.0296875