14 0.0625 0.2390625 0.0296875 0.040625
11 0.1015625 0.234375 0.0265625 0.0421875
14 0.06875 0.05625 0.03125 0.05
14 0.065625 0.159375 0.0296875 0.0671875
14 0.0625 0.4109375 0.0328125 0.0578125
14 0.059375 0.503125 0.0328125 0.071875
14 0.0640625 0.778125 0.03125 0.05625
0 0.065625 0.309375 0.03125 0.0453125
0 0.0625 0.5859375 0.03125 0.046875
0 0.0640625 0.678125 0.028125 0.04375
0 0.0625 0.85 0.0234375 0.0390625
6 0.196875 0.0578125 0.0375 0.028125
6 0.409375 0.059375 0.0375 0.034375
6 0.628125 0.05625 0.028125 0.0296875
6 0.846875 0.053125 0.0328125 0.0234375
6 0.1875 0.14375 0.0359375 0.028125
6 0.4140625 0.14375 0.028125 0.025
6 0.628125 0.1421875 0.025 0.0328125
11 0.753125 0.2421875 0.021875 0.046875
6 0.8546875 0.14375 0.053125 0.03125
11 0.15 0.390625 0.03125 0.05
6 0.1921875 0.30625 0.0328125 0.034375
11 0.3140625 0.390625 0.040625 0.0734375
11 0.3578125 0.390625 0.0390625 0.0671875
3 0.103125 0.7640625 0.025 0.053125
3 0.121875 0.7625 0.0296875 0.0578125
3 0.15 0.76875 0.01875 0.0625
3 0.171875 0.765625 0.021875 0.0390625
3 0.1984375 0.775 0.021875 0.0484375
11 0.209375 0.678125 0.0359375 0.0390625
3 0.2296875 0.771875 0.021875 0.0359375
3 0.253125 0.7796875 0.025 0.0546875
3 0.2796875 0.778125 0.0234375 0.0484375
3 0.30625 0.7703125 0.0375 0.046875
11 0.315625 0.684375 0.025 0.0515625
11 0.321875 0.590625 0.0203125 0.059375
11 0.36875 0.4984375 0.021875 0.08125
11 0.415625 0.4046875 0.0359375 0.0640625
6 0.409375 0.3078125 0.040625 0.034375
11 0.534375 0.4015625 0.0171875 0.075
11 0.584375 0.396875 0.034375 0.05
11 0.640625 0.396875 0.034375 0.0625
6 0.6328125 0.309375 0.05 0.0390625
11 0.6875 0.40625 0.0265625 0.0578125
11 0.74375 0.4 0.05625 0.059375
11 0.803125 0.4 0.0390625 0.0515625
6 0.85 0.3125 0.0484375 0.05
11 0.153125 0.2375 0.034375 0.0484375
11 0.203125 0.2375 0.0265625 0.0546875
11 0.246875 0.2390625 0.0265625 0.05625
3 0.315625 0.228125 0.0234375 0.0515625
3 0.3421875 0.23125 0.0125 0.0390625
3 0.3671875 0.2359375 0.01875 0.0265625
3 0.396875 0.2328125 0.009375 0.0375
3 0.41875 0.2296875 0.01875 0.0296875
3 0.44375 0.2375 0.0171875 0.025
3 0.4703125 0.240625 0.015625 0.034375
3 0.49375 0.24375 0.0171875 0.028125
3 0.534375 0.24375 0.0203125 0.0265625
3 0.5625 0.2375 0.0125 0.034375
3 0.584375 0.234375 0.03125 0.040625
3 0.6125 0.240625 0.0109375 0.03125
3 0.6375 0.23125 0.021875 0.0375
3 0.665625 0.240625 0.0171875 0.0390625
11 0.6875 0.2484375 0.0171875 0.0671875
3 0.803125 0.2390625 0.015625 0.0375
3 0.828125 0.2375 0.0109375 0.0265625
3 0.85 0.2390625 0.0203125 0.0265625
3 0.875 0.2390625 0.01875 0.028125
3 0.9046875 0.2390625 0.0171875 0.0359375
3 0.928125 0.240625 0.021875 0.0375
3 0.3421875 0.7671875 0.028125 0.046875
3 0.3625 0.7640625 0.021875 0.0765625
11 0.3640625 0.68125 0.0265625 0.0390625
3 0.415625 0.778125 0.0453125 0.0546875
3 0.39375 0.7640625 0.0265625 0.053125
3 0.440625 0.7671875 0.03125 0.0328125
3 0.425 0.68125 0.021875 0.0328125
3 0.4640625 0.78125 0.034375 0.0578125
3 0.4453125 0.684375 0.0125 0.0421875
3 0.5 0.771875 0.034375 0.0515625
3 0.528125 0.7734375 0.0328125 0.0546875
11 0.534375 0.675 0.03125 0.0359375
3 0.565625 0.7625 0.0234375 0.0359375
3 0.5890625 0.76875 0.0203125 0.0515625
11 0.59375 0.690625 0.0359375 0.0484375
3 0.615625 0.76875 0.0359375 0.0484375
3 0.6625 0.7765625 0.028125 0.05625
3 0.640625 0.76875 0.015625 0.046875
3 0.6453125 0.68125 0.0140625 0.040625
3 0.665625 0.684375 0.0171875 0.0390625
11 0.103125 0.39375 0.0234375 0.0453125
11 0.2109375 0.39375 0.0328125 0.078125
11 0.2453125 0.39375 0.0296875 0.08125
11 0.1 0.596875 0.0390625 0.0578125
11 0.15625 0.68125 0.04375 0.046875
11 0.15625 0.59375 0.04375 0.071875
11 0.203125 0.596875 0.03125 0.059375
8 0.1078125 0.5078125 0.0359375 0.0515625
11 0.203125 0.5078125 0.0296875 0.059375
11 0.25625 0.5875 0.0234375 0.05
11 0.259375 0.503125 0.03125 0.0578125
11 0.31875 0.503125 0.0234375 0.040625
11 0.465625 0.6875 0.021875 0.0453125
8 0.4234375 0.5953125 0.034375 0.04375
11 0.540625 0.6046875 0.0359375 0.065625
8 0.41875 0.509375 0.028125 0.0453125
11 0.540625 0.50625 0.03125 0.04375
11 0.58125 0.50625 0.01875 0.0515625
11 0.640625 0.50625 0.03125 0.04375
11 0.684375 0.5921875 0.0453125 0.046875
11 0.69375 0.5109375 0.034375 0.065625
3 0.684375 0.778125 0.025 0.05
11 0.6953125 0.690625 0.028125 0.0484375
3 0.7140625 0.778125 0.015625 0.090625
3 0.746875 0.784375 0.028125 0.0390625
11 0.75 0.69375 0.0265625 0.0375
11 0.7515625 0.60625 0.028125 0.05
11 0.7484375 0.5125 0.0328125 0.0578125
11 0.253125 0.6921875 0.0359375 0.0578125
11 0.3765625 0.6 0.0546875 0.05625
11 0.5875 0.609375 0.0328125 0.0546875
11 0.640625 0.60625 0.034375 0.040625
11 0.1078125 0.696875 0.0359375 0.0421875
3 0.778125 0.7796875 0.0234375 0.0578125
3 0.8046875 0.775 0.0203125 0.046875
11 0.796875 0.684375 0.021875 0.0578125
3 0.8265625 0.7640625 0.0234375 0.053125
3 0.85625 0.784375 0.0203125 0.059375
11 0.84375 0.6921875 0.0296875 0.04375
3 0.90625 0.771875 0.025 0.0515625
11 0.90625 0.6875 0.0625 0.0484375
11 0.103125 0.8484375 0.028125 0.040625
11 0.146875 0.85 0.0203125 0.0359375
11 0.203125 0.85625 0.040625 0.0484375
11 0.25625 0.846875 0.0328125 0.075
11 0.315625 0.853125 0.0234375 0.0703125
11 0.371875 0.859375 0.028125 0.0484375
8 0.41875 0.85 0.0421875 0.05625
11 0.5296875 0.8546875 0.0359375 0.065625
11 0.584375 0.859375 0.04375 0.05
11 0.6359375 0.8625 0.0390625 0.0609375
11 0.6859375 0.853125 0.0359375 0.0453125
11 0.753125 0.853125 0.0296875 0.0546875
8 0.809375 0.59375 0.0453125 0.059375
8 0.80625 0.509375 0.034375 0.0421875
3 0.8734375 0.778125 0.01875 0.03125
3 0.9265625 0.76875 0.0234375 0.0359375