14 0.93359375 0.025 0.0359375 0.05
14 0.940625 0.2140625 0.0375 0.075
1 0.9140625 0.084375 0.0109375 0.028125
11 0.875 0.0953125 0.05 0.0640625
11 0.834375 0.0921875 0.021875 0.059375
11 0.7796875 0.09375 0.025 0.059375
11 0.725 0.096875 0.034375 0.0578125
11 0.6703125 0.090625 0.0203125 0.0640625
11 0.634375 0.0875 0.0171875 0.0671875
11 0.596875 0.0953125 0.025 0.0578125
11 0.559375 0.09375 0.0171875 0.05625
11 0.50625 0.10625 0.015625 0.06875
11 0.46875 0.109375 0.0265625 0.0609375
11 0.428125 0.10625 0.0234375 0.05625
11 0.390625 0.103125 0.0203125 0.05
11 0.3359375 0.1015625 0.025 0.0578125
11 0.3 0.096875 0.015625 0.053125
11 0.2625 0.1 0.01875 0.0515625
11 0.228125 0.09375 0.01875 0.0546875
11 0.171875 0.096875 0.0375 0.06875
11 0.115625 0.0984375 0.0328125 0.0671875
11 0.0625 0.1015625 0.034375 0.0578125
11 0.0140625 0.096875 0.028125 0.0421875
3 0.009375 0.2140625 0.01875 0.046875
3 0.0375 0.2140625 0.0265625 0.046875
3 0.071875 0.209375 0.025 0.046875
3 0.10625 0.2140625 0.0265625 0.046875
3 0.134375 0.2125 0.0234375 0.04375
3 0.165625 0.209375 0.03125 0.040625
3 0.2 0.2125 0.025 0.0609375
3 0.23125 0.20625 0.0125 0.0328125
3 0.25625 0.2125 0.0359375 0.04375
3 0.290625 0.209375 0.021875 0.040625
3 0.321875 0.21875 0.0171875 0.0390625
11 0.878125 0.2921875 0.025 0.053125
11 0.8125 0.29375 0.0359375 0.0453125
11 0.753125 0.2859375 0.0171875 0.0390625
11 0.6890625 0.2875 0.0203125 0.059375
11 0.6078125 0.3015625 0.0203125 0.0609375