5 0.1078125 0.1703125 0.028125 0.040625
5 0.1 0.2734375 0.0328125 0.0359375
5 0.10625 0.365625 0.025 0.0296875
5 0.1015625 0.4671875 0.0375 0.025
5 0.10625 0.5546875 0.0328125 0.028125
14 0.065625 0.059375 0.040625 0.05625
14 0.065625 0.15625 0.0296875 0.05625
14 0.065625 0.2515625 0.028125 0.0640625
14 0.065625 0.634375 0.0296875 0.0609375
11 0.396875 0.24375 0.0203125 0.034375
11 0.58125 0.259375 0.0421875 0.0328125
11 0.31875 0.65625 0.021875 0.04375
3 0.20625 0.6421875 0.01875 0.046875
3 0.1859375 0.6375 0.0203125 0.040625
3 0.14375 0.640625 0.0203125 0.0515625
11 0.103125 0.6359375 0.025 0.04375
5 0.675 0.2625 0.0453125 0.0203125
3 0.284375 0.26875 0.0328125 0.05625
4 0.315625 0.25625 0.0171875 0.040625
1 0.165625 0.64375 0.021875 0.0328125