0 0.065625 0.053125 0.025 0.0421875
0 0.0640625 0.121875 0.0234375 0.04375
1 0.0875 0.046875 0.009375 0.015625
1 0.1 0.05 0.0078125 0.015625
1 0.09375 0.0390625 0.0078125 0.015625
1 0.1078125 0.0421875 0.009375 0.015625
1 0.0875 0.11875 0.0078125 0.0171875
1 0.09375 0.109375 0.0078125 0.0171875
1 0.1 0.121875 0.0078125 0.015625
1 0.1078125 0.1125 0.0078125 0.0171875
1 0.0875 0.228125 0.009375 0.015625
1 0.09375 0.21875 0.0078125 0.0171875
1 0.1 0.23125 0.0078125 0.0171875
1 0.1078125 0.221875 0.0078125 0.015625
1 0.0875 0.396875 0.009375 0.015625
1 0.0875 0.465625 0.009375 0.0171875
1 0.0875 0.58125 0.009375 0.0171875
11 0.146875 0.55 0.0140625 0.034375
11 0.415625 0.546875 0.015625 0.0359375
11 0.146875 0.46875 0.0140625 0.025
11 0.3171875 0.4765625 0.015625 0.0265625
11 0.365625 0.478125 0.015625 0.025
8 0.246875 0.5453125 0.015625 0.0359375
8 0.315625 0.5453125 0.0140625 0.034375
8 0.246875 0.4640625 0.0140625 0.0265625
3 0.2078125 0.55625 0.015625 0.0515625
3 0.2125 0.4671875 0.0234375 0.0265625
0 0.065625 0.471875 0.025 0.0421875
0 0.065625 0.4015625 0.0234375 0.04375
11 0.1453125 0.409375 0.0140625 0.025
11 0.315625 0.40625 0.0125 0.025
11 0.365625 0.409375 0.0140625 0.025
11 0.5375 0.39375 0.0125 0.0265625
11 0.7125 0.403125 0.0125 0.025
11 0.7125 0.475 0.0125 0.0265625
11 0.5375 0.4625 0.015625 0.0265625
11 0.5375 0.5453125 0.0125 0.0359375
11 0.7125 0.5421875 0.0171875 0.0421875
3 0.2109375 0.396875 0.021875 0.025
3 0.4171875 0.3953125 0.0171875 0.0234375
3 0.446875 0.396875 0.015625 0.025
3 0.478125 0.396875 0.015625 0.025
3 0.5078125 0.396875 0.015625 0.025
3 0.5875 0.409375 0.015625 0.0234375
3 0.615625 0.40625 0.01875 0.025
3 0.646875 0.403125 0.015625 0.0265625
3 0.678125 0.4015625 0.0203125 0.028125
3 0.79375 0.403125 0.0171875 0.025
3 0.4171875 0.465625 0.01875 0.0234375
3 0.446875 0.46875 0.0171875 0.025
3 0.478125 0.4671875 0.0171875 0.025
3 0.5078125 0.46875 0.0171875 0.025
3 0.590625 0.4671875 0.0171875 0.0265625
3 0.61875 0.465625 0.0171875 0.0265625
3 0.6484375 0.4609375 0.015625 0.021875
3 0.68125 0.459375 0.0171875 0.0234375
3 0.5078125 0.55625 0.0171875 0.0515625
3 0.61875 0.5546875 0.015625 0.05625
3 0.646875 0.553125 0.0171875 0.059375
3 0.68125 0.553125 0.0203125 0.0578125
3 0.7625 0.55 0.015625 0.065625
3 0.7890625 0.55 0.0234375 0.065625
3 0.7625 0.478125 0.015625 0.0265625
3 0.7890625 0.478125 0.0203125 0.025
8 0.246875 0.39375 0.015625 0.0265625
8 0.821875 0.40625 0.0140625 0.0265625
8 0.821875 0.4765625 0.015625 0.0265625
8 0.821875 0.5484375 0.015625 0.0671875
8 0.6125 0.121875 0.015625 0.025
8 0.6125 0.0453125 0.015625 0.0265625
3 0.16875 0.053125 0.015625 0.025
3 0.20625 0.05625 0.01875 0.0234375
3 0.171875 0.115625 0.0171875 0.028125
3 0.16875 0.2 0.0171875 0.0578125
3 0.2078125 0.2 0.0234375 0.05625
3 0.3265625 0.203125 0.0171875 0.0484375
3 0.7421875 0.1765625 0.0203125 0.0234375
3 0.7765625 0.178125 0.015625 0.025
3 0.8125 0.178125 0.015625 0.025
3 0.85 0.178125 0.0171875 0.0234375
3 0.740625 0.121875 0.01875 0.0234375
3 0.775 0.121875 0.0171875 0.0234375
3 0.8125 0.125 0.0203125 0.028125
3 0.846875 0.125 0.01875 0.0265625
3 0.7390625 0.046875 0.01875 0.025
3 0.775 0.046875 0.01875 0.0234375
3 0.8125 0.0484375 0.0171875 0.0265625
3 0.85 0.046875 0.0171875 0.0234375
3 0.2125 0.115625 0.01875 0.028125
11 0.246875 0.05625 0.0140625 0.0265625
11 0.246875 0.11875 0.0171875 0.0265625
11 0.246875 0.2 0.0171875 0.0515625
11 0.3625 0.203125 0.0171875 0.05
11 0.4265625 0.203125 0.015625 0.0515625
11 0.6109375 0.2 0.015625 0.053125
11 0.675 0.2 0.0171875 0.0484375
11 0.3640625 0.11875 0.015625 0.0265625
11 0.428125 0.11875 0.015625 0.0265625
11 0.3640625 0.0609375 0.0140625 0.025
11 0.4265625 0.059375 0.0140625 0.0234375
3 0.3296875 0.11875 0.025 0.025
3 0.325 0.059375 0.015625 0.0234375
5 0.49375 0.0484375 0.0171875 0.009375
5 0.49375 0.128125 0.01875 0.0078125
5 0.49375 0.1859375 0.0171875 0.009375
1 0.9234375 0.0484375 0.009375 0.015625
1 0.9234375 0.11875 0.009375 0.0171875
1 0.925 0.228125 0.009375 0.0140625
1 0.9015625 0.396875 0.0109375 0.015625
1 0.9078125 0.3875 0.0078125 0.0171875
1 0.915625 0.4 0.009375 0.0171875
1 0.921875 0.390625 0.009375 0.015625
1 0.9015625 0.465625 0.009375 0.0140625
1 0.909375 0.45625 0.0109375 0.015625
1 0.915625 0.4703125 0.009375 0.01875
1 0.9234375 0.4609375 0.0078125 0.0171875
1 0.9 0.5828125 0.009375 0.015625
1 0.909375 0.571875 0.009375 0.015625
1 0.915625 0.5875 0.0078125 0.01875
1 0.921875 0.5765625 0.0078125 0.01875
1 0.0859375 0.7515625 0.009375 0.015625
1 0.09375 0.74375 0.009375 0.015625
1 0.1 0.7546875 0.0078125 0.015625
1 0.1078125 0.74375 0.0109375 0.0171875
1 0.0859375 0.821875 0.009375 0.0171875
1 0.09375 0.8125 0.009375 0.015625
1 0.1 0.825 0.00625 0.0171875
1 0.10625 0.815625 0.009375 0.0171875
1 0.0859375 0.934375 0.009375 0.015625
1 0.09375 0.9234375 0.009375 0.015625
1 0.1 0.9375 0.0078125 0.015625
1 0.1078125 0.9265625 0.0078125 0.0171875
3 0.2109375 0.7625 0.015625 0.028125
3 0.2546875 0.7625 0.0140625 0.0265625
3 0.3 0.7625 0.015625 0.028125
3 0.2109375 0.828125 0.0140625 0.025
3 0.253125 0.83125 0.0171875 0.021875
3 0.296875 0.834375 0.01875 0.021875
3 0.2125 0.9 0.015625 0.0671875
3 0.25625 0.9 0.0171875 0.0640625
3 0.296875 0.903125 0.0234375 0.0609375
3 0.6015625 0.903125 0.01875 0.0578125
3 0.60625 0.821875 0.021875 0.0265625
4 0.1671875 0.753125 0.009375 0.0125
4 0.1671875 0.825 0.0109375 0.0125
4 0.1671875 0.9296875 0.0140625 0.009375
0 0.065625 0.825 0.021875 0.0484375
0 0.065625 0.7546875 0.0203125 0.04375
11 0.346875 0.821875 0.0140625 0.0265625
11 0.34375 0.7546875 0.0125 0.0265625
11 0.4234375 0.7609375 0.0171875 0.0265625
11 0.425 0.834375 0.0125 0.025
11 0.3453125 0.903125 0.0140625 0.0578125
11 0.425 0.9 0.015625 0.0625
11 0.5015625 0.9015625 0.0140625 0.0609375
11 0.503125 0.81875 0.0140625 0.025
5 0.5046875 0.7515625 0.0203125 0.0078125
4 0.75625 0.753125 0.0109375 0.0125
4 0.759375 0.8234375 0.0109375 0.0109375
4 0.759375 0.9296875 0.009375 0.0125
3 0.803125 0.75 0.0171875 0.0234375
3 0.846875 0.75 0.01875 0.0234375
3 0.890625 0.7515625 0.0171875 0.0265625
3 0.803125 0.81875 0.0171875 0.0234375
3 0.846875 0.81875 0.015625 0.0234375
3 0.890625 0.821875 0.015625 0.0265625
3 0.8 0.90625 0.0171875 0.05625
3 0.84375 0.90625 0.0203125 0.05625
3 0.8875 0.909375 0.0203125 0.0453125
8 0.646875 0.821875 0.015625 0.0265625
8 0.646875 0.903125 0.0125 0.05625