0 0.065625 0.059375 0.0234375 0.0421875
0 0.065625 0.128125 0.0234375 0.04375
1 0.0875 0.0546875 0.009375 0.015625
1 0.1 0.0578125 0.0078125 0.015625
1 0.09375 0.046875 0.0078125 0.015625
1 0.1078125 0.05 0.009375 0.015625
1 0.0875 0.1234375 0.0078125 0.0171875
1 0.09375 0.1140625 0.0078125 0.015625
1 0.1 0.1265625 0.0078125 0.015625
1 0.1078125 0.11875 0.0078125 0.0171875
1 0.0875 0.23125 0.009375 0.015625
1 0.09375 0.221875 0.0078125 0.0171875
1 0.1 0.234375 0.0078125 0.015625
1 0.1078125 0.225 0.0078125 0.015625
1 0.0875 0.396875 0.009375 0.015625
1 0.0875 0.465625 0.009375 0.0171875
1 0.0875 0.58125 0.009375 0.015625
11 0.146875 0.55 0.0140625 0.034375
11 0.4109375 0.54375 0.015625 0.034375
11 0.146875 0.4703125 0.015625 0.025
11 0.3140625 0.4765625 0.015625 0.0265625
11 0.3625 0.478125 0.015625 0.025
8 0.24375 0.54375 0.015625 0.034375
8 0.3125 0.54375 0.0140625 0.034375
8 0.2453125 0.4640625 0.0140625 0.0265625
3 0.20625 0.553125 0.015625 0.05
3 0.209375 0.4671875 0.0234375 0.0265625
0 0.065625 0.471875 0.0234375 0.0421875
0 0.065625 0.403125 0.0234375 0.04375
11 0.14375 0.409375 0.0140625 0.025
11 0.3125 0.40625 0.0125 0.0234375
11 0.3625 0.409375 0.0140625 0.0234375
11 0.53125 0.3953125 0.0125 0.0265625
11 0.703125 0.4046875 0.0125 0.025
11 0.703125 0.475 0.0125 0.0265625
11 0.53125 0.4625 0.0140625 0.0265625
11 0.53125 0.54375 0.0125 0.0359375
11 0.703125 0.540625 0.0171875 0.0421875
3 0.209375 0.3984375 0.021875 0.025
3 0.4125 0.396875 0.015625 0.0234375
3 0.4421875 0.3984375 0.015625 0.025
3 0.471875 0.4 0.015625 0.025
3 0.5015625 0.4 0.015625 0.0234375
3 0.5796875 0.409375 0.015625 0.0234375
3 0.6078125 0.40625 0.01875 0.0234375
3 0.6390625 0.4046875 0.015625 0.0265625
3 0.66875 0.403125 0.0203125 0.028125
3 0.7828125 0.4046875 0.0171875 0.025
3 0.4125 0.465625 0.01875 0.0234375
3 0.440625 0.46875 0.0171875 0.025
3 0.471875 0.4671875 0.0171875 0.025
3 0.5015625 0.46875 0.0171875 0.0234375
3 0.58125 0.4671875 0.0171875 0.0265625
3 0.6125 0.465625 0.015625 0.025
3 0.640625 0.4609375 0.015625 0.0203125
3 0.6734375 0.459375 0.015625 0.0234375
3 0.5015625 0.5546875 0.0171875 0.05
3 0.609375 0.553125 0.015625 0.0546875
3 0.640625 0.553125 0.0171875 0.0578125
3 0.671875 0.553125 0.0203125 0.0578125
3 0.7515625 0.55 0.0140625 0.0640625
3 0.778125 0.55 0.021875 0.0640625
3 0.753125 0.478125 0.0140625 0.025
3 0.778125 0.478125 0.01875 0.0234375
8 0.2453125 0.3953125 0.015625 0.0265625
8 0.8125 0.4078125 0.0140625 0.025
8 0.8109375 0.4765625 0.015625 0.0265625
8 0.8125 0.546875 0.0140625 0.0671875
8 0.6046875 0.1265625 0.015625 0.025
8 0.6046875 0.0515625 0.015625 0.0265625
3 0.16875 0.059375 0.015625 0.025
3 0.20625 0.0625 0.0171875 0.021875
3 0.1703125 0.1203125 0.0171875 0.028125
3 0.16875 0.2046875 0.0171875 0.05625
3 0.20625 0.2046875 0.0234375 0.05625
3 0.3234375 0.20625 0.0171875 0.0484375
3 0.7328125 0.18125 0.0203125 0.0234375
3 0.765625 0.1828125 0.015625 0.025
3 0.8015625 0.18125 0.015625 0.025
3 0.8375 0.1828125 0.0171875 0.0234375
3 0.7296875 0.128125 0.01875 0.021875
3 0.765625 0.128125 0.015625 0.0234375
3 0.8 0.13125 0.0203125 0.028125
3 0.8359375 0.13125 0.01875 0.025
3 0.728125 0.053125 0.01875 0.025
3 0.765625 0.053125 0.01875 0.0234375
3 0.8 0.0546875 0.0171875 0.0265625
3 0.8375 0.053125 0.0171875 0.025
3 0.2109375 0.1203125 0.01875 0.028125
11 0.24375 0.0640625 0.0140625 0.025
11 0.24375 0.1234375 0.0171875 0.0265625
11 0.24375 0.203125 0.0171875 0.0515625
11 0.359375 0.20625 0.0171875 0.0484375
11 0.421875 0.20625 0.015625 0.05
11 0.603125 0.203125 0.015625 0.053125
11 0.665625 0.2046875 0.0171875 0.0484375
11 0.359375 0.1234375 0.015625 0.0265625
11 0.4234375 0.1234375 0.015625 0.0265625
11 0.359375 0.0671875 0.0140625 0.025
11 0.421875 0.065625 0.0140625 0.0234375
3 0.325 0.1234375 0.025 0.025
3 0.321875 0.065625 0.015625 0.0234375
5 0.4875 0.0546875 0.0171875 0.009375
5 0.4875 0.1328125 0.01875 0.0078125
5 0.4875 0.190625 0.0171875 0.009375
1 0.9109375 0.0546875 0.009375 0.015625
1 0.9109375 0.1234375 0.009375 0.0171875
1 0.9125 0.23125 0.009375 0.0140625
1 0.890625 0.396875 0.0109375 0.015625
1 0.896875 0.3890625 0.0078125 0.0171875
1 0.903125 0.4015625 0.009375 0.0171875
1 0.909375 0.3921875 0.009375 0.0140625
1 0.8890625 0.4671875 0.009375 0.0140625
1 0.896875 0.45625 0.0109375 0.015625
1 0.903125 0.471875 0.009375 0.01875
1 0.9109375 0.4609375 0.0078125 0.0171875
1 0.8875 0.58125 0.009375 0.0140625
1 0.896875 0.571875 0.009375 0.015625
1 0.903125 0.584375 0.0078125 0.0171875
1 0.909375 0.575 0.0078125 0.01875
1 0.0859375 0.746875 0.009375 0.015625
1 0.09375 0.7375 0.009375 0.015625
1 0.1 0.75 0.0078125 0.015625
1 0.10625 0.740625 0.009375 0.0171875
1 0.0859375 0.815625 0.009375 0.0171875
1 0.09375 0.80625 0.009375 0.015625
1 0.1 0.81875 0.00625 0.0171875
1 0.10625 0.809375 0.009375 0.0171875
1 0.0875 0.9265625 0.009375 0.015625
1 0.09375 0.915625 0.009375 0.015625
1 0.1 0.9296875 0.0078125 0.015625
1 0.10625 0.91875 0.0078125 0.0171875
3 0.209375 0.75625 0.015625 0.0265625
3 0.253125 0.75625 0.0140625 0.0265625
3 0.296875 0.7578125 0.015625 0.0265625
3 0.209375 0.8234375 0.0140625 0.025
3 0.2515625 0.825 0.0171875 0.021875
3 0.2953125 0.828125 0.01875 0.0203125
3 0.209375 0.89375 0.015625 0.0671875
3 0.253125 0.89375 0.0171875 0.0640625
3 0.29375 0.896875 0.0234375 0.0609375
3 0.59375 0.896875 0.01875 0.05625
3 0.596875 0.8171875 0.021875 0.025
4 0.165625 0.75 0.009375 0.0125
4 0.165625 0.81875 0.0109375 0.0125
4 0.165625 0.921875 0.0140625 0.009375
0 0.065625 0.8203125 0.021875 0.046875
0 0.065625 0.75 0.0203125 0.04375
11 0.3421875 0.815625 0.0140625 0.0265625
11 0.340625 0.75 0.0125 0.0265625
11 0.41875 0.75625 0.0171875 0.0265625
11 0.41875 0.828125 0.0125 0.025
11 0.340625 0.896875 0.0140625 0.05625
11 0.41875 0.89375 0.0140625 0.0609375
11 0.4953125 0.8953125 0.0140625 0.059375
11 0.496875 0.8125 0.0140625 0.025
5 0.4984375 0.746875 0.01875 0.0078125
4 0.746875 0.75 0.0109375 0.0125
4 0.7484375 0.81875 0.0109375 0.0109375
4 0.7484375 0.921875 0.009375 0.0125
3 0.7921875 0.746875 0.0171875 0.021875
3 0.8359375 0.746875 0.01875 0.0234375
3 0.878125 0.746875 0.0171875 0.025
3 0.790625 0.8140625 0.0171875 0.0234375
3 0.834375 0.8140625 0.015625 0.0234375
3 0.878125 0.815625 0.015625 0.0265625
3 0.790625 0.9 0.0171875 0.05625
3 0.83125 0.9 0.0203125 0.05625
3 0.875 0.903125 0.01875 0.0453125
8 0.6390625 0.815625 0.015625 0.025
8 0.6375 0.896875 0.0125 0.0546875