0 0.065625 0.0578125 0.0234375 0.04375
0 0.065625 0.128125 0.025 0.046875
0 0.0640625 0.3484375 0.0234375 0.046875
0 0.065625 0.58125 0.0265625 0.04375
0 0.065625 0.6515625 0.0234375 0.046875
0 0.065625 0.85625 0.0265625 0.0453125
2 0.0875 0.046875 0.0125 0.01875
2 0.096875 0.05625 0.0125 0.01875
2 0.0875 0.115625 0.0109375 0.0203125
2 0.096875 0.125 0.009375 0.01875
2 0.0875 0.20625 0.0125 0.01875
2 0.096875 0.215625 0.0125 0.0171875
2 0.0875 0.275 0.0125 0.0171875
2 0.0984375 0.284375 0.0109375 0.0171875
2 0.0875 0.3375 0.0109375 0.0171875
2 0.096875 0.346875 0.0109375 0.01875
2 0.0875 0.40625 0.0125 0.0203125
2 0.0984375 0.415625 0.0109375 0.01875
2 0.4578125 0.928125 0.0125 0.0203125
2 0.50625 0.90625 0.0109375 0.0203125
2 0.459375 0.7921875 0.0125 0.01875
1 0.4234375 0.05625 0.009375 0.0140625
1 0.4234375 0.125 0.0125 0.01875
1 0.421875 0.215625 0.0125 0.0171875
1 0.421875 0.2828125 0.0109375 0.015625
1 0.421875 0.346875 0.0109375 0.015625
1 0.4234375 0.4140625 0.009375 0.0171875
1 0.0875 0.578125 0.009375 0.0171875
1 0.0875 0.6484375 0.0125 0.0171875
1 0.0875 0.7140625 0.0125 0.015625
1 0.459375 0.70625 0.009375 0.015625
1 0.0875 0.790625 0.0125 0.0171875
1 0.0875 0.853125 0.0109375 0.015625
1 0.0875 0.9265625 0.0125 0.0171875
8 0.453125 0.05 0.015625 0.025
8 0.796875 0.05 0.015625 0.0265625
8 0.178125 0.128125 0.0171875 0.0265625
8 0.1765625 0.20625 0.015625 0.0265625
8 0.178125 0.340625 0.0171875 0.0265625
8 0.178125 0.3625 0.0125 0.0140625
8 0.1765625 0.409375 0.0171875 0.0265625
8 0.321875 0.7203125 0.0171875 0.0265625
8 0.471875 0.7203125 0.0171875 0.0265625
8 0.640625 0.721875 0.015625 0.028125
5 0.45625 0.2625 0.01875 0.0078125
5 0.621875 0.275 0.021875 0.0078125
5 0.803125 0.2625 0.01875 0.009375
5 0.45625 0.3375 0.0203125 0.00625
5 0.45625 0.34375 0.0203125 0.00625
5 0.45625 0.35 0.021875 0.00625
5 0.621875 0.340625 0.01875 0.0078125
5 0.621875 0.346875 0.0203125 0.00625
5 0.621875 0.353125 0.01875 0.00625
5 0.8015625 0.3375 0.0171875 0.00625
5 0.803125 0.34375 0.0203125 0.00625
5 0.803125 0.35 0.01875 0.00625
5 0.45625 0.39375 0.0171875 0.0078125
5 0.621875 0.40625 0.01875 0.0078125
5 0.803125 0.39375 0.0171875 0.0078125
5 0.121875 0.7828125 0.0203125 0.0078125
5 0.121875 0.846875 0.0203125 0.00625
5 0.1203125 0.853125 0.021875 0.00625
5 0.121875 0.859375 0.01875 0.00625
5 0.121875 0.91875 0.0203125 0.00625
3 0.5125 0.05 0.015625 0.025
3 0.540625 0.0484375 0.0203125 0.0328125
3 0.5625 0.053125 0.0171875 0.0296875
3 0.584375 0.05625 0.01875 0.0234375
3 0.6171875 0.0625 0.0171875 0.0296875
3 0.6625 0.0640625 0.0125 0.0234375
3 0.68125 0.06875 0.021875 0.021875
3 0.859375 0.05 0.0171875 0.0265625
3 0.8859375 0.0484375 0.0203125 0.0359375
3 0.9109375 0.053125 0.01875 0.0296875
3 0.93125 0.05625 0.0203125 0.025
3 0.13125 0.128125 0.015625 0.0296875
3 0.128125 0.1546875 0.0140625 0.0234375
3 0.128125 0.2046875 0.0171875 0.0296875
3 0.13125 0.275 0.0171875 0.0296875
3 0.1296875 0.3375 0.0171875 0.0265625
3 0.13125 0.40625 0.0140625 0.03125
3 0.11875 0.584375 0.0140625 0.0296875
3 0.165625 0.5859375 0.0171875 0.021875
3 0.1875 0.590625 0.021875 0.01875
3 0.253125 0.653125 0.0171875 0.028125
3 0.2765625 0.653125 0.0203125 0.0265625
3 0.471875 0.6484375 0.015625 0.0234375
3 0.51875 0.646875 0.01875 0.0265625
3 0.5515625 0.64375 0.0203125 0.0265625
3 0.5875 0.640625 0.028125 0.0328125
3 0.753125 0.634375 0.015625 0.0390625
3 0.43125 0.796875 0.0171875 0.028125
3 0.59375 0.7828125 0.0234375 0.0265625
3 0.753125 0.78125 0.021875 0.028125
3 0.921875 0.7859375 0.0265625 0.025
3 0.43125 0.934375 0.0171875 0.0265625
3 0.59375 0.91875 0.0234375 0.025
3 0.7546875 0.91875 0.021875 0.0265625
3 0.921875 0.921875 0.0234375 0.025
3 0.765625 0.0609375 0.0171875 0.0265625
13 0.640625 0.065625 0.021875 0.0265625
13 0.1578125 0.125 0.015625 0.028125
13 0.1546875 0.15625 0.0203125 0.021875
13 0.1765625 0.15625 0.0140625 0.0234375
13 0.19375 0.153125 0.0171875 0.025
13 0.2109375 0.15 0.015625 0.025
13 0.228125 0.1484375 0.021875 0.03125
13 0.25 0.140625 0.0171875 0.028125
13 0.26875 0.1375 0.015625 0.0296875
11 0.7125 0.053125 0.015625 0.025
11 0.484375 0.1328125 0.0171875 0.028125
11 0.5125 0.1328125 0.0140625 0.028125
11 0.5625 0.1328125 0.015625 0.028125
11 0.6625 0.1296875 0.015625 0.0265625
11 0.7125 0.1296875 0.015625 0.0265625
11 0.74375 0.1296875 0.015625 0.0265625
11 0.828125 0.1328125 0.015625 0.028125
11 0.8609375 0.1328125 0.0171875 0.028125
11 0.909375 0.13125 0.0140625 0.028125
11 0.21875 0.575 0.015625 0.028125
11 0.88125 0.578125 0.0140625 0.025
11 0.31875 0.65 0.015625 0.025
11 0.640625 0.634375 0.0171875 0.034375
11 0.790625 0.64375 0.0140625 0.025
11 0.253125 0.7171875 0.0140625 0.0265625
11 0.79375 0.715625 0.0140625 0.028125
11 0.8796875 0.71875 0.015625 0.0265625
11 0.3203125 0.796875 0.0140625 0.025
11 0.471875 0.78125 0.015625 0.025
11 0.640625 0.7828125 0.0140625 0.028125
11 0.79375 0.784375 0.0140625 0.0265625
11 0.3625 0.9125 0.0125 0.0265625
11 0.51875 0.915625 0.0125 0.0265625
11 0.68125 0.915625 0.015625 0.028125
11 0.83125 0.925 0.0140625 0.028125
11 0.178125 0.278125 0.0125 0.0265625
13 0.153125 0.2078125 0.01875 0.028125
13 0.159375 0.2765625 0.0171875 0.03125
13 0.159375 0.3390625 0.0140625 0.028125
13 0.159375 0.396875 0.0140625 0.0265625
13 0.43125 0.653125 0.0140625 0.028125
13 0.45 0.65 0.0171875 0.028125
13 0.83125 0.5875 0.0125 0.028125
13 0.846875 0.584375 0.015625 0.028125
13 0.8625 0.5828125 0.0171875 0.028125
13 0.9171875 0.646875 0.0140625 0.028125
13 0.934375 0.6484375 0.01875 0.025
13 0.375 0.85625 0.0203125 0.028125
13 0.39375 0.86875 0.0125 0.028125
13 0.4125 0.8609375 0.01875 0.04375
13 0.43125 0.871875 0.0140625 0.0234375
13 0.45 0.8703125 0.0171875 0.0296875
13 0.534375 0.8578125 0.021875 0.0265625
13 0.5515625 0.8703125 0.015625 0.0265625
13 0.571875 0.8625 0.01875 0.0421875
13 0.5890625 0.871875 0.015625 0.021875
13 0.6078125 0.86875 0.01875 0.0265625
13 0.696875 0.8578125 0.0203125 0.0265625
13 0.7125 0.8703125 0.015625 0.0265625
13 0.7328125 0.8625 0.015625 0.0421875
13 0.75 0.871875 0.015625 0.021875
13 0.7703125 0.8703125 0.015625 0.028125
13 0.859375 0.8578125 0.021875 0.028125
13 0.88125 0.8703125 0.0140625 0.028125
13 0.9 0.8625 0.01875 0.04375
13 0.9171875 0.871875 0.015625 0.021875
13 0.934375 0.86875 0.0203125 0.0265625
13 0.31875 0.9328125 0.015625 0.025
13 0.3390625 0.928125 0.0203125 0.0375
13 0.4703125 0.934375 0.0125 0.0234375
13 0.4875 0.9265625 0.0203125 0.034375
13 0.6390625 0.9359375 0.0140625 0.028125
13 0.6578125 0.93125 0.0203125 0.034375
13 0.7921875 0.9390625 0.0125 0.0265625
13 0.809375 0.934375 0.01875 0.0359375
4 0.740625 0.059375 0.0109375 0.0109375
4 0.2875 0.1515625 0.0140625 0.0125
4 0.25 0.28125 0.0125 0.0125
4 0.253125 0.58125 0.0109375 0.0125
4 0.278125 0.58125 0.009375 0.0109375
4 0.790625 0.58125 0.0140625 0.0109375
4 0.31875 0.85625 0.0109375 0.0125
4 0.46875 0.85625 0.0109375 0.0125
4 0.6375 0.85625 0.0109375 0.0109375
4 0.790625 0.85625 0.0109375 0.0125
12 0.3234375 0.1125 0.0109375 0.01875
12 0.3234375 0.1390625 0.0140625 0.01875
12 0.453125 0.1140625 0.0140625 0.0171875
12 0.6171875 0.115625 0.0125 0.01875
12 0.796875 0.115625 0.0109375 0.01875
12 0.325 0.2125 0.0140625 0.0171875
12 0.4515625 0.2125 0.0140625 0.01875
12 0.48125 0.2125 0.0125 0.0203125
13 0.290625 0.275 0.015625 0.028125
13 0.30625 0.2734375 0.0140625 0.0265625
13 0.325 0.284375 0.0140625 0.021875
13 0.3421875 0.28125 0.015625 0.0234375
13 0.359375 0.278125 0.01875 0.028125
13 0.378125 0.275 0.015625 0.028125
12 0.3234375 0.346875 0.0140625 0.01875
12 0.321875 0.4 0.0109375 0.01875
12 0.6390625 0.58125 0.0125 0.01875
12 0.7125 0.5796875 0.0140625 0.0171875