5 0.065625 0.0578125 0.0265625 0.0578125
11 0.146875 0.05625 0.015625 0.0296875
2 0.13125 0.0625 0.0125 0.028125
2 0.215625 0.065625 0.0140625 0.028125
2 0.353125 0.0703125 0.0125 0.0296875
3 0.234375 0.059375 0.0296875 0.0328125
11 0.278125 0.0625 0.0234375 0.03125
3 0.371875 0.065625 0.021875 0.028125
11 0.43125 0.06875 0.025 0.03125
2 0.415625 0.075 0.0140625 0.025
3 0.51875 0.071875 0.03125 0.0296875
2 0.5953125 0.075 0.0125 0.028125
3 0.6125 0.06875 0.0171875 0.0265625
3 0.665625 0.0671875 0.0203125 0.0296875
3 0.721875 0.0625 0.0234375 0.034375
3 0.778125 0.059375 0.015625 0.028125
3 0.825 0.0625 0.0234375 0.0421875
3 0.871875 0.0625 0.025 0.03125
0 0.0671875 0.146875 0.0296875 0.053125
11 0.146875 0.1625 0.0171875 0.0328125
2 0.13125 0.171875 0.0109375 0.0234375
3 0.23125 0.1625 0.0421875 0.0328125
11 0.2796875 0.1609375 0.0265625 0.0359375
11 0.4296875 0.159375 0.0203125 0.0328125
3 0.371875 0.1609375 0.03125 0.0296875
3 0.51875 0.1625 0.0359375 0.0359375
3 0.6109375 0.1578125 0.028125 0.0359375
3 0.6625 0.159375 0.0328125 0.0375
3 0.721875 0.15625 0.0171875 0.0296875
3 0.778125 0.153125 0.0171875 0.0296875
3 0.825 0.153125 0.0328125 0.034375
3 0.871875 0.15625 0.03125 0.0359375
0 0.065625 0.234375 0.0296875 0.053125
2 0.11875 0.3125 0.015625 0.0265625
2 0.13125 0.296875 0.015625 0.028125
2 0.5953125 0.309375 0.0171875 0.0234375
11 0.609375 0.3015625 0.0140625 0.0265625
11 0.778125 0.303125 0.015625 0.0296875
2 0.7625 0.065625 0.01875 0.034375
2 0.70625 0.1625 0.0125 0.025
2 0.7625 0.159375 0.0140625 0.028125
0 0.06875 0.609375 0.0328125 0.0515625
2 0.146875 0.6203125 0.015625 0.028125
11 0.1625 0.615625 0.015625 0.028125
11 0.2078125 0.615625 0.0234375 0.0265625
4 0.2703125 0.609375 0.0234375 0.015625
4 0.2984375 0.60625 0.0171875 0.0171875
2 0.315625 0.6359375 0.0203125 0.0265625
3 0.334375 0.6234375 0.0203125 0.0359375
3 0.359375 0.6234375 0.0296875 0.0421875
3 0.3921875 0.625 0.0328125 0.0390625
2 0.459375 0.6125 0.01875 0.028125
11 0.4734375 0.60625 0.01875 0.034375
11 0.540625 0.603125 0.03125 0.028125
11 0.603125 0.60625 0.0296875 0.0328125
11 0.665625 0.609375 0.0375 0.03125
8 0.7640625 0.6125 0.01875 0.0296875
12 0.8578125 0.609375 0.01875 0.0265625
11 0.90625 0.621875 0.03125 0.0421875
0 0.06875 0.696875 0.0359375 0.046875
2 0.146875 0.715625 0.009375 0.0234375
11 0.1625 0.7078125 0.0171875 0.0265625
11 0.209375 0.70625 0.0203125 0.0265625
4 0.271875 0.6984375 0.01875 0.015625
4 0.3 0.696875 0.021875 0.01875
2 0.315625 0.725 0.015625 0.0234375
3 0.334375 0.709375 0.0203125 0.040625
3 0.3609375 0.709375 0.028125 0.040625
3 0.3953125 0.7125 0.0234375 0.03125
11 0.475 0.709375 0.021875 0.0328125
11 0.5375 0.7125 0.040625 0.0328125
11 0.6046875 0.709375 0.0296875 0.034375
2 0.659375 0.715625 0.015625 0.0296875
11 0.675 0.70625 0.0203125 0.028125
8 0.7609375 0.70625 0.0328125 0.028125
12 0.859375 0.6984375 0.0234375 0.0203125
11 0.909375 0.7125 0.028125 0.028125
0 0.06875 0.7859375 0.034375 0.0578125
2 0.128125 0.803125 0.0171875 0.025
2 0.1375 0.8109375 0.0171875 0.01875
2 0.1484375 0.8 0.0140625 0.028125
2 0.146875 0.8625 0.0125 0.0296875
11 0.1625 0.853125 0.0171875 0.028125
11 0.209375 0.853125 0.0234375 0.0296875
11 0.271875 0.853125 0.0203125 0.03125
11 0.33125 0.853125 0.0171875 0.0296875
3 0.471875 0.875 0.01875 0.0234375
3 0.5 0.8625 0.028125 0.0359375
3 0.5375 0.8578125 0.0203125 0.0484375
3 0.5765625 0.85 0.0171875 0.05
2 0.5609375 0.83125 0.0109375 0.028125
2 0.590625 0.784375 0.0171875 0.0296875
2 0.6296875 0.76875 0.015625 0.021875
2 0.696875 0.759375 0.0109375 0.03125
2 0.75 0.759375 0.015625 0.0359375
3 0.60625 0.790625 0.0171875 0.025
3 0.64375 0.7828125 0.0125 0.0375
3 0.675 0.784375 0.0171875 0.0328125
3 0.7140625 0.7765625 0.0171875 0.046875
3 0.765625 0.771875 0.01875 0.0328125
3 0.79375 0.771875 0.0171875 0.028125
8 0.828125 0.7734375 0.01875 0.0296875
4 0.90625 0.775 0.021875 0.0265625