0 0.93125 0.028125 0.0265625 0.0515625
0 0.9328125 0.225 0.0265625 0.053125
1 0.9078125 0.0265625 0.0109375 0.0203125
1 0.896875 0.015625 0.0125 0.01875
1 0.9078125 0.221875 0.0125 0.01875
1 0.8984375 0.209375 0.0125 0.01875
1 0.909375 0.103125 0.0109375 0.01875
1 0.9 0.09375 0.0109375 0.021875
1 0.9078125 0.303125 0.0125 0.0203125
1 0.896875 0.29375 0.0109375 0.0203125
1 0.8765625 0.215625 0.0109375 0.01875
1 0.909375 0.421875 0.0109375 0.0171875
1 0.896875 0.409375 0.0125 0.01875
1 0.896875 0.4828125 0.0140625 0.01875
1 0.90625 0.49375 0.0125 0.01875
1 0.8015625 0.2015625 0.0109375 0.0203125
1 0.909375 0.6125 0.0109375 0.01875
1 0.896875 0.603125 0.0140625 0.01875
1 0.909375 0.684375 0.0140625 0.0171875
1 0.9 0.671875 0.015625 0.01875
0 0.934375 0.425 0.0296875 0.0546875
0 0.9328125 0.6140625 0.028125 0.0546875
5 0.85625 0.028125 0.01875 0.0078125
5 0.85625 0.01875 0.0203125 0.0078125
5 0.6515625 0.03125 0.0203125 0.0078125
5 0.653125 0.0234375 0.01875 0.0078125
5 0.653125 0.0125 0.01875 0.009375
5 0.290625 0.0203125 0.01875 0.00625
5 0.290625 0.009375 0.021875 0.0078125
5 0.1125 0.0234375 0.01875 0.0078125
5 0.1125 0.015625 0.0203125 0.0078125
5 0.3046875 0.303125 0.01875 0.009375
5 0.3046875 0.25 0.01875 0.0078125
5 0.3046875 0.2421875 0.021875 0.0078125
5 0.3046875 0.234375 0.0171875 0.0078125
5 0.0078125 0.24375 0.015625 0.0078125
5 0.0078125 0.2359375 0.015625 0.0078125
5 0.009375 0.228125 0.0171875 0.0078125
5 0.3046875 0.3265625 0.01875 0.009375
5 0.0078125 0.315625 0.015625 0.009375
5 0.0078125 0.290625 0.015625 0.0078125
5 0.85625 0.5078125 0.01875 0.009375
5 0.8578125 0.484375 0.0203125 0.009375
5 0.6 0.48125 0.0203125 0.009375
5 0.6 0.5046875 0.01875 0.0078125
5 0.440625 0.484375 0.0171875 0.009375
5 0.440625 0.50625 0.01875 0.0078125
5 0.240625 0.484375 0.01875 0.009375
5 0.240625 0.5078125 0.01875 0.009375
5 0.8609375 0.6984375 0.01875 0.009375
5 0.8609375 0.675 0.01875 0.0109375
5 0.48125 0.678125 0.0171875 0.009375
5 0.48125 0.7015625 0.0171875 0.0109375
5 0.0078125 0.7125 0.015625 0.0078125
5 0.0078125 0.6875 0.015625 0.009375
5 0.0078125 0.625 0.015625 0.0078125
5 0.009375 0.615625 0.0171875 0.0078125
5 0.0078125 0.6078125 0.015625 0.0078125
8 0.8578125 0.109375 0.015625 0.025
8 0.8578125 0.084375 0.01875 0.0265625
8 0.859375 0.00625 0.01875 0.0125
8 0.653125 0.10625 0.015625 0.0234375
8 0.653125 0.08125 0.01875 0.025
8 0.49375 0.11875 0.0171875 0.021875
8 0.49375 0.090625 0.015625 0.0296875
8 0.290625 0.128125 0.0171875 0.0234375
8 0.290625 0.1 0.015625 0.0296875
8 0.378125 0.1 0.0203125 0.028125
8 0.19375 0.096875 0.0171875 0.03125
8 0.22421875 0.003125 0.0171875 0.00625
8 0.0484375 0.0046875 0.0171875 0.009375
8 0.58125 0.09375 0.015625 0.03125
8 0.784375 0.096875 0.0171875 0.03125
8 0.48125 0.6125 0.0171875 0.0328125
8 0.4046875 0.63125 0.015625 0.025
8 0.3109375 0.6109375 0.0171875 0.0328125
8 0.16875 0.63125 0.0203125 0.0265625
8 0.5296875 0.4375 0.015625 0.0328125
8 0.4125 0.034375 0.0171875 0.0296875
3 0.7515625 0.0078125 0.0203125 0.015625
3 0.7296875 0.009375 0.015625 0.0171875
3 0.690625 0.0109375 0.0171875 0.021875
3 0.4953125 0.01875 0.0171875 0.034375
3 0.459375 0.025 0.0171875 0.0296875
3 0.4359375 0.025 0.021875 0.028125
3 0.290625 0.003125 0.0203125 0.0046875
3 0.25625 0.00625 0.015625 0.0125
3 0.11484375 0.003125 0.0234375 0.00625
3 0.08125 0.00625 0.01875 0.0125
3 0.859375 0.1890625 0.01875 0.028125
3 0.825 0.1921875 0.0203125 0.028125
3 0.7859375 0.196875 0.0203125 0.028125
3 0.7546875 0.1984375 0.0203125 0.0375
3 0.71875 0.2 0.021875 0.03125
3 0.6875 0.2 0.0203125 0.0328125
3 0.653125 0.1984375 0.0203125 0.03125
3 0.615625 0.196875 0.0203125 0.0296875
3 0.428125 0.225 0.0203125 0.03125
3 0.3921875 0.225 0.0203125 0.034375
3 0.3578125 0.221875 0.01875 0.03125
3 0.271875 0.234375 0.0203125 0.03125
3 0.2375 0.234375 0.0203125 0.0328125
3 0.20625 0.228125 0.0203125 0.03125
3 0.1671875 0.2203125 0.01875 0.0296875
3 0.134375 0.221875 0.021875 0.0328125
3 0.1 0.225 0.021875 0.034375
3 0.065625 0.221875 0.0203125 0.03125
3 0.465625 0.3125 0.01875 0.0234375
3 0.5 0.303125 0.0203125 0.03125
3 0.4296875 0.30625 0.0171875 0.034375
3 0.39375 0.296875 0.0203125 0.0390625
3 0.3625 0.2921875 0.0234375 0.0359375
3 0.83125 0.43125 0.0203125 0.034375
3 0.79375 0.4296875 0.021875 0.0328125
3 0.759375 0.425 0.0140625 0.0375
3 0.73125 0.421875 0.021875 0.04375
3 0.696875 0.41875 0.0171875 0.03125
3 0.671875 0.425 0.015625 0.0375
3 0.64375 0.428125 0.01875 0.046875
3 0.6 0.4375 0.01875 0.03125
3 0.578125 0.4375 0.015625 0.034375
3 0.55625 0.440625 0.0203125 0.040625
3 0.3109375 0.6984375 0.021875 0.0421875
3 0.2796875 0.696875 0.0203125 0.0359375
3 0.2375 0.69375 0.0171875 0.0359375
3 0.2125 0.69375 0.0203125 0.0359375
3 0.16875 0.684375 0.0171875 0.0328125
3 0.128125 0.6828125 0.0171875 0.0359375
3 0.1 0.678125 0.0171875 0.034375
3 0.06875 0.675 0.0171875 0.0296875
11 0.1140625 0.096875 0.0203125 0.028125
11 0.1140625 0.1234375 0.0171875 0.0265625
11 0.05 0.0890625 0.01875 0.028125
11 0.05 0.059375 0.0203125 0.025
11 0.00625 0.0890625 0.0109375 0.03125
11 0.00625 0.059375 0.0125 0.025
11 0.565625 0.215625 0.015625 0.03125
11 0.8625 0.29375 0.0171875 0.0296875
11 0.859375 0.265625 0.015625 0.0234375
11 0.7875 0.2921875 0.0140625 0.0265625
11 0.7859375 0.265625 0.015625 0.0265625
11 0.721875 0.2921875 0.0140625 0.028125
11 0.721875 0.265625 0.0171875 0.0234375
11 0.65625 0.29375 0.015625 0.0296875
11 0.653125 0.265625 0.01875 0.0265625
11 0.56875 0.303125 0.015625 0.03125
11 0.565625 0.275 0.015625 0.0234375
5 0.8578125 0.21875 0.01875 0.009375
5 0.8578125 0.2109375 0.01875 0.009375
11 0.44375 0.415625 0.015625 0.03125
11 0.3953125 0.425 0.0203125 0.0328125
11 0.35 0.434375 0.0203125 0.028125
11 0.303125 0.428125 0.01875 0.03125
13 0.24375 0.425 0.01875 0.0359375
13 0.221875 0.4265625 0.0203125 0.034375
13 0.2015625 0.43125 0.015625 0.0328125
13 0.18125 0.434375 0.0171875 0.0328125
13 0.159375 0.4265625 0.015625 0.0328125
13 0.140625 0.428125 0.0171875 0.0296875
13 0.11875 0.4328125 0.0203125 0.03125
13 0.0984375 0.434375 0.0203125 0.028125
13 0.075 0.43125 0.0203125 0.0359375
13 0.053125 0.434375 0.01875 0.03125
13 0.0328125 0.4375 0.021875 0.0328125
13 0.0125 0.440625 0.0203125 0.03125
13 0.8640625 0.609375 0.0203125 0.0265625
13 0.840625 0.609375 0.01875 0.0265625
13 0.81875 0.6140625 0.021875 0.03125
13 0.796875 0.615625 0.01875 0.0296875
13 0.771875 0.609375 0.0234375 0.03125
13 0.75 0.6125 0.0203125 0.034375
13 0.725 0.615625 0.0171875 0.0359375
13 0.70625 0.6171875 0.0203125 0.0359375
13 0.678125 0.615625 0.01875 0.028125
13 0.65625 0.61875 0.0203125 0.028125
13 0.634375 0.621875 0.0171875 0.0328125
13 0.6125 0.621875 0.0171875 0.0359375
13 0.5875 0.6171875 0.0203125 0.03125
13 0.5640625 0.61875 0.0203125 0.0328125
13 0.54375 0.621875 0.0203125 0.034375
13 0.521875 0.6234375 0.01875 0.034375
1 0.25625 0.7015625 0.0125 0.01875
1 0.1859375 0.690625 0.0109375 0.021875
1 0.146875 0.6875 0.009375 0.0203125
1 0.328125 0.61875 0.0125 0.01875
2 0.8125 0.06875 0.015625 0.0234375
2 0.8734375 0.0921875 0.0140625 0.0203125
2 0.871875 0.1171875 0.0140625 0.0234375
2 0.403125 0.090625 0.0140625 0.021875
2 0.4734375 0.0125 0.0171875 0.021875
2 0.775 0.434375 0.015625 0.0203125
2 0.8734375 0.484375 0.0140625 0.0234375
2 0.875 0.509375 0.0171875 0.0234375
4 0.859375 0.4109375 0.015625 0.015625
12 0.5 0.2109375 0.0171875 0.025