14 0.065625 0.25625 0.0328125 0.0453125
11 0.109375 0.25 0.028125 0.046875
14 0.0734375 0.053125 0.034375 0.05625
14 0.06875 0.1671875 0.0328125 0.0734375
14 0.065625 0.446875 0.0359375 0.0640625
14 0.0625 0.546875 0.0359375 0.0796875
14 0.06875 0.8515625 0.034375 0.0625
0 0.06875 0.334375 0.034375 0.05
0 0.065625 0.640625 0.034375 0.0515625
0 0.0671875 0.740625 0.0296875 0.05
0 0.065625 0.934375 0.025 0.04375
6 0.2140625 0.05625 0.0421875 0.03125
6 0.45 0.05625 0.040625 0.0390625
6 0.6921875 0.053125 0.03125 0.03125
6 0.9328125 0.05 0.0359375 0.025
6 0.203125 0.15 0.0390625 0.0296875
6 0.4546875 0.15 0.03125 0.0296875
6 0.690625 0.15 0.028125 0.0359375
11 0.8296875 0.259375 0.025 0.0515625
6 0.94375 0.15 0.0578125 0.0328125
11 0.1625 0.425 0.0328125 0.0546875
6 0.209375 0.33125 0.0359375 0.0390625
11 0.34375 0.425 0.046875 0.08125
11 0.3921875 0.425 0.0453125 0.075
3 0.109375 0.8375 0.028125 0.059375
3 0.13125 0.8375 0.0328125 0.0640625
3 0.1625 0.8421875 0.0203125 0.06875
3 0.1875 0.8390625 0.025 0.04375
3 0.215625 0.85 0.025 0.0546875
11 0.228125 0.7421875 0.0390625 0.04375
3 0.25 0.846875 0.0234375 0.0390625
3 0.278125 0.8546875 0.028125 0.059375
3 0.30625 0.853125 0.025 0.053125
3 0.3375 0.84375 0.0421875 0.053125
11 0.346875 0.75 0.028125 0.05625
11 0.3515625 0.64375 0.0234375 0.065625
11 0.4046875 0.54375 0.025 0.0890625
11 0.45625 0.440625 0.0390625 0.0703125
6 0.4484375 0.33125 0.0453125 0.0390625
11 0.5890625 0.4359375 0.01875 0.0828125
11 0.64375 0.4296875 0.0359375 0.05625
11 0.70625 0.43125 0.0390625 0.06875
6 0.696875 0.334375 0.0546875 0.04375
11 0.7578125 0.440625 0.0296875 0.0640625
11 0.821875 0.434375 0.0609375 0.065625
11 0.8875 0.434375 0.0453125 0.05625
6 0.9375 0.3375 0.053125 0.0546875
11 0.165625 0.25625 0.0390625 0.0546875
11 0.2203125 0.25625 0.0296875 0.0609375
11 0.271875 0.25625 0.0296875 0.0625
3 0.346875 0.24375 0.0265625 0.05625
3 0.375 0.246875 0.0140625 0.0421875
3 0.403125 0.253125 0.0203125 0.0296875
3 0.434375 0.2484375 0.0125 0.0421875
3 0.459375 0.246875 0.0203125 0.0328125
3 0.4875 0.253125 0.0203125 0.028125
3 0.5171875 0.25625 0.0171875 0.0390625
3 0.54375 0.2609375 0.01875 0.03125
3 0.5875 0.2609375 0.0203125 0.028125
3 0.61875 0.25625 0.015625 0.0375
3 0.64375 0.25 0.034375 0.0453125
3 0.675 0.259375 0.0125 0.0359375
3 0.703125 0.2484375 0.0234375 0.040625
3 0.734375 0.2578125 0.01875 0.0421875
11 0.7578125 0.265625 0.01875 0.075
3 0.8875 0.25625 0.01875 0.040625
3 0.9140625 0.253125 0.0125 0.0296875
3 0.9390625 0.25625 0.021875 0.0296875
3 0.965625 0.25625 0.0203125 0.03125
3 0.99375 0.25625 0.0125 0.040625
3 0.375 0.840625 0.03125 0.0515625
3 0.4 0.8375 0.0234375 0.0859375
11 0.4 0.74375 0.0296875 0.0421875
3 0.45625 0.853125 0.05 0.0609375
3 0.43125 0.8375 0.0296875 0.059375
3 0.484375 0.840625 0.0359375 0.0359375
3 0.4671875 0.746875 0.0234375 0.0359375
3 0.509375 0.85625 0.0375 0.0640625
3 0.490625 0.75 0.0140625 0.046875
3 0.55 0.846875 0.0375 0.0578125
3 0.58125 0.846875 0.0359375 0.0609375
11 0.5875 0.7375 0.0359375 0.0390625
3 0.621875 0.834375 0.0265625 0.040625
3 0.6484375 0.840625 0.0234375 0.0578125
11 0.653125 0.75625 0.0390625 0.0515625
3 0.6796875 0.840625 0.040625 0.0546875
3 0.728125 0.85 0.03125 0.0625
3 0.70625 0.84375 0.0171875 0.0515625
3 0.7109375 0.7453125 0.015625 0.0453125
3 0.7328125 0.7484375 0.01875 0.04375
11 0.109375 0.4265625 0.0265625 0.0515625
11 0.23125 0.428125 0.0359375 0.0859375
11 0.26875 0.4265625 0.03125 0.0890625
11 0.1078125 0.65 0.04375 0.0640625
11 0.16875 0.7453125 0.0484375 0.053125
11 0.16875 0.65 0.0484375 0.078125
11 0.221875 0.653125 0.034375 0.065625
8 0.115625 0.553125 0.040625 0.05625
11 0.2203125 0.553125 0.0328125 0.065625
11 0.28125 0.640625 0.025 0.0546875
11 0.2828125 0.546875 0.0328125 0.0640625
11 0.3484375 0.546875 0.0265625 0.04375
11 0.5125 0.753125 0.025 0.05
8 0.465625 0.65 0.0375 0.0484375
11 0.596875 0.659375 0.040625 0.071875
8 0.459375 0.55625 0.03125 0.05
11 0.5953125 0.553125 0.034375 0.0484375
11 0.640625 0.5515625 0.0203125 0.05625
11 0.70625 0.553125 0.0359375 0.0484375
11 0.753125 0.646875 0.05 0.0515625
11 0.765625 0.55625 0.0390625 0.0734375
3 0.7546875 0.853125 0.028125 0.05625
11 0.765625 0.7546875 0.03125 0.053125
3 0.7875 0.853125 0.01875 0.1
3 0.8234375 0.8609375 0.0328125 0.04375
11 0.828125 0.759375 0.0296875 0.0421875
11 0.828125 0.6625 0.0296875 0.0546875
11 0.825 0.559375 0.0359375 0.0640625
11 0.2765625 0.7578125 0.0390625 0.0640625
11 0.4125 0.65625 0.0625 0.0625
11 0.646875 0.665625 0.0359375 0.059375
11 0.70625 0.6625 0.0390625 0.0453125
11 0.115625 0.7640625 0.040625 0.046875
3 0.8578125 0.853125 0.0265625 0.0640625
3 0.8875 0.8484375 0.021875 0.053125
11 0.878125 0.75 0.025 0.0640625
3 0.9125 0.8375 0.0265625 0.059375
3 0.9453125 0.859375 0.0234375 0.065625
11 0.93125 0.75625 0.0328125 0.0484375
3 0.9921875 0.8453125 0.015625 0.0578125
11 0.9828125 0.7515625 0.034375 0.0546875
11 0.1125 0.93125 0.0328125 0.0453125
11 0.159375 0.93125 0.021875 0.040625
11 0.221875 0.940625 0.0453125 0.053125
11 0.2796875 0.928125 0.0359375 0.0828125
11 0.346875 0.934375 0.025 0.0765625
11 0.4078125 0.94375 0.0296875 0.053125
8 0.459375 0.93125 0.046875 0.0625
11 0.5828125 0.9375 0.0390625 0.071875
11 0.64375 0.94375 0.05 0.0546875
11 0.7 0.9453125 0.04375 0.06875
11 0.75625 0.9359375 0.040625 0.05
11 0.83125 0.9375 0.0328125 0.0609375
8 0.8921875 0.646875 0.05 0.065625
8 0.890625 0.55625 0.0375 0.046875
3 0.9640625 0.853125 0.0203125 0.0359375