14 0.13125 0.15625 0.0328125 0.06875
14 0.1375 0.2984375 0.0359375 0.06875
14 0.06875 0.653125 0.0453125 0.075
14 0.065625 0.796875 0.0390625 0.0734375
0 0.059375 0.86875 0.0265625 0.0421875
0 0.134375 0.371875 0.0265625 0.040625
6 0.3890625 0.153125 0.03125 0.040625
9 0.521875 0.153125 0.0375 0.025
3 0.65625 0.159375 0.0484375 0.0640625
3 0.7078125 0.159375 0.028125 0.05625
3 0.86875 0.1578125 0.028125 0.040625
3 0.921875 0.15 0.05 0.0421875
3 0.203125 0.3 0.01875 0.0296875
3 0.25 0.3 0.01875 0.046875
3 0.290625 0.265625 0.025 0.046875
3 0.34375 0.265625 0.01875 0.040625
3 0.359375 0.31875 0.025 0.03125
3 0.4046875 0.315625 0.0234375 0.046875
3 0.43125 0.284375 0.015625 0.040625
3 0.584375 0.309375 0.025 0.04375
3 0.63125 0.303125 0.025 0.0375
3 0.5140625 0.378125 0.01875 0.0515625
3 0.5625 0.38125 0.021875 0.0390625
3 0.7421875 0.371875 0.028125 0.04375
3 0.78125 0.3734375 0.01875 0.053125
11 0.815625 0.378125 0.0171875 0.0359375
3 0.8625 0.3671875 0.0296875 0.053125
3 0.915625 0.365625 0.028125 0.0515625
3 0.228125 0.659375 0.0109375 0.0515625
3 0.28125 0.6421875 0.028125 0.05
3 0.45625 0.653125 0.0203125 0.04375
3 0.496875 0.6515625 0.0171875 0.0421875
3 0.653125 0.6515625 0.03125 0.04375
3 0.703125 0.653125 0.0375 0.0515625
3 0.88125 0.65625 0.025 0.0421875
3 0.928125 0.646875 0.0296875 0.0453125
11 0.225 0.86875 0.0296875 0.0375
3 0.2296875 0.825 0.01875 0.025
3 0.2578125 0.825 0.021875 0.0296875
3 0.23125 0.796875 0.0203125 0.0390625
3 0.2640625 0.796875 0.0171875 0.0328125
11 0.459375 0.8703125 0.0296875 0.0421875
3 0.459375 0.825 0.0125 0.0296875
3 0.459375 0.7921875 0.0203125 0.028125
3 0.49375 0.8078125 0.015625 0.0203125
3 0.65 0.815625 0.01875 0.0359375
3 0.70625 0.80625 0.0203125 0.0375
3 0.8796875 0.8671875 0.025 0.0390625
3 0.8765625 0.821875 0.0234375 0.0234375
3 0.878125 0.7921875 0.025 0.0265625
3 0.91875 0.8109375 0.021875 0.028125
3 0.921875 0.796875 0.0171875 0.0359375
3 0.75625 0.871875 0.0234375 0.0390625
3 0.7859375 0.86875 0.0234375 0.040625
11 0.753125 0.153125 0.0234375 0.0328125
11 0.8140625 0.15625 0.040625 0.0453125
11 0.746875 0.3265625 0.0203125 0.015625
11 0.75 0.296875 0.03125 0.0375
11 0.1125 0.65 0.01875 0.04375
11 0.328125 0.646875 0.04375 0.0703125
11 0.3984375 0.640625 0.028125 0.0515625
11 0.54375 0.6484375 0.021875 0.0484375
11 0.596875 0.646875 0.0234375 0.0578125
11 0.753125 0.6484375 0.0296875 0.046875
11 0.821875 0.6453125 0.0390625 0.04375
11 0.1125 0.815625 0.0125 0.0421875
11 0.16875 0.821875 0.0203125 0.0390625
11 0.328125 0.8 0.028125 0.028125
11 0.39375 0.796875 0.028125 0.0515625
11 0.109375 0.86875 0.021875 0.0375
11 0.821875 0.865625 0.028125 0.0375
11 0.171875 0.88125 0.0296875 0.0546875
11 0.815625 0.30625 0.0390625 0.0546875
11 0.865625 0.30625 0.0328125 0.059375
11 0.5375 0.803125 0.0125 0.0421875
11 0.596875 0.809375 0.03125 0.071875
8 0.75625 0.8265625 0.01875 0.021875
11 0.759375 0.8 0.028125 0.0421875
11 0.825 0.796875 0.0296875 0.0515625
11 0.540625 0.871875 0.01875 0.0359375
11 0.5953125 0.86875 0.025 0.04375
3 0.328125 0.859375 0.0203125 0.034375
3 0.359375 0.8578125 0.0203125 0.0375
3 0.921875 0.8625 0.0265625 0.034375
8 0.1234375 0.796875 0.0171875 0.0546875