14 0.9765625 0.0390625 0.0359375 0.065625
14 0.98125 0.2328125 0.0359375 0.075
1 0.95625 0.1046875 0.0109375 0.028125
11 0.91875 0.115625 0.05 0.0640625
11 0.878125 0.1125 0.021875 0.059375
11 0.821875 0.115625 0.025 0.059375
11 0.76875 0.1171875 0.034375 0.0578125
11 0.7140625 0.1125 0.0203125 0.0640625
11 0.678125 0.109375 0.0171875 0.0671875
11 0.640625 0.115625 0.0234375 0.0578125
11 0.603125 0.1125 0.0171875 0.05625
11 0.55 0.125 0.015625 0.0671875
11 0.5125 0.128125 0.0265625 0.0609375
11 0.471875 0.125 0.0234375 0.05625
11 0.434375 0.121875 0.0203125 0.0484375
11 0.38125 0.121875 0.0234375 0.0578125
11 0.3453125 0.115625 0.015625 0.053125
11 0.3078125 0.11875 0.01875 0.0515625
11 0.2734375 0.1125 0.01875 0.053125
11 0.215625 0.11875 0.0375 0.0671875
11 0.159375 0.11875 0.0328125 0.0671875
11 0.109375 0.121875 0.034375 0.0578125
11 0.05625 0.11875 0.0296875 0.04375
3 0.0546875 0.234375 0.0203125 0.0453125
3 0.0828125 0.234375 0.025 0.046875
3 0.1171875 0.2296875 0.025 0.046875
3 0.1515625 0.234375 0.0265625 0.046875
3 0.18125 0.23125 0.021875 0.04375
3 0.209375 0.228125 0.03125 0.040625
3 0.2453125 0.23125 0.025 0.0609375
3 0.275 0.225 0.0125 0.034375
3 0.3015625 0.23125 0.0359375 0.04375
3 0.334375 0.2296875 0.021875 0.040625
3 0.365625 0.2375 0.01875 0.0390625
11 0.91875 0.3109375 0.025 0.053125
11 0.8546875 0.3125 0.0375 0.0453125
11 0.7953125 0.30625 0.0171875 0.0390625
11 0.7328125 0.3078125 0.0203125 0.059375
11 0.65 0.321875 0.0203125 0.0609375