11 0.0046875 0.2640625 0.009375 0.03125
11 0.0609375 0.259375 0.01875 0.028125
11 0.109375 0.259375 0.0234375 0.028125
11 0.15 0.2625 0.0296875 0.0296875
11 0.221875 0.26875 0.021875 0.0265625
11 0.265625 0.2703125 0.021875 0.028125
11 0.30625 0.271875 0.01875 0.0296875
11 0.3515625 0.275 0.021875 0.034375
11 0.4125 0.26875 0.034375 0.028125
11 0.5609375 0.278125 0.0203125 0.0296875
11 0.603125 0.28125 0.0234375 0.0359375
11 0.6421875 0.278125 0.028125 0.03125
11 0.6890625 0.275 0.0234375 0.03125
11 0.8609375 0.278125 0.0203125 0.03125
11 0.00625 0.51875 0.0109375 0.03125
11 0.046875 0.5234375 0.025 0.0359375
11 0.0875 0.51875 0.0296875 0.0359375
11 0.1359375 0.5171875 0.025 0.03125
11 0.309375 0.528125 0.0359375 0.0359375
11 0.453125 0.634375 0.034375 0.0375
11 0.5015625 0.63125 0.0328125 0.0421875
11 0.7859375 0.63125 0.03125 0.046875
11 0.83125 0.6328125 0.034375 0.04375
11 0.4546875 0.721875 0.028125 0.0359375
11 0.5015625 0.7234375 0.0296875 0.0390625
11 0.7890625 0.7296875 0.0296875 0.0359375
11 0.834375 0.728125 0.028125 0.0390625
11 0.0046875 0.9015625 0.009375 0.03125
11 0.04375 0.90625 0.0265625 0.0375
11 0.090625 0.9 0.015625 0.0359375
11 0.1375 0.8984375 0.0265625 0.034375
11 0.315625 0.9125 0.0265625 0.0296875
11 0.4546875 0.940625 0.025 0.025
11 0.5015625 0.9421875 0.01875 0.025
11 0.459375 0.9625 0.01875 0.03125
11 0.503125 0.9609375 0.0171875 0.0296875
11 0.7890625 0.940625 0.025 0.0265625
11 0.790625 0.965625 0.028125 0.0265625
11 0.834375 0.9421875 0.0265625 0.025
11 0.8375 0.965625 0.01875 0.03125
8 0.00625 0.03671875 0.0125 0.0359375
8 0.109375 0.0296875 0.0234375 0.0328125
8 0.21875 0.03125 0.0296875 0.0390625
8 0.309375 0.0375 0.025 0.034375
8 0.5578125 0.04375 0.0359375 0.0390625
8 0.646875 0.0421875 0.0328125 0.0328125
8 0.7625 0.0359375 0.0234375 0.0421875
8 0.828125 0.040625 0.028125 0.034375
8 0.003125 0.11875 0.00625 0.034375
8 0.1078125 0.128125 0.025 0.028125
8 0.221875 0.125 0.0265625 0.0328125
8 0.30625 0.13125 0.0296875 0.0328125
8 0.5625 0.11875 0.0234375 0.0359375
8 0.6453125 0.1296875 0.025 0.040625
8 0.7625 0.1125 0.025 0.0421875
8 0.828125 0.128125 0.03125 0.0390625
8 0.0046875 0.203125 0.009375 0.0296875
8 0.1078125 0.184375 0.025 0.0390625
8 0.221875 0.190625 0.034375 0.0390625
8 0.3125 0.1875 0.03125 0.0328125
8 0.559375 0.190625 0.0296875 0.0390625
8 0.65 0.1875 0.0234375 0.0359375
8 0.7625 0.203125 0.025 0.0359375
8 0.828125 0.2 0.034375 0.034375
8 0.003125 0.3 0.00625 0.028125
8 0.103125 0.296875 0.0203125 0.0296875
8 0.2203125 0.296875 0.0203125 0.028125
8 0.309375 0.3046875 0.0234375 0.0296875
8 0.453125 0.271875 0.025 0.0328125
8 0.559375 0.309375 0.01875 0.028125
8 0.646875 0.303125 0.01875 0.0234375
8 0.75625 0.28125 0.0328125 0.0296875
8 0.8234375 0.3 0.0203125 0.034375
8 0.00625 0.3296875 0.0125 0.03125
8 0.0046875 0.3625 0.009375 0.0359375
8 0.109375 0.3265625 0.0296875 0.0328125
8 0.1046875 0.365625 0.0265625 0.0375
8 0.221875 0.321875 0.0171875 0.0234375
8 0.221875 0.3703125 0.0265625 0.0296875
8 0.3078125 0.33125 0.03125 0.021875
8 0.3078125 0.36875 0.0296875 0.0296875
8 0.565625 0.334375 0.025 0.025
8 0.5609375 0.3703125 0.0328125 0.0265625
8 0.65 0.3265625 0.01875 0.0234375
8 0.646875 0.365625 0.0203125 0.03125
8 0.7609375 0.33125 0.025 0.028125
8 0.7625 0.3625 0.0171875 0.03125
8 0.8234375 0.3296875 0.0296875 0.025
8 0.828125 0.359375 0.025 0.03125
8 0.20625 0.5234375 0.025 0.034375
8 0.003125 0.628125 0.00625 0.0375
8 0.09375 0.621875 0.0234375 0.03125
8 0.20625 0.628125 0.03125 0.0328125
8 0.278125 0.628125 0.0234375 0.0375
8 0.5640625 0.6375 0.0328125 0.0375
8 0.634375 0.6328125 0.0171875 0.0421875
8 0.0078125 0.7296875 0.015625 0.0359375
8 0.090625 0.721875 0.0296875 0.0359375
8 0.2125 0.7171875 0.025 0.034375
8 0.278125 0.71875 0.03125 0.0390625
8 0.5640625 0.728125 0.034375 0.0359375
8 0.6375 0.7265625 0.0265625 0.0328125
8 0.00625 0.825 0.0125 0.0484375
8 0.0953125 0.809375 0.0296875 0.0453125
8 0.209375 0.825 0.01875 0.0375
8 0.28125 0.815625 0.0265625 0.034375
8 0.003125 0.93046875 0.00625 0.0203125
8 0.090625 0.9296875 0.01875 0.0234375
8 0.209375 0.90625 0.0203125 0.0296875
8 0.209375 0.93125 0.0203125 0.021875
8 0.278125 0.934375 0.0296875 0.021875
8 0.5625 0.94375 0.0203125 0.0265625
8 0.6375 0.940625 0.0203125 0.0296875
8 0.003125 0.95234375 0.00625 0.0265625
8 0.003125 0.984375 0.00625 0.03125
8 0.090625 0.9578125 0.0234375 0.0296875
8 0.0875 0.98671875 0.025 0.0265625
8 0.2140625 0.95625 0.0203125 0.0234375
8 0.2125 0.9859375 0.028125 0.028125
8 0.278125 0.959375 0.03125 0.025
8 0.28046875 0.98984375 0.0203125 0.0203125
8 0.559375 0.9640625 0.025 0.0296875
8 0.634375 0.9671875 0.021875 0.0359375
5 0.4140625 0.0484375 0.028125 0.0140625
5 0.934375 0.046875 0.0296875 0.0171875
5 0.9375 0.11875 0.028125 0.0125
5 0.4140625 0.11875 0.0296875 0.0203125
5 0.4140625 0.19375 0.0328125 0.0140625
5 0.928125 0.1890625 0.025 0.015625
5 0.9296875 0.284375 0.0296875 0.015625
5 0.93125 0.2921875 0.0234375 0.0140625
5 0.93125 0.33125 0.03125 0.0140625
5 0.9296875 0.3484375 0.0296875 0.01875
5 0.415625 0.2921875 0.0328125 0.0109375
5 0.3890625 0.540625 0.021875 0.0203125
5 0.565625 0.540625 0.021875 0.015625
5 0.7234375 0.54375 0.0203125 0.0109375
5 0.9140625 0.5421875 0.0265625 0.015625
5 0.915625 0.65 0.0234375 0.015625
5 0.915625 0.734375 0.0171875 0.0125
5 0.390625 0.8171875 0.021875 0.0171875
5 0.390625 0.840625 0.028125 0.0125
5 0.56875 0.81875 0.034375 0.015625
5 0.5703125 0.8421875 0.028125 0.0171875
5 0.721875 0.8171875 0.021875 0.01875
5 0.721875 0.84375 0.025 0.009375
5 0.9125 0.8171875 0.0296875 0.015625
5 0.915625 0.8390625 0.0328125 0.0171875
5 0.9125 0.9234375 0.0234375 0.0140625
5 0.915625 0.934375 0.01875 0.0125
5 0.5640625 0.9234375 0.025 0.0109375
5 0.3875 0.925 0.028125 0.0140625
5 0.3875 0.978125 0.021875 0.0203125
5 0.3875 0.996875 0.04375 0.00625
5 0.58125 0.978125 0.0171875 0.0171875
5 0.584375 0.9984375 0.0265625 0.003125
5 0.721875 0.98125 0.0296875 0.0171875
5 0.725 0.996875 0.03125 0.0046875
5 0.915625 0.971875 0.0234375 0.0125
5 0.915625 0.98125 0.0265625 0.0109375
5 0.9125 0.996875 0.0328125 0.0046875
2 0.896875 0.9671875 0.015625 0.034375
2 0.896875 0.7359375 0.01875 0.025