0 0.053125 0.0140625 0.028125 0.028125
1 0.078125 0.0046875 0.0140625 0.009375
0 0.0546875 0.0765625 0.021875 0.0515625
0 0.0515625 0.140625 0.0265625 0.05
0 0.053125 0.215625 0.025 0.0453125
1 0.078125 0.071875 0.009375 0.0203125
1 0.0859375 0.059375 0.0140625 0.0203125
1 0.078125 0.1375 0.0125 0.0234375
1 0.084375 0.1234375 0.009375 0.0171875
1 0.078125 0.2125 0.0125 0.0203125
1 0.084375 0.2015625 0.0109375 0.0171875
1 0.078125 0.275 0.0078125 0.021875
1 0.0859375 0.2671875 0.009375 0.0171875
1 0.075 0.3421875 0.0171875 0.025
1 0.0875 0.33125 0.0125 0.025
1 0.0765625 0.4046875 0.0125 0.021875
1 0.0859375 0.3953125 0.0125 0.015625
1 0.078125 0.49375 0.0125 0.0171875
1 0.0890625 0.484375 0.0140625 0.0171875
1 0.0765625 0.55625 0.0125 0.025
1 0.0875 0.546875 0.0171875 0.0171875
1 0.078125 0.63125 0.009375 0.0203125
1 0.0859375 0.6203125 0.0140625 0.01875
1 0.0765625 0.6984375 0.0140625 0.015625
1 0.0875 0.6875 0.0140625 0.0203125
1 0.078125 0.7640625 0.009375 0.0234375
1 0.0859375 0.753125 0.0109375 0.015625
1 0.078125 0.8296875 0.0125 0.0203125
1 0.0859375 0.821875 0.0140625 0.01875
1 0.0765625 0.896875 0.0125 0.0203125
1 0.084375 0.884375 0.0171875 0.01875
1 0.0765625 0.9578125 0.0109375 0.021875
1 0.0859375 0.9484375 0.0125 0.01875
0 0.053125 0.7703125 0.028125 0.0515625
0 0.05 0.634375 0.03125 0.0578125
0 0.0515625 0.5640625 0.028125 0.0515625
0 0.0515625 0.4984375 0.025 0.0515625
11 0.128125 0.084375 0.01875 0.028125
13 0.2921875 0.0828125 0.015625 0.034375
13 0.325 0.084375 0.028125 0.034375
3 0.365625 0.071875 0.0234375 0.028125
3 0.41875 0.075 0.028125 0.0296875
3 0.478125 0.08125 0.0375 0.0390625
3 0.5390625 0.0765625 0.028125 0.0328125
3 0.625 0.0765625 0.0296875 0.034375
11 0.6796875 0.075 0.0234375 0.034375
3 0.7859375 0.0734375 0.0328125 0.034375
3 0.840625 0.078125 0.0296875 0.034375
11 0.896875 0.084375 0.0203125 0.0328125
3 0.1328125 0.140625 0.021875 0.0359375
3 0.184375 0.13125 0.0359375 0.0359375
11 0.253125 0.1390625 0.025 0.0359375
3 0.3671875 0.146875 0.0359375 0.040625
3 0.41875 0.134375 0.03125 0.028125
11 0.4828125 0.140625 0.0265625 0.0359375
3 0.6203125 0.146875 0.0265625 0.0375
3 0.6765625 0.1375 0.028125 0.0296875
11 0.7375 0.1359375 0.0234375 0.0296875
3 0.8390625 0.146875 0.040625 0.0453125
3 0.903125 0.1359375 0.0265625 0.028125
11 0.959375 0.146875 0.01875 0.0296875
8 0.13125 0.2 0.01875 0.034375
3 0.365625 0.2 0.025 0.040625
3 0.425 0.2015625 0.021875 0.0375
3 0.48125 0.203125 0.0234375 0.040625
3 0.540625 0.2046875 0.0234375 0.034375
3 0.61875 0.2078125 0.03125 0.0328125
8 0.675 0.203125 0.025 0.0375
13 0.99609375 0.2125 0.0078125 0.0375
12 0.840625 0.5625 0.0171875 0.025
13 0.95625 0.5625 0.025 0.0390625
13 0.990625 0.5578125 0.0171875 0.034375
11 0.125 0.64375 0.01875 0.034375
13 0.2828125 0.6421875 0.0296875 0.034375
13 0.315625 0.6375 0.0234375 0.034375
3 0.35625 0.640625 0.0265625 0.0390625
3 0.409375 0.6421875 0.0234375 0.0328125
3 0.4671875 0.6453125 0.0265625 0.0265625
3 0.5328125 0.640625 0.021875 0.040625
5 0.6125 0.634375 0.0203125 0.009375
3 0.128125 0.7125 0.0234375 0.028125
3 0.1859375 0.7015625 0.028125 0.0359375
11 0.2453125 0.690625 0.021875 0.03125
3 0.359375 0.703125 0.0296875 0.0328125
3 0.40625 0.6921875 0.0359375 0.028125
11 0.46875 0.69375 0.0234375 0.0328125
3 0.615625 0.703125 0.0328125 0.0375
3 0.6703125 0.6984375 0.0421875 0.040625
3 0.725 0.69375 0.028125 0.0328125
3 0.7859375 0.690625 0.0359375 0.0328125
11 0.846875 0.6984375 0.0265625 0.0390625
11 0.921875 0.6984375 0.0265625 0.0359375
8 0.128125 0.7515625 0.01875 0.0359375
11 0.353125 0.753125 0.0296875 0.0390625
3 0.4703125 0.75625 0.0296875 0.0359375
3 0.509375 0.75625 0.0296875 0.040625
3 0.553125 0.7546875 0.028125 0.040625
8 0.6125 0.75625 0.01875 0.034375
11 0.9234375 0.759375 0.0296875 0.03125
13 0.99921875 0.2125 0.0015625 0.0375