1 0.0015625 0.0140625 0.003125 0.01875
1 0.0015625 0.1359375 0.003125 0.0171875
11 0.0421875 0.5015625 0.015625 0.0375
11 0.340625 0.4953125 0.015625 0.0390625
11 0.04375 0.4125 0.0171875 0.028125
11 0.23125 0.41875 0.0171875 0.0296875
11 0.2859375 0.421875 0.015625 0.028125
8 0.153125 0.4953125 0.0171875 0.0390625
8 0.23125 0.49375 0.015625 0.0390625
8 0.153125 0.4046875 0.015625 0.0296875
3 0.109375 0.50625 0.0171875 0.05625
3 0.115625 0.409375 0.025 0.0296875
11 0.040625 0.34375 0.015625 0.028125
11 0.23125 0.340625 0.0140625 0.028125
11 0.2859375 0.34375 0.015625 0.0265625
11 0.475 0.328125 0.0140625 0.0296875
11 0.66875 0.3375 0.015625 0.028125
11 0.66875 0.41875 0.015625 0.0296875
11 0.4765625 0.403125 0.0171875 0.0296875
11 0.475 0.4953125 0.015625 0.0390625
11 0.66875 0.4921875 0.01875 0.046875
3 0.1125 0.33125 0.0234375 0.028125
3 0.3421875 0.328125 0.0171875 0.0265625
3 0.375 0.33125 0.0171875 0.028125
3 0.409375 0.33125 0.0171875 0.028125
3 0.44375 0.33125 0.0171875 0.028125
3 0.53125 0.34375 0.015625 0.0265625
3 0.5625 0.340625 0.0203125 0.028125
3 0.596875 0.3375 0.0171875 0.0296875
3 0.63125 0.334375 0.0234375 0.03125
3 0.759375 0.3375 0.01875 0.028125
3 0.3421875 0.40625 0.0203125 0.025
3 0.375 0.409375 0.01875 0.028125
3 0.409375 0.409375 0.01875 0.028125
3 0.44375 0.409375 0.01875 0.0265625
3 0.534375 0.4078125 0.01875 0.0296875
3 0.565625 0.40625 0.01875 0.028125
3 0.5984375 0.4 0.0171875 0.0234375
3 0.6359375 0.4 0.01875 0.025
3 0.44375 0.50625 0.01875 0.05625
3 0.565625 0.50625 0.01875 0.0625
3 0.596875 0.503125 0.01875 0.065625
3 0.634375 0.5046875 0.021875 0.0640625
3 0.725 0.5 0.0171875 0.071875
3 0.753125 0.5 0.025 0.071875
3 0.725 0.421875 0.015625 0.028125
3 0.753125 0.421875 0.021875 0.0265625
8 0.1546875 0.328125 0.0171875 0.0296875
8 0.790625 0.340625 0.015625 0.0296875
8 0.790625 0.41875 0.0171875 0.0296875
8 0.790625 0.4984375 0.0171875 0.075
8 0.559375 0.025 0.015625 0.028125
3 0.0703125 0.01875 0.01875 0.03125
3 0.06875 0.1125 0.01875 0.0625
3 0.109375 0.1125 0.0265625 0.0625
3 0.2421875 0.115625 0.01875 0.053125
3 0.703125 0.0859375 0.021875 0.0265625
3 0.740625 0.0875 0.0171875 0.028125
3 0.78125 0.0875 0.0171875 0.028125
3 0.821875 0.0875 0.01875 0.0265625
3 0.7 0.0265625 0.0203125 0.0265625
3 0.7390625 0.0265625 0.01875 0.0265625
3 0.778125 0.028125 0.021875 0.03125
3 0.81875 0.028125 0.021875 0.0296875
3 0.115625 0.0171875 0.0203125 0.03125
11 0.153125 0.021875 0.01875 0.0296875
11 0.153125 0.1125 0.01875 0.0578125
11 0.28125 0.115625 0.01875 0.0546875
11 0.353125 0.115625 0.0171875 0.05625
11 0.55625 0.1125 0.0171875 0.059375
11 0.628125 0.1125 0.01875 0.0546875
11 0.284375 0.021875 0.0171875 0.0296875
11 0.3546875 0.021875 0.0171875 0.0296875
3 0.2453125 0.021875 0.028125 0.028125
5 0.428125 0.03125 0.0203125 0.009375
5 0.428125 0.096875 0.01875 0.0109375
1 0.903125 0.021875 0.0109375 0.0171875
1 0.9046875 0.14375 0.0109375 0.015625
1 0.878125 0.33125 0.0125 0.0171875
1 0.8859375 0.3203125 0.009375 0.01875
1 0.8953125 0.334375 0.009375 0.01875
1 0.903125 0.3234375 0.009375 0.015625
1 0.878125 0.4078125 0.0109375 0.015625
1 0.8875 0.396875 0.0125 0.0171875
1 0.89375 0.4125 0.009375 0.0203125
1 0.903125 0.4 0.009375 0.01875
1 0.878125 0.5375 0.009375 0.0171875
1 0.8875 0.525 0.0109375 0.0171875
1 0.89375 0.540625 0.0078125 0.0203125
1 0.903125 0.5296875 0.0078125 0.0203125
1 0.003125 0.715625 0.0046875 0.01875
1 0.0015625 0.79375 0.003125 0.01875
1 0.0015625 0.9171875 0.003125 0.01875
3 0.1125 0.734375 0.0171875 0.0296875
3 0.1625 0.734375 0.015625 0.0296875
3 0.2125 0.734375 0.0171875 0.03125
3 0.1140625 0.809375 0.015625 0.028125
3 0.1625 0.8125 0.0171875 0.0234375
3 0.209375 0.815625 0.021875 0.0234375
3 0.1140625 0.8875 0.01875 0.075
3 0.1625 0.890625 0.0203125 0.071875
3 0.209375 0.890625 0.0265625 0.06875
3 0.546875 0.890625 0.0203125 0.0640625
3 0.55 0.803125 0.025 0.028125
4 0.065625 0.7265625 0.0125 0.0140625
4 0.065625 0.803125 0.0125 0.0125
4 0.065625 0.921875 0.015625 0.0109375
11 0.2625 0.8015625 0.015625 0.0296875
11 0.2625 0.728125 0.0140625 0.0296875
11 0.35 0.734375 0.0171875 0.0296875
11 0.35 0.815625 0.0140625 0.028125
11 0.2625 0.8921875 0.015625 0.0640625
11 0.35 0.8875 0.015625 0.06875
11 0.4359375 0.890625 0.015625 0.0671875
11 0.4375 0.796875 0.015625 0.028125
5 0.4390625 0.7234375 0.021875 0.0078125
4 0.71875 0.7265625 0.0125 0.0140625
4 0.7203125 0.803125 0.0125 0.0125
4 0.7203125 0.921875 0.0109375 0.0140625
3 0.76875 0.721875 0.0203125 0.025
3 0.81875 0.721875 0.0203125 0.025
3 0.865625 0.7234375 0.0203125 0.028125
3 0.76875 0.7984375 0.01875 0.0265625
3 0.81875 0.8 0.0171875 0.025
3 0.865625 0.8015625 0.0171875 0.0296875
3 0.7671875 0.89375 0.01875 0.0625
3 0.815625 0.89375 0.0234375 0.0625
3 0.8640625 0.9 0.021875 0.05
8 0.596875 0.8015625 0.0171875 0.028125
8 0.596875 0.890625 0.015625 0.0625