0 0.065625 0.075 0.03125 0.053125
1 0.0859375 0.0703125 0.0109375 0.0203125
1 0.09375 0.0625 0.015625 0.0171875
8 0.1296875 0.05 0.015625 0.021875
1 0.084375 0.1375 0.0140625 0.0171875
1 0.09375 0.128125 0.015625 0.0171875
2 0.1171875 0.128125 0.0125 0.0203125
2 0.115625 0.15 0.0125 0.0171875
2 0.16875 0.10625 0.0125 0.01875
3 0.221875 0.05 0.0171875 0.0234375
3 0.240625 0.053125 0.01875 0.025
3 0.275 0.05625 0.0171875 0.025
2 0.2625 0.0625 0.0109375 0.0203125
5 0.309375 0.059375 0.015625 0.009375
5 0.3125 0.06875 0.015625 0.00625
5 0.3109375 0.075 0.015625 0.00625
3 0.4453125 0.0640625 0.0171875 0.034375
3 0.475 0.06875 0.0125 0.025
3 0.4984375 0.0703125 0.0125 0.0234375
2 0.4625 0.059375 0.0125 0.0171875
8 0.515625 0.078125 0.0171875 0.028125
2 0.525 0.128125 0.0125 0.0203125
8 0.678125 0.0453125 0.0171875 0.0234375
8 0.83125 0.04375 0.0171875 0.0203125
0 0.0625 0.24375 0.0234375 0.04375
1 0.0875 0.240625 0.0109375 0.01875
1 0.09375 0.23125 0.0125 0.0171875
1 0.115625 0.23125 0.0125 0.01875
1 0.0875 0.309375 0.0125 0.021875
1 0.0953125 0.3 0.0125 0.015625
1 0.1796875 0.221875 0.0125 0.01875
3 0.1578125 0.2125 0.0234375 0.025
3 0.19375 0.2171875 0.015625 0.0265625
3 0.21875 0.2203125 0.015625 0.03125
3 0.2453125 0.21875 0.021875 0.0296875
3 0.278125 0.221875 0.0203125 0.028125
3 0.309375 0.2203125 0.0171875 0.0296875
11 0.384375 0.234375 0.0203125 0.028125
12 0.4421875 0.23125 0.015625 0.021875
3 0.4421875 0.309375 0.0203125 0.028125
3 0.471875 0.3171875 0.0171875 0.0234375
3 0.5015625 0.309375 0.021875 0.0296875
3 0.5328125 0.303125 0.0203125 0.03125
3 0.5625 0.3 0.015625 0.0359375
3 0.5 0.24375 0.0203125 0.03125
3 0.5296875 0.2421875 0.025 0.0328125
3 0.5609375 0.240625 0.0234375 0.03125
5 0.6125 0.309375 0.0203125 0.0078125
3 0.634375 0.253125 0.0203125 0.0296875
3 0.6625 0.25 0.0265625 0.0265625
3 0.69375 0.246875 0.0203125 0.028125
3 0.725 0.2375 0.01875 0.028125
3 0.75625 0.240625 0.01875 0.028125
3 0.784375 0.2421875 0.0203125 0.0296875
3 0.8125 0.2421875 0.021875 0.03125
5 0.8703125 0.2625 0.025 0.009375
5 0.8703125 0.3015625 0.021875 0.0078125
5 0.871875 0.321875 0.0171875 0.0078125
0 0.065625 0.4140625 0.028125 0.0453125
1 0.0875 0.4125 0.0125 0.0171875
1 0.0953125 0.403125 0.0109375 0.015625
1 0.084375 0.475 0.0125 0.0171875
1 0.09375 0.465625 0.0125 0.0171875
2 0.115625 0.4671875 0.0109375 0.021875
2 0.115625 0.4875 0.0140625 0.0203125
4 0.1296875 0.403125 0.0125 0.0140625
3 0.153125 0.421875 0.021875 0.034375
3 0.18125 0.41875 0.021875 0.0328125
3 0.215625 0.4140625 0.0125 0.03125
3 0.24375 0.4125 0.015625 0.0328125
3 0.2671875 0.409375 0.0140625 0.03125
3 0.290625 0.4125 0.0171875 0.034375
3 0.3125 0.41875 0.0140625 0.0421875
2 0.2 0.425 0.0140625 0.0203125
5 0.134375 0.4671875 0.0203125 0.00625
5 0.134375 0.4875 0.021875 0.009375
3 0.35 0.425 0.025 0.0265625
3 0.371875 0.4265625 0.015625 0.0296875
3 0.3890625 0.43125 0.01875 0.0359375
5 0.353125 0.465625 0.0171875 0.00625
5 0.3546875 0.484375 0.0203125 0.0109375
8 0.4140625 0.428125 0.0140625 0.028125
5 0.490625 0.465625 0.021875 0.0125
5 0.490625 0.490625 0.021875 0.009375
11 0.525 0.4140625 0.0203125 0.03125
11 0.5671875 0.425 0.01875 0.028125
11 0.609375 0.4171875 0.015625 0.0296875
13 0.6578125 0.415625 0.0171875 0.0328125
13 0.678125 0.4171875 0.0171875 0.0296875
13 0.6953125 0.41875 0.0109375 0.0328125
13 0.7140625 0.421875 0.015625 0.03125
13 0.734375 0.4171875 0.0140625 0.034375
13 0.75 0.41875 0.015625 0.03125
13 0.76875 0.421875 0.0140625 0.0265625
13 0.7875 0.421875 0.015625 0.0296875
13 0.8078125 0.421875 0.0109375 0.0328125
13 0.828125 0.421875 0.015625 0.03125
13 0.84375 0.425 0.0109375 0.03125
13 0.8640625 0.428125 0.015625 0.025
13 0.8828125 0.403125 0.015625 0.028125
13 0.9015625 0.4046875 0.015625 0.0296875
13 0.91875 0.409375 0.0171875 0.0328125
13 0.940625 0.4125 0.015625 0.0375
5 0.6625 0.4671875 0.0203125 0.0109375
5 0.6640625 0.4875 0.0171875 0.009375
0 0.065625 0.5796875 0.0265625 0.0484375
1 0.0875 0.5765625 0.0125 0.0203125
1 0.09375 0.5671875 0.0171875 0.0171875
1 0.084375 0.640625 0.0125 0.0203125
1 0.09375 0.63125 0.01875 0.01875
13 0.125 0.571875 0.021875 0.028125
13 0.14375 0.575 0.01875 0.03125
13 0.165625 0.578125 0.01875 0.0296875
13 0.184375 0.58125 0.0171875 0.0328125
13 0.2078125 0.575 0.0171875 0.03125
13 0.228125 0.575 0.0140625 0.0359375
13 0.24375 0.578125 0.0203125 0.0359375
13 0.2625 0.58125 0.015625 0.0375
13 0.2859375 0.5796875 0.01875 0.028125
13 0.3046875 0.58125 0.0171875 0.0328125
13 0.325 0.584375 0.0171875 0.0328125
13 0.34375 0.5859375 0.01875 0.0359375
13 0.365625 0.5796875 0.015625 0.0328125
13 0.3875 0.5828125 0.0203125 0.03125
13 0.40625 0.584375 0.0171875 0.03125
13 0.421875 0.5875 0.01875 0.0359375
5 0.1296875 0.634375 0.01875 0.0078125
5 0.13125 0.653125 0.0171875 0.0078125
5 0.4609375 0.6359375 0.025 0.0078125
5 0.4625 0.65625 0.0296875 0.0109375
1 0.590625 0.584375 0.0125 0.0203125
3 0.6015625 0.6515625 0.025 0.0359375
3 0.6265625 0.6484375 0.028125 0.0359375
3 0.665625 0.65 0.0125 0.0296875
3 0.690625 0.646875 0.021875 0.03125
3 0.725 0.640625 0.0140625 0.0234375
3 0.7609375 0.6375 0.0171875 0.028125
3 0.7875 0.6359375 0.015625 0.0234375
3 0.815625 0.63125 0.0203125 0.025
1 0.65 0.65625 0.0140625 0.015625
1 0.7125 0.6453125 0.0171875 0.0203125
1 0.74375 0.64375 0.0171875 0.0203125
5 0.86875 0.575 0.01875 0.0078125
5 0.86875 0.58125 0.015625 0.009375
5 0.86875 0.590625 0.0203125 0.009375
5 0.86875 0.64375 0.0234375 0.009375
5 0.86875 0.665625 0.015625 0.0125
5 0.6109375 0.33125 0.0203125 0.009375
3 0.340625 0.21875 0.021875 0.025