0 0.028125 0.9875 0.0328125 0.0234375
0 0.0296875 0.9296875 0.03125 0.0578125
0 0.0265625 0.853125 0.034375 0.05625
0 0.028125 0.703125 0.0296875 0.065625
0 0.028125 0.484375 0.028125 0.0578125
0 0.028125 0.396875 0.03125 0.0546875
0 0.03125 0.29375 0.025 0.0484375
0 0.028125 0.128125 0.03125 0.05625
11 0.0671875 0.990625 0.0203125 0.0171875
11 0.125 0.99375 0.0234375 0.0109375
11 0.16875 0.9953125 0.021875 0.009375
11 0.20625 0.9953125 0.021875 0.009375
11 0.271875 0.99296875 0.021875 0.0140625
11 0.3125 0.9921875 0.0171875 0.015625
11 0.353125 0.9875 0.015625 0.0234375
11 0.45 0.9921875 0.0140625 0.015625
11 0.5875 0.99375 0.01875 0.0109375
11 0.625 0.99375 0.028125 0.0125
11 0.665625 0.9953125 0.0234375 0.009375
11 0.70234375 0.99609375 0.0203125 0.0078125
11 0.859375 0.99375 0.0265625 0.0109375
11 0.06875 0.71875 0.0234375 0.028125
11 0.128125 0.721875 0.0171875 0.0265625
11 0.171875 0.7234375 0.021875 0.0265625
11 0.209375 0.71875 0.0265625 0.028125
11 0.275 0.715625 0.0203125 0.025
11 0.315625 0.7125 0.0203125 0.0265625
11 0.353125 0.7125 0.0171875 0.0265625
11 0.39375 0.709375 0.0203125 0.03125
11 0.45 0.7140625 0.03125 0.0265625
11 0.5875 0.70625 0.0203125 0.028125
11 0.625 0.703125 0.021875 0.0328125
11 0.6609375 0.70625 0.0265625 0.0296875
11 0.703125 0.709375 0.021875 0.028125
11 0.8625 0.70625 0.01875 0.0296875
11 0.06875 0.484375 0.025 0.0296875
11 0.1125 0.48125 0.0234375 0.0328125
11 0.15 0.484375 0.028125 0.034375
11 0.196875 0.4875 0.021875 0.028125
11 0.3546875 0.475 0.0328125 0.034375
11 0.4875 0.378125 0.03125 0.034375
11 0.53125 0.38125 0.0296875 0.0390625
11 0.7921875 0.38125 0.028125 0.0421875
11 0.834375 0.3796875 0.03125 0.0390625
11 0.4890625 0.2984375 0.025 0.034375
11 0.53125 0.296875 0.028125 0.0375
11 0.7953125 0.290625 0.0265625 0.0328125
11 0.8375 0.29375 0.025 0.0359375
11 0.06875 0.13125 0.025 0.0296875
11 0.1125 0.128125 0.0234375 0.034375
11 0.153125 0.134375 0.0140625 0.0328125
11 0.196875 0.1359375 0.0234375 0.0296875
11 0.3609375 0.125 0.0234375 0.028125
11 0.4875 0.096875 0.021875 0.0234375
11 0.53125 0.096875 0.015625 0.021875
11 0.4921875 0.078125 0.0171875 0.028125
11 0.534375 0.078125 0.015625 0.0265625
11 0.796875 0.096875 0.021875 0.025
11 0.796875 0.075 0.025 0.025
11 0.8375 0.096875 0.0234375 0.021875
11 0.8390625 0.075 0.0171875 0.028125
8 0.76796875 0.99296875 0.0234375 0.0140625
8 0.071875 0.925 0.0265625 0.0328125
8 0.171875 0.934375 0.021875 0.03125
8 0.271875 0.93125 0.0265625 0.0359375
8 0.35625 0.928125 0.0234375 0.03125
8 0.584375 0.921875 0.0328125 0.0359375
8 0.665625 0.921875 0.0296875 0.03125
8 0.771875 0.928125 0.021875 0.0390625
8 0.83125 0.925 0.025 0.0328125
8 0.06875 0.853125 0.01875 0.03125
8 0.1703125 0.84375 0.0234375 0.0265625
8 0.275 0.846875 0.0234375 0.03125
8 0.353125 0.840625 0.028125 0.0296875
8 0.5875 0.8515625 0.0234375 0.0328125
8 0.6625 0.84375 0.0234375 0.0375
8 0.7703125 0.8578125 0.0234375 0.0375
8 0.83125 0.84375 0.0296875 0.0359375
8 0.0671875 0.775 0.0265625 0.0265625
8 0.1703125 0.7921875 0.0234375 0.0359375
8 0.275 0.784375 0.03125 0.0359375
8 0.359375 0.790625 0.0296875 0.0296875
8 0.584375 0.784375 0.028125 0.0359375
8 0.6671875 0.790625 0.0203125 0.0328125
8 0.771875 0.775 0.0234375 0.0328125
8 0.83125 0.778125 0.03125 0.0328125
8 0.0671875 0.6859375 0.01875 0.025
8 0.165625 0.6890625 0.0203125 0.0265625
8 0.2734375 0.6875 0.01875 0.0265625
8 0.3546875 0.68125 0.021875 0.0265625
8 0.4875 0.7125 0.0234375 0.03125
8 0.584375 0.678125 0.0171875 0.025
8 0.665625 0.684375 0.0171875 0.021875
8 0.765625 0.703125 0.028125 0.028125
8 0.828125 0.684375 0.01875 0.0328125
8 0.06875 0.659375 0.028125 0.028125
8 0.06875 0.628125 0.025 0.0328125
8 0.171875 0.6625 0.0265625 0.03125
8 0.1671875 0.625 0.0234375 0.034375
8 0.275 0.665625 0.015625 0.021875
8 0.275 0.621875 0.0234375 0.0265625
8 0.353125 0.6578125 0.028125 0.01875
8 0.353125 0.6234375 0.0265625 0.0265625
8 0.590625 0.65625 0.021875 0.0234375
8 0.5859375 0.621875 0.03125 0.025
8 0.66875 0.6625 0.0171875 0.021875
8 0.665625 0.6265625 0.01875 0.028125
8 0.7703125 0.6578125 0.0234375 0.025
8 0.7703125 0.6296875 0.015625 0.028125
8 0.828125 0.659375 0.0265625 0.0234375
8 0.83125 0.63125 0.021875 0.028125
8 0.259375 0.48125 0.021875 0.03125
8 0.06875 0.384375 0.0203125 0.034375
8 0.15625 0.390625 0.021875 0.0296875
8 0.2609375 0.384375 0.028125 0.0296875
8 0.3265625 0.384375 0.0234375 0.034375
8 0.5890625 0.3765625 0.0296875 0.0328125
8 0.653125 0.38125 0.015625 0.0390625
8 0.065625 0.290625 0.0390625 0.0328125
8 0.1546875 0.2984375 0.028125 0.0328125
8 0.2671875 0.303125 0.0234375 0.03125
8 0.325 0.303125 0.0296875 0.0359375
8 0.5890625 0.2921875 0.03125 0.03125
8 0.65625 0.29375 0.0234375 0.03125
8 0.06875 0.203125 0.028125 0.0453125
8 0.159375 0.21875 0.0265625 0.0421875
8 0.2625 0.2046875 0.015625 0.034375
8 0.3296875 0.2125 0.0234375 0.03125
8 0.06875 0.1046875 0.0234375 0.0203125
8 0.1546875 0.1078125 0.0171875 0.021875
8 0.2625 0.1296875 0.01875 0.0265625
8 0.2625 0.10625 0.0171875 0.0203125
8 0.325 0.1046875 0.0265625 0.0203125
8 0.5875 0.09375 0.01875 0.0234375
8 0.65625 0.096875 0.0203125 0.028125
8 0.06875 0.0875 0.021875 0.0234375
8 0.0703125 0.05625 0.01875 0.034375
8 0.1546875 0.08125 0.021875 0.0265625
8 0.153125 0.053125 0.0234375 0.025
8 0.26875 0.084375 0.0171875 0.0203125
8 0.265625 0.05625 0.025 0.0265625
8 0.328125 0.08125 0.0296875 0.0234375
8 0.3296875 0.046875 0.01875 0.0296875
8 0.584375 0.075 0.0234375 0.028125
8 0.653125 0.0734375 0.0203125 0.0328125
5 0.4515625 0.9171875 0.0265625 0.0125
5 0.92578125 0.99609375 0.0140625 0.0078125
5 0.928125 0.91875 0.0265625 0.015625
5 0.93125 0.853125 0.025 0.0125
5 0.4515625 0.853125 0.0265625 0.01875
5 0.4515625 0.784375 0.0296875 0.0125
5 0.925 0.7875 0.021875 0.0140625
5 0.925 0.7 0.0265625 0.015625
5 0.9265625 0.69375 0.021875 0.0125
5 0.9265625 0.6578125 0.0296875 0.0125
5 0.925 0.640625 0.0265625 0.0171875
5 0.453125 0.69375 0.03125 0.009375
5 0.428125 0.465625 0.0203125 0.01875
5 0.590625 0.465625 0.0203125 0.0140625
5 0.734375 0.4625 0.01875 0.009375
5 0.909375 0.4625 0.025 0.0140625
5 0.9125 0.365625 0.021875 0.0140625
5 0.9125 0.2875 0.015625 0.009375
5 0.43125 0.2109375 0.0203125 0.015625
5 0.43125 0.190625 0.025 0.009375
5 0.59375 0.209375 0.03125 0.0140625
5 0.59375 0.1875 0.0265625 0.015625
5 0.734375 0.2125 0.0203125 0.0171875
5 0.734375 0.1875 0.0234375 0.009375
5 0.909375 0.2125 0.0265625 0.015625
5 0.9125 0.190625 0.03125 0.015625
5 0.909375 0.1125 0.021875 0.0125
5 0.9125 0.103125 0.0171875 0.0109375
5 0.5890625 0.1125 0.021875 0.009375
5 0.428125 0.1125 0.025 0.0140625
5 0.4265625 0.0625 0.0203125 0.01875
5 0.428125 0.040625 0.0390625 0.0140625
5 0.603125 0.0625 0.015625 0.015625
5 0.6078125 0.040625 0.025 0.0109375
5 0.734375 0.059375 0.0265625 0.015625
5 0.7375 0.0390625 0.0296875 0.015625
5 0.9109375 0.06875 0.021875 0.0109375
5 0.9109375 0.0609375 0.0234375 0.009375
5 0.909375 0.040625 0.0296875 0.0125
2 0.89375 0.0734375 0.0140625 0.03125
2 0.8953125 0.2859375 0.0171875 0.0234375