0 0.0640625 0.059375 0.0265625 0.0421875
1 0.0859375 0.053125 0.0078125 0.0203125
1 0.09375 0.0453125 0.0140625 0.0140625
0 0.0625 0.1125 0.025 0.0453125
1 0.0859375 0.1109375 0.0125 0.0171875
1 0.09375 0.1 0.0109375 0.0171875
0 0.065625 0.178125 0.0203125 0.0453125
0 0.0625 0.2359375 0.0234375 0.04375
0 0.065625 0.303125 0.021875 0.040625
1 0.0859375 0.175 0.0078125 0.01875
1 0.09375 0.1640625 0.0125 0.0171875
1 0.084375 0.23125 0.0109375 0.021875
1 0.090625 0.2203125 0.009375 0.015625
1 0.084375 0.2984375 0.0109375 0.0171875
1 0.0921875 0.2890625 0.009375 0.015625
1 0.0859375 0.353125 0.00625 0.0203125
1 0.09375 0.346875 0.0078125 0.015625
1 0.084375 0.4125 0.0140625 0.021875
1 0.09375 0.403125 0.0109375 0.021875
1 0.084375 0.46875 0.0125 0.01875
1 0.09375 0.459375 0.0109375 0.0140625
1 0.0859375 0.546875 0.0109375 0.015625
1 0.096875 0.5375 0.0125 0.0140625
1 0.084375 0.603125 0.0109375 0.0203125
1 0.09375 0.59375 0.0140625 0.015625
1 0.084375 0.66875 0.009375 0.01875
1 0.09375 0.659375 0.0125 0.0171875
1 0.084375 0.728125 0.0125 0.0140625
1 0.09375 0.71875 0.0125 0.01875
1 0.084375 0.784375 0.0078125 0.0203125
1 0.09375 0.7765625 0.009375 0.0140625
1 0.0875 0.84375 0.0109375 0.0171875
1 0.09375 0.8359375 0.0125 0.015625
1 0.084375 0.9015625 0.0109375 0.0171875
1 0.0921875 0.8921875 0.015625 0.015625
1 0.084375 0.95625 0.009375 0.0203125
1 0.09375 0.9484375 0.0109375 0.015625
0 0.0625 0.790625 0.025 0.0453125
0 0.0625 0.671875 0.028125 0.05
0 0.0625 0.609375 0.025 0.0453125
0 0.0625 0.55 0.0234375 0.0453125
11 0.1296875 0.184375 0.015625 0.025
13 0.275 0.184375 0.0140625 0.0296875
13 0.3046875 0.1859375 0.025 0.0296875
3 0.340625 0.175 0.0203125 0.025
3 0.3875 0.1765625 0.025 0.025
3 0.440625 0.18125 0.0328125 0.034375
3 0.49375 0.178125 0.025 0.0296875
3 0.56875 0.178125 0.0265625 0.0296875
11 0.6171875 0.178125 0.021875 0.03125
3 0.7109375 0.175 0.0296875 0.03125
3 0.759375 0.1796875 0.0265625 0.0296875
11 0.809375 0.184375 0.0171875 0.0296875
3 0.134375 0.234375 0.01875 0.0328125
3 0.18125 0.228125 0.0328125 0.03125
11 0.240625 0.234375 0.021875 0.03125
3 0.340625 0.240625 0.03125 0.0375
3 0.3875 0.2296875 0.028125 0.025
11 0.44375 0.2359375 0.0234375 0.03125
3 0.565625 0.240625 0.0234375 0.034375
3 0.615625 0.23125 0.0265625 0.0265625
11 0.6671875 0.23125 0.0203125 0.0265625
3 0.7578125 0.240625 0.0359375 0.0390625
3 0.8125 0.23125 0.0234375 0.025
11 0.865625 0.240625 0.015625 0.0265625
8 0.1328125 0.2875 0.0171875 0.0296875
3 0.340625 0.2875 0.021875 0.0359375
3 0.3921875 0.2875 0.01875 0.0328125
3 0.4421875 0.290625 0.0203125 0.0359375
3 0.4953125 0.290625 0.021875 0.0296875
3 0.5640625 0.29375 0.0265625 0.0296875
8 0.6125 0.290625 0.0234375 0.03125
13 0.903125 0.2984375 0.01875 0.0328125
13 0.93125 0.29375 0.0203125 0.0375
12 0.759375 0.6078125 0.0140625 0.0203125
13 0.8625 0.6078125 0.021875 0.034375
13 0.8953125 0.603125 0.0203125 0.0296875
13 0.9234375 0.59375 0.0203125 0.028125
11 0.128125 0.6796875 0.0171875 0.03125
13 0.2671875 0.678125 0.0265625 0.03125
13 0.296875 0.675 0.021875 0.03125
3 0.33125 0.675 0.0234375 0.034375
3 0.378125 0.678125 0.021875 0.028125
3 0.4296875 0.68125 0.0234375 0.0234375
3 0.4875 0.6765625 0.0203125 0.0359375
5 0.559375 0.6703125 0.01875 0.009375
3 0.1296875 0.740625 0.021875 0.0265625
3 0.18125 0.73125 0.025 0.0328125
11 0.234375 0.71875 0.0203125 0.028125
3 0.334375 0.73125 0.025 0.028125
3 0.375 0.721875 0.03125 0.0265625
11 0.43125 0.7234375 0.0203125 0.028125
3 0.559375 0.73125 0.028125 0.034375
3 0.609375 0.728125 0.0375 0.0359375
3 0.65625 0.721875 0.025 0.0296875
3 0.7109375 0.7203125 0.0328125 0.028125
11 0.765625 0.728125 0.0234375 0.034375
11 0.83125 0.728125 0.0234375 0.03125
8 0.13125 0.775 0.0171875 0.03125
11 0.328125 0.775 0.0265625 0.0359375
3 0.43125 0.778125 0.0265625 0.03125
3 0.46875 0.778125 0.0265625 0.0359375
3 0.50625 0.778125 0.025 0.0359375
8 0.5578125 0.778125 0.015625 0.0296875
11 0.8328125 0.78125 0.025 0.028125