1 0.015625 0.8234375 0.0125 0.01875
1 0.025 0.834375 0.0125 0.0171875
1 0.015625 0.9375 0.0109375 0.01875
1 0.025 0.946875 0.0109375 0.0203125
1 0.015625 0.7453125 0.0125 0.0203125
1 0.025 0.75625 0.009375 0.01875
1 0.046875 0.83125 0.0109375 0.0171875
1 0.015625 0.63125 0.0109375 0.0171875
1 0.025 0.6421875 0.0125 0.01875
1 0.025 0.571875 0.0125 0.0171875
1 0.015625 0.5625 0.0125 0.0171875
1 0.11875 0.84375 0.0109375 0.0203125
1 0.015625 0.4484375 0.009375 0.01875
1 0.025 0.4578125 0.0125 0.01875
1 0.015625 0.378125 0.0140625 0.0171875
1 0.025 0.390625 0.015625 0.0171875
0 0.003125 0.446875 0.00625 0.0515625
5 0.5953125 0.746875 0.01875 0.009375
5 0.596875 0.796875 0.01875 0.00625
5 0.5953125 0.8046875 0.0203125 0.00625
5 0.596875 0.8109375 0.0171875 0.0078125
5 0.884375 0.8 0.0171875 0.009375
5 0.884375 0.809375 0.01875 0.0078125
5 0.8828125 0.81875 0.0203125 0.0078125
5 0.596875 0.7234375 0.01875 0.009375
5 0.8828125 0.7328125 0.01875 0.0078125
5 0.884375 0.75625 0.01875 0.0078125
5 0.065625 0.5484375 0.01875 0.0078125
5 0.0640625 0.571875 0.01875 0.009375
5 0.3125 0.575 0.01875 0.0078125
5 0.3125 0.553125 0.01875 0.0078125
5 0.465625 0.571875 0.0171875 0.0078125
5 0.4640625 0.55 0.0171875 0.0078125
5 0.65625 0.571875 0.01875 0.0078125
5 0.65625 0.55 0.01875 0.009375
5 0.0609375 0.365625 0.01875 0.009375
5 0.0609375 0.3875 0.01875 0.009375
5 0.425 0.384375 0.0171875 0.0078125
5 0.425 0.3625 0.0171875 0.009375
5 0.88125 0.3515625 0.015625 0.0078125
5 0.88125 0.375 0.0171875 0.0078125
5 0.88125 0.434375 0.0171875 0.0078125
5 0.88125 0.44375 0.0171875 0.0078125
5 0.88125 0.453125 0.0140625 0.0078125
8 0.0640625 0.93125 0.015625 0.0234375
8 0.0640625 0.95625 0.0171875 0.025
8 0.2609375 0.934375 0.015625 0.021875
8 0.259375 0.959375 0.0171875 0.0234375
8 0.4140625 0.921875 0.0171875 0.0203125
8 0.415625 0.9515625 0.015625 0.028125
8 0.609375 0.9125 0.0171875 0.021875
8 0.609375 0.940625 0.015625 0.028125
8 0.525 0.940625 0.01875 0.0265625
8 0.703125 0.94375 0.015625 0.0296875
8 0.33125 0.946875 0.015625 0.0296875
8 0.134375 0.94375 0.0171875 0.0296875
8 0.4265625 0.4484375 0.0171875 0.03125
8 0.5 0.4296875 0.015625 0.025
8 0.590625 0.45 0.0171875 0.03125
8 0.7265625 0.428125 0.01875 0.0265625
8 0.3796875 0.615625 0.015625 0.03125
8 0.4921875 0.9953125 0.015625 0.009375
3 0.0625 0.85625 0.01875 0.0265625
3 0.0953125 0.853125 0.01875 0.0265625
3 0.134375 0.8484375 0.0203125 0.0265625
3 0.1625 0.846875 0.01875 0.0359375
3 0.196875 0.846875 0.021875 0.0296875
3 0.228125 0.84375 0.0203125 0.03125
3 0.259375 0.846875 0.01875 0.0296875
3 0.296875 0.8484375 0.01875 0.0296875
3 0.478125 0.8203125 0.0203125 0.0296875
3 0.5125 0.8203125 0.01875 0.0328125
3 0.54375 0.8234375 0.01875 0.0296875
3 0.628125 0.8109375 0.01875 0.0296875
3 0.659375 0.8125 0.01875 0.03125
3 0.690625 0.81875 0.0203125 0.0296875
3 0.728125 0.825 0.01875 0.0296875
3 0.759375 0.8234375 0.0203125 0.03125
3 0.7921875 0.8203125 0.0203125 0.0328125
3 0.825 0.8234375 0.01875 0.0296875
3 0.440625 0.7375 0.01875 0.0234375
3 0.409375 0.746875 0.0203125 0.0296875
3 0.475 0.74375 0.0171875 0.0328125
3 0.509375 0.7515625 0.01875 0.0375
3 0.540625 0.75625 0.021875 0.034375
3 0.090625 0.621875 0.0203125 0.0328125
3 0.125 0.625 0.021875 0.03125
3 0.159375 0.628125 0.0140625 0.0359375
3 0.1875 0.63125 0.0203125 0.0421875
3 0.21875 0.634375 0.015625 0.0296875
3 0.24375 0.6296875 0.0140625 0.0359375
3 0.26875 0.625 0.0171875 0.0453125
3 0.3125 0.6171875 0.0171875 0.0296875
3 0.334375 0.615625 0.015625 0.0328125
3 0.3546875 0.6125 0.0203125 0.0390625
3 0.590625 0.365625 0.0203125 0.0390625
3 0.61875 0.365625 0.01875 0.034375
3 0.659375 0.3703125 0.015625 0.0359375
3 0.6859375 0.371875 0.01875 0.0359375
3 0.725 0.378125 0.0171875 0.03125
3 0.765625 0.3796875 0.015625 0.034375
3 0.79375 0.384375 0.0171875 0.0328125
3 0.8234375 0.3875 0.0171875 0.028125
11 0.778125 0.9453125 0.01875 0.028125
11 0.7796875 0.91875 0.015625 0.025
11 0.8421875 0.9515625 0.0171875 0.0265625
11 0.840625 0.9796875 0.01875 0.025
11 0.8875 0.95 0.0171875 0.0296875
11 0.8875 0.978125 0.0234375 0.0234375
11 0.934375 0.9515625 0.015625 0.0296875
11 0.934375 0.978125 0.01875 0.021875
11 0.3453125 0.8296875 0.015625 0.0296875
11 0.0609375 0.753125 0.0171875 0.028125
11 0.0625 0.78125 0.0140625 0.0234375
11 0.13125 0.75625 0.0140625 0.0265625
11 0.134375 0.78125 0.0140625 0.025
11 0.19375 0.75625 0.0140625 0.0265625
11 0.196875 0.78125 0.0171875 0.0234375
11 0.259375 0.75625 0.015625 0.028125
11 0.259375 0.78125 0.0171875 0.0234375
11 0.34375 0.7453125 0.0140625 0.028125
11 0.34375 0.771875 0.0140625 0.0234375
5 0.0640625 0.8265625 0.0171875 0.0078125
5 0.0640625 0.834375 0.0171875 0.0078125
11 0.4625 0.6375 0.015625 0.0296875
11 0.509375 0.628125 0.01875 0.03125
11 0.553125 0.6203125 0.0203125 0.0265625
11 0.596875 0.625 0.01875 0.028125
13 0.653125 0.6296875 0.01875 0.034375
13 0.675 0.628125 0.01875 0.0328125
13 0.6953125 0.6234375 0.0140625 0.03125
13 0.715625 0.61875 0.0171875 0.03125
13 0.734375 0.628125 0.015625 0.03125
13 0.7546875 0.625 0.0171875 0.028125
13 0.775 0.621875 0.01875 0.0296875
13 0.79375 0.61875 0.0203125 0.0265625
13 0.8171875 0.621875 0.01875 0.034375
13 0.8375 0.6203125 0.01875 0.0296875
13 0.85625 0.6171875 0.0203125 0.03125
13 0.878125 0.6140625 0.01875 0.0296875
13 0.9015625 0.64375 0.01875 0.028125
13 0.91875 0.6375 0.01875 0.03125
13 0.9390625 0.634375 0.0203125 0.0328125
13 0.9578125 0.6328125 0.015625 0.034375
13 0.059375 0.453125 0.01875 0.025
13 0.08125 0.45 0.01875 0.0265625
13 0.1015625 0.446875 0.0203125 0.0296875
13 0.121875 0.44375 0.0171875 0.0296875
13 0.146875 0.45 0.021875 0.0296875
13 0.16875 0.4484375 0.01875 0.0328125
13 0.190625 0.4453125 0.0171875 0.034375
13 0.2109375 0.44375 0.01875 0.034375
13 0.2375 0.4453125 0.0171875 0.028125
13 0.2578125 0.44375 0.01875 0.028125
13 0.278125 0.440625 0.015625 0.03125
13 0.3 0.4390625 0.015625 0.034375
13 0.325 0.44375 0.01875 0.0296875
13 0.346875 0.440625 0.01875 0.03125
13 0.365625 0.4390625 0.01875 0.0328125
13 0.3875 0.4375 0.01875 0.0328125
1 0.6421875 0.3625 0.0125 0.01875
1 0.709375 0.371875 0.0109375 0.021875
1 0.7484375 0.375 0.0109375 0.01875
1 0.5734375 0.4421875 0.0125 0.01875
2 0.10625 0.971875 0.0140625 0.021875
2 0.05 0.9484375 0.0140625 0.0203125
2 0.05 0.925 0.0125 0.021875
2 0.503125 0.95 0.0125 0.021875
2 0.14375 0.61875 0.0140625 0.01875
2 0.05 0.571875 0.0140625 0.021875
2 0.0484375 0.546875 0.015625 0.0234375
4 0.0625 0.6421875 0.015625 0.015625
12 0.4078125 0.834375 0.015625 0.0234375