0 0.128125 0.9703125 0.03125 0.059375
5 0.196875 0.98125 0.01875 0.009375
5 0.196875 0.971875 0.01875 0.009375
5 0.196875 0.965625 0.0203125 0.009375
5 0.2578125 0.971875 0.0171875 0.0078125
5 0.275 0.975 0.015625 0.009375
5 0.2734375 0.9625 0.0171875 0.009375
5 0.35 0.9765625 0.0171875 0.009375
5 0.35 0.96875 0.0171875 0.0078125
5 0.35 0.9625 0.0171875 0.009375
5 0.35 0.95625 0.0171875 0.0078125
5 0.4 0.975 0.0125 0.00625
5 0.41875 0.971875 0.01875 0.0078125
5 0.41875 0.965625 0.01875 0.00625
5 0.41875 0.95625 0.0203125 0.0078125
5 0.49375 0.971875 0.0203125 0.0078125
5 0.49375 0.965625 0.0203125 0.0078125
5 0.49375 0.959375 0.0203125 0.0078125
5 0.56875 0.9765625 0.01875 0.0078125
5 0.5703125 0.96875 0.0171875 0.0078125
5 0.56875 0.959375 0.0203125 0.0078125
5 0.646875 0.9765625 0.01875 0.009375
5 0.646875 0.96875 0.0203125 0.009375
2 0.628125 0.9640625 0.0125 0.028125
5 0.721875 0.9734375 0.0203125 0.0078125
5 0.721875 0.965625 0.0171875 0.0078125
5 0.721875 0.95625 0.0203125 0.0078125
5 0.196875 0.9109375 0.0203125 0.009375
5 0.2734375 0.9078125 0.0203125 0.009375
5 0.35 0.9 0.0203125 0.0078125
5 0.41875 0.9125 0.0203125 0.0078125
5 0.49375 0.903125 0.0203125 0.0078125
5 0.56875 0.915625 0.0203125 0.0078125
5 0.646875 0.921875 0.0203125 0.009375
5 0.721875 0.91875 0.01875 0.009375