0 0.1359375 0.08125 0.0328125 0.0421875
8 0.2171875 0.078125 0.021875 0.025
11 0.259375 0.078125 0.0203125 0.0265625
8 0.29375 0.0890625 0.0203125 0.021875
8 0.328125 0.078125 0.021875 0.0234375
8 0.375 0.075 0.0203125 0.0265625
11 0.415625 0.075 0.0171875 0.025
8 0.453125 0.075 0.0203125 0.028125
8 0.553125 0.075 0.0203125 0.0265625
11 0.5953125 0.075 0.0203125 0.025
8 0.63125 0.090625 0.01875 0.0296875
8 0.66875 0.075 0.01875 0.0265625
8 0.7140625 0.0875 0.0203125 0.0234375
11 0.753125 0.090625 0.0234375 0.0234375
8 0.790625 0.090625 0.0203125 0.028125
8 0.8921875 0.0875 0.0171875 0.025
11 0.934375 0.0890625 0.01875 0.028125
0 0.1359375 0.134375 0.0234375 0.040625
2 0.159375 0.121875 0.0109375 0.01875
2 0.16875 0.13125 0.0109375 0.0171875
8 0.215625 0.146875 0.021875 0.0328125
11 0.259375 0.15 0.025 0.0296875
8 0.2953125 0.14375 0.0203125 0.025
8 0.328125 0.146875 0.021875 0.03125
8 0.378125 0.146875 0.0171875 0.025
11 0.4171875 0.1484375 0.0203125 0.0265625
11 0.45 0.14375 0.0140625 0.0265625
11 0.475 0.128125 0.0140625 0.0265625
11 0.4984375 0.13125 0.015625 0.021875
11 0.51875 0.134375 0.015625 0.028125
8 0.553125 0.146875 0.0234375 0.025
11 0.59375 0.146875 0.0171875 0.028125
8 0.63125 0.1421875 0.01875 0.025
8 0.665625 0.146875 0.0203125 0.025
8 0.715625 0.14375 0.0203125 0.028125
11 0.7578125 0.14375 0.0171875 0.0296875
11 0.7875 0.14375 0.0203125 0.0296875
11 0.809375 0.14375 0.0140625 0.028125
11 0.834375 0.1296875 0.01875 0.0265625
11 0.85625 0.13125 0.0140625 0.028125
8 0.890625 0.14375 0.01875 0.0265625
11 0.93125 0.14375 0.0234375 0.028125
0 0.065625 0.2078125 0.0234375 0.0390625
8 0.115625 0.215625 0.0234375 0.0265625
8 0.153125 0.2 0.025 0.0265625
8 0.2015625 0.203125 0.0171875 0.0265625
11 0.240625 0.2046875 0.0203125 0.025
8 0.278125 0.203125 0.021875 0.028125
8 0.38125 0.2125 0.01875 0.028125
8 0.4203125 0.2125 0.015625 0.0296875
8 0.46875 0.215625 0.0203125 0.025
8 0.5046875 0.203125 0.0234375 0.0265625
8 0.55 0.203125 0.0171875 0.0265625
8 0.678125 0.203125 0.0140625 0.025
8 0.7125 0.203125 0.0234375 0.0296875
11 0.759375 0.2046875 0.0171875 0.0296875
11 0.78125 0.203125 0.021875 0.0296875
11 0.80625 0.2 0.0171875 0.0296875
11 0.828125 0.2125 0.0171875 0.028125
8 0.896875 0.2140625 0.0203125 0.028125
12 0.871875 0.2046875 0.015625 0.0203125
11 0.93125 0.2 0.0265625 0.0328125
0 0.065625 0.2625 0.0265625 0.0390625
2 0.0875 0.246875 0.0125 0.0171875
2 0.096875 0.25625 0.009375 0.015625
8 0.11875 0.26875 0.0234375 0.03125
8 0.153125 0.271875 0.028125 0.0296875
8 0.2 0.271875 0.0171875 0.0296875
11 0.240625 0.275 0.0203125 0.03125
11 0.2765625 0.253125 0.015625 0.0296875
11 0.3 0.25625 0.015625 0.0296875
11 0.321875 0.259375 0.0171875 0.0296875
11 0.3453125 0.2625 0.0171875 0.0296875
8 0.3828125 0.265625 0.01875 0.028125
8 0.421875 0.2625 0.0203125 0.0296875
8 0.465625 0.265625 0.0203125 0.028125
8 0.50625 0.26875 0.025 0.0265625
11 0.55 0.253125 0.015625 0.028125
3 0.571875 0.259375 0.0171875 0.025
3 0.5875 0.259375 0.0109375 0.025
3 0.6015625 0.2625 0.0140625 0.0234375
3 0.615625 0.265625 0.0125 0.0234375
3 0.6328125 0.26875 0.015625 0.0296875
3 0.646875 0.26875 0.0140625 0.03125
8 0.675 0.2734375 0.0203125 0.028125
8 0.7125 0.2734375 0.01875 0.0296875
11 0.759375 0.2578125 0.0125 0.028125
11 0.78125 0.25625 0.01875 0.025
11 0.80625 0.26875 0.01875 0.0265625
11 0.828125 0.265625 0.0140625 0.0296875
12 0.871875 0.2578125 0.015625 0.0234375
8 0.896875 0.265625 0.0203125 0.025
11 0.934375 0.26875 0.015625 0.0328125
0 0.065625 0.3328125 0.025 0.0375
11 0.11875 0.340625 0.0140625 0.0265625
3 0.14375 0.3265625 0.015625 0.0234375
3 0.159375 0.328125 0.0125 0.0265625
8 0.178125 0.328125 0.0140625 0.025
11 0.234375 0.3265625 0.015625 0.0234375
11 0.25625 0.328125 0.0171875 0.0265625
11 0.28125 0.325 0.015625 0.025
11 0.303125 0.328125 0.015625 0.0234375
11 0.340625 0.325 0.0171875 0.028125
3 0.3625 0.3296875 0.0140625 0.025
3 0.3796875 0.3328125 0.0125 0.0265625
8 0.396875 0.334375 0.0171875 0.0265625
12 0.7328125 0.3296875 0.0125 0.0171875
11 0.7640625 0.3296875 0.01875 0.0234375
11 0.7875 0.3265625 0.0125 0.025
11 0.8125 0.340625 0.0125 0.025
3 0.859375 0.3234375 0.0125 0.0265625
3 0.8765625 0.325 0.0140625 0.0296875
11 0.890625 0.340625 0.0109375 0.0265625
8 0.91875 0.3296875 0.0171875 0.028125
0 0.065625 0.3859375 0.0265625 0.0390625
2 0.0875 0.371875 0.009375 0.015625
2 0.0953125 0.38125 0.0125 0.0203125
11 0.1171875 0.390625 0.0140625 0.025
3 0.14375 0.39375 0.0109375 0.025
11 0.159375 0.38125 0.0125 0.025
2 0.184375 0.3875 0.0140625 0.015625
11 0.196875 0.3796875 0.0140625 0.0265625
11 0.23125 0.39375 0.0109375 0.025
11 0.25625 0.38125 0.0140625 0.0234375
11 0.278125 0.39375 0.0140625 0.0234375
11 0.303125 0.378125 0.0171875 0.0265625
11 0.3390625 0.39375 0.0140625 0.028125
3 0.3671875 0.378125 0.0171875 0.0265625
11 0.38125 0.3859375 0.0109375 0.028125
11 0.415625 0.3921875 0.015625 0.0234375
3 0.453125 0.3828125 0.0171875 0.025
11 0.46875 0.390625 0.0140625 0.025
11 0.49375 0.3828125 0.0140625 0.0265625
11 0.5234375 0.396875 0.0171875 0.03125
11 0.55625 0.384375 0.0140625 0.0265625
11 0.58125 0.3875 0.015625 0.03125
11 0.60625 0.390625 0.0125 0.028125
11 0.6296875 0.3921875 0.015625 0.0265625
5 0.675 0.3890625 0.01875 0.0078125
3 0.734375 0.3796875 0.0203125 0.028125
11 0.7640625 0.38125 0.01875 0.0265625
4 0.75 0.384375 0.0125 0.0140625
11 0.7875 0.39375 0.0140625 0.025
11 0.8125 0.390625 0.0140625 0.0234375
3 0.859375 0.3921875 0.0140625 0.0265625
3 0.875 0.3921875 0.0140625 0.0234375
11 0.890625 0.390625 0.0140625 0.025
8 0.915625 0.38125 0.0171875 0.0234375
0 0.065625 0.4625 0.0234375 0.0375
3 0.11875 0.453125 0.0140625 0.025
3 0.1359375 0.45625 0.0140625 0.028125
11 0.1515625 0.4703125 0.0125 0.025
8 0.175 0.459375 0.0171875 0.025
11 0.221875 0.4703125 0.0140625 0.025
11 0.259375 0.4625 0.015625 0.028125
11 0.290625 0.465625 0.015625 0.0265625
11 0.321875 0.4671875 0.015625 0.0265625
11 0.35625 0.465625 0.0140625 0.025
11 0.378125 0.4703125 0.0109375 0.025
11 0.403125 0.45625 0.0125 0.0234375
11 0.4265625 0.46875 0.0125 0.0234375
3 0.4609375 0.453125 0.0109375 0.025
3 0.475 0.4546875 0.0125 0.028125
11 0.490625 0.46875 0.0125 0.0265625
8 0.515625 0.459375 0.021875 0.0234375
3 0.565625 0.453125 0.0125 0.0234375
3 0.5796875 0.453125 0.0125 0.0296875
11 0.596875 0.46875 0.0171875 0.025
8 0.61875 0.459375 0.0203125 0.0234375
11 0.66875 0.4703125 0.0125 0.025
11 0.703125 0.4625 0.015625 0.0234375
11 0.73125 0.465625 0.01875 0.0265625
11 0.7671875 0.46875 0.0171875 0.025
5 0.8125 0.459375 0.021875 0.009375
11 0.8703125 0.459375 0.0140625 0.0234375
11 0.89375 0.459375 0.0125 0.028125
8 0.91875 0.45625 0.0140625 0.0234375
0 0.065625 0.515625 0.0234375 0.0421875
2 0.0875 0.503125 0.0109375 0.0171875
2 0.096875 0.5125 0.0109375 0.015625
3 0.11875 0.521875 0.0125 0.025
3 0.134375 0.5234375 0.015625 0.021875
11 0.15 0.521875 0.0140625 0.0234375
8 0.178125 0.509375 0.0171875 0.0265625
3 0.221875 0.521875 0.015625 0.028125
3 0.240625 0.51875 0.0125 0.0203125
3 0.25625 0.5125 0.0125 0.03125
3 0.271875 0.5109375 0.0140625 0.03125
3 0.290625 0.5125 0.0125 0.028125
3 0.3046875 0.5125 0.0140625 0.025
11 0.321875 0.5140625 0.0125 0.0234375
11 0.35625 0.515625 0.0140625 0.0234375
11 0.378125 0.51875 0.015625 0.025
11 0.4015625 0.5234375 0.0171875 0.028125
11 0.425 0.51875 0.015625 0.028125
3 0.4578125 0.5234375 0.0140625 0.03125
3 0.4734375 0.525 0.0140625 0.021875
11 0.490625 0.521875 0.0140625 0.034375
8 0.515625 0.5125 0.01875 0.025
3 0.5625 0.521875 0.015625 0.03125
3 0.5796875 0.521875 0.0125 0.0234375
11 0.5953125 0.521875 0.0140625 0.0265625
8 0.6203125 0.5109375 0.0203125 0.0234375
3 0.66875 0.51875 0.0125 0.0265625
3 0.684375 0.515625 0.0125 0.0203125
3 0.7 0.5125 0.0171875 0.03125
3 0.715625 0.5109375 0.0125 0.0296875
3 0.7328125 0.5125 0.0125 0.025
3 0.7484375 0.5125 0.0125 0.025
11 0.765625 0.515625 0.0125 0.028125
5 0.8109375 0.509375 0.0265625 0.0109375
11 0.86875 0.5125 0.01875 0.025
11 0.89375 0.5109375 0.0140625 0.0234375
8 0.91875 0.525 0.015625 0.025
0 0.0640625 0.584375 0.0265625 0.0421875
8 0.1234375 0.5828125 0.0203125 0.028125
8 0.2578125 0.5953125 0.0234375 0.028125
11 0.421875 0.59375 0.0171875 0.0234375
11 0.503125 0.59375 0.01875 0.0265625
8 0.584375 0.59375 0.025 0.0296875
5 0.75625 0.584375 0.025 0.0078125
5 0.759375 0.634375 0.01875 0.0078125
8 0.584375 0.64375 0.025 0.0265625
8 0.259375 0.64375 0.021875 0.0265625
8 0.121875 0.65 0.01875 0.03125
11 0.421875 0.6453125 0.021875 0.0265625
11 0.5046875 0.6453125 0.021875 0.028125