14 0.13125 0.1125 0.040625 0.078125
14 0.13125 0.190625 0.0390625 0.0625
14 0.13125 0.253125 0.0296875 0.05625
14 0.0578125 0.6 0.0390625 0.0640625
14 0.059375 0.671875 0.025 0.04375
14 0.059375 0.7328125 0.0375 0.0578125
0 0.128125 0.315625 0.0265625 0.04375
0 0.128125 0.378125 0.0359375 0.0484375
0 0.128125 0.446875 0.028125 0.0484375
0 0.05625 0.8 0.034375 0.04375
0 0.05625 0.865625 0.0328125 0.0546875
0 0.05625 0.934375 0.0359375 0.0578125
1 0.15625 0.11875 0.0125 0.040625
1 0.1578125 0.18125 0.0203125 0.040625
1 0.153125 0.2453125 0.009375 0.0359375
1 0.165625 0.2375 0.0125 0.0296875
1 0.153125 0.321875 0.009375 0.03125
1 0.1625 0.3078125 0.0171875 0.0203125
1 0.1703125 0.3234375 0.0140625 0.021875
1 0.15625 0.3875 0.0171875 0.01875
1 0.1640625 0.375 0.0171875 0.0203125
1 0.16875 0.3890625 0.0078125 0.0203125
1 0.1546875 0.45 0.015625 0.0265625
1 0.1625 0.4375 0.0125 0.034375
1 0.171875 0.45625 0.0109375 0.0359375
1 0.0875 0.596875 0.015625 0.0328125
1 0.084375 0.665625 0.01875 0.028125
1 0.0875 0.7328125 0.0171875 0.025
1 0.09375 0.7234375 0.0109375 0.034375
1 0.084375 0.80625 0.0171875 0.021875
1 0.1015625 0.803125 0.0203125 0.0296875
1 0.09375 0.790625 0.0203125 0.025
1 0.0875 0.8734375 0.0171875 0.028125
1 0.103125 0.8703125 0.021875 0.0390625
1 0.090625 0.85625 0.0125 0.028125
1 0.084375 0.934375 0.0125 0.0234375
1 0.096875 0.9359375 0.015625 0.021875
1 0.0921875 0.9234375 0.0125 0.0265625
4 0.221875 0.121875 0.021875 0.0359375
4 0.46875 0.1140625 0.0203125 0.0328125
4 0.7125 0.115625 0.0171875 0.034375
4 0.21875 0.1875 0.015625 0.0375
4 0.4703125 0.184375 0.01875 0.0296875
8 0.6296875 0.240625 0.0140625 0.0359375
4 0.70625 0.184375 0.0203125 0.0375
9 0.2265625 0.371875 0.0390625 0.0546875
9 0.221875 0.309375 0.03125 0.0484375
4 0.2203125 0.25 0.0140625 0.0265625
11 0.6578125 0.309375 0.0234375 0.071875
8 0.7125 0.3125 0.015625 0.0609375
4 0.7125 0.2484375 0.025 0.034375
11 0.171875 0.596875 0.0125 0.0578125
8 0.2109375 0.6 0.0421875 0.040625
4 0.271875 0.5984375 0.021875 0.034375
4 0.675 0.596875 0.0203125 0.028125
4 0.675 0.665625 0.021875 0.0265625
11 0.165625 0.66875 0.0296875 0.0546875
8 0.2109375 0.6609375 0.0203125 0.0375
11 0.171875 0.790625 0.0171875 0.05
11 0.171875 0.728125 0.0171875 0.040625
8 0.215625 0.728125 0.0234375 0.0375
4 0.275 0.665625 0.025 0.025
11 0.1234375 0.734375 0.0234375 0.059375
11 0.128125 0.7953125 0.0203125 0.040625
1 0.196875 0.7359375 0.0125 0.0359375
11 0.165625 0.8578125 0.0234375 0.059375
8 0.2109375 0.79375 0.0203125 0.034375
4 0.271875 0.7375 0.0171875 0.0359375
4 0.675 0.73125 0.0234375 0.028125
4 0.271875 0.796875 0.0171875 0.0265625
8 0.615625 0.85625 0.0265625 0.053125
8 0.6734375 0.853125 0.034375 0.0390625
4 0.675 0.8 0.0203125 0.0265625
13 0.253125 0.121875 0.0234375 0.0359375
13 0.278125 0.1265625 0.015625 0.040625
3 0.3 0.115625 0.0234375 0.0546875
13 0.33125 0.1203125 0.015625 0.0421875
13 0.353125 0.121875 0.01875 0.046875
13 0.503125 0.121875 0.025 0.040625
13 0.525 0.1203125 0.01875 0.0375
3 0.5515625 0.115625 0.01875 0.0453125
13 0.584375 0.1203125 0.009375 0.0390625
8 0.625 0.184375 0.034375 0.0515625
13 0.60625 0.125 0.0109375 0.046875
13 0.74375 0.125 0.0171875 0.0375
13 0.7671875 0.121875 0.0171875 0.0359375
3 0.7875 0.1171875 0.0125 0.046875
3 0.790625 0.1796875 0.0234375 0.05
13 0.821875 0.1203125 0.0140625 0.040625
11 0.859375 0.109375 0.0265625 0.059375
13 0.84375 0.121875 0.0109375 0.040625
13 0.253125 0.190625 0.01875 0.034375
13 0.278125 0.1875 0.0171875 0.0359375
3 0.296875 0.2375 0.01875 0.059375
3 0.296875 0.184375 0.028125 0.04375
13 0.3296875 0.1875 0.015625 0.0375
13 0.353125 0.1875 0.0140625 0.0359375
13 0.50625 0.1921875 0.015625 0.0359375
13 0.525 0.1875 0.0171875 0.0375
3 0.55 0.24375 0.0234375 0.0578125
3 0.553125 0.184375 0.0265625 0.0453125
13 0.584375 0.1875 0.0109375 0.03125
13 0.60625 0.24375 0.0203125 0.0515625
13 0.60625 0.19375 0.015625 0.0375
13 0.74375 0.190625 0.025 0.034375
13 0.7671875 0.1875 0.015625 0.034375
3 0.790625 0.240625 0.025 0.0453125
13 0.8234375 0.1875 0.01875 0.0359375
13 0.8453125 0.1859375 0.0125 0.040625
13 0.253125 0.246875 0.0171875 0.028125
13 0.278125 0.24375 0.0140625 0.040625
13 0.33125 0.24375 0.0234375 0.0484375
13 0.353125 0.24375 0.0140625 0.046875
4 0.4734375 0.2421875 0.025 0.0453125
13 0.509375 0.2484375 0.0125 0.046875
13 0.521875 0.24375 0.025 0.040625
13 0.5828125 0.2453125 0.015625 0.034375
13 0.7453125 0.240625 0.021875 0.040625
13 0.765625 0.240625 0.0203125 0.0359375
13 0.825 0.246875 0.0109375 0.0359375
13 0.846875 0.25 0.021875 0.04375
13 0.3 0.596875 0.0296875 0.04375
13 0.325 0.59375 0.0171875 0.0546875
3 0.346875 0.6015625 0.0171875 0.0625
3 0.34375 0.665625 0.015625 0.059375
13 0.371875 0.6109375 0.0203125 0.034375
13 0.390625 0.60625 0.015625 0.0375
3 0.4171875 0.6015625 0.021875 0.0609375
3 0.415625 0.66875 0.0140625 0.053125
13 0.446875 0.6109375 0.0125 0.0296875
3 0.34375 0.7984375 0.015625 0.059375
8 0.409375 0.8515625 0.0515625 0.053125
13 0.3921875 0.79375 0.0171875 0.0546875
3 0.34375 0.740625 0.0140625 0.04375
13 0.3875 0.734375 0.01875 0.0390625
3 0.41875 0.740625 0.0203125 0.0515625
13 0.446875 0.73125 0.0203125 0.0390625
3 0.421875 0.8 0.01875 0.046875
13 0.465625 0.79375 0.015625 0.053125
13 0.4671875 0.7296875 0.0203125 0.0359375
13 0.4625 0.675 0.0140625 0.04375
3 0.4859375 0.6609375 0.0296875 0.028125
13 0.46875 0.6140625 0.0125 0.0359375
13 0.709375 0.5921875 0.0203125 0.0515625
13 0.721875 0.590625 0.0234375 0.04375
13 0.703125 0.659375 0.0296875 0.0390625
13 0.7234375 0.65625 0.0203125 0.0390625
3 0.746875 0.6 0.0203125 0.053125
3 0.7484375 0.6625 0.0234375 0.0546875
13 0.7765625 0.60625 0.0171875 0.0265625
13 0.79375 0.6125 0.0125 0.04375
3 0.815625 0.5921875 0.0296875 0.0625
3 0.81875 0.6671875 0.021875 0.0546875
13 0.8484375 0.60625 0.0140625 0.0328125
13 0.79375 0.79375 0.015625 0.0578125
13 0.796875 0.728125 0.0140625 0.0453125
13 0.8703125 0.66875 0.0171875 0.046875
13 0.86875 0.6109375 0.0171875 0.0390625
13 0.303125 0.6625 0.015625 0.0421875
13 0.325 0.6578125 0.0140625 0.028125
13 0.296875 0.734375 0.01875 0.0453125
13 0.31875 0.73125 0.0140625 0.034375
13 0.371875 0.73125 0.0171875 0.04375
13 0.371875 0.671875 0.015625 0.0296875
13 0.39375 0.684375 0.015625 0.046875
13 0.44375 0.675 0.0171875 0.0390625
13 0.721875 0.73125 0.015625 0.0453125
13 0.775 0.73125 0.0203125 0.0453125
13 0.771875 0.6734375 0.0171875 0.0359375
13 0.8 0.6734375 0.0125 0.034375
13 0.846875 0.734375 0.0203125 0.04375
13 0.8515625 0.671875 0.01875 0.025
13 0.7015625 0.796875 0.01875 0.05
13 0.7 0.734375 0.0125 0.0359375
13 0.86875 0.728125 0.0140625 0.0359375
13 0.2984375 0.7984375 0.01875 0.0359375
13 0.321875 0.796875 0.0140625 0.0421875
13 0.371875 0.8 0.0203125 0.0484375
13 0.446875 0.796875 0.01875 0.04375
13 0.7234375 0.796875 0.0140625 0.0515625
13 0.775 0.803125 0.025 0.0515625
8 0.8265625 0.8625 0.025 0.065625
13 0.8453125 0.7984375 0.025 0.0421875
13 0.875 0.79375 0.021875 0.0484375
3 0.484375 0.590625 0.0265625 0.0578125
3 0.890625 0.5890625 0.015625 0.0625
3 0.9203125 0.578125 0.0203125 0.0359375
3 0.521875 0.65625 0.028125 0.0421875
3 0.890625 0.653125 0.0171875 0.034375
3 0.928125 0.653125 0.025 0.034375
3 0.4875 0.734375 0.0203125 0.0421875
3 0.525 0.734375 0.0125 0.0609375
3 0.8921875 0.7375 0.015625 0.0671875
3 0.9265625 0.728125 0.021875 0.04375
3 0.4875 0.79375 0.0203125 0.0390625
3 0.51875 0.8 0.015625 0.0453125
3 0.89375 0.803125 0.028125 0.0515625
3 0.928125 0.7984375 0.0203125 0.05
8 0.3765625 0.103125 0.028125 0.059375
8 0.628125 0.125 0.0234375 0.0578125
8 0.38125 0.2453125 0.01875 0.0609375
8 0.375 0.178125 0.021875 0.05
11 0.421875 0.3703125 0.0359375 0.0421875
11 0.4171875 0.3109375 0.0265625 0.0328125
8 0.471875 0.309375 0.021875 0.0453125
8 0.471875 0.375 0.0171875 0.0421875
11 0.659375 0.38125 0.04375 0.0484375
8 0.7078125 0.378125 0.0203125 0.0453125
3 0.5234375 0.5859375 0.028125 0.059375
11 0.128125 0.86875 0.01875 0.0578125
11 0.16875 0.925 0.021875 0.05
8 0.20625 0.8609375 0.0203125 0.03125
8 0.271875 0.865625 0.0296875 0.0453125
8 0.5625 0.8578125 0.015625 0.0390625
8 0.2140625 0.934375 0.0421875 0.034375
11 0.9125 0.109375 0.0375 0.0359375
11 0.86875 0.175 0.01875 0.0484375
11 0.865625 0.246875 0.0203125 0.0578125
11 0.9109375 0.178125 0.025 0.0328125
11 0.903125 0.3 0.0328125 0.0296875
11 0.909375 0.246875 0.0328125 0.028125
11 0.921875 0.3765625 0.0453125 0.0421875
11 0.4125 0.459375 0.03125 0.040625
11 0.6609375 0.4625 0.01875 0.0609375
11 0.9109375 0.45625 0.05625 0.075
11 0.1234375 0.6015625 0.021875 0.046875
11 0.13125 0.66875 0.021875 0.0546875
11 0.121875 0.934375 0.015625 0.0390625
9 0.221875 0.446875 0.03125 0.0359375
5 0.5640625 0.590625 0.0203125 0.0390625
5 0.571875 0.65625 0.0296875 0.0234375
5 0.5671875 0.7328125 0.025 0.028125
5 0.56875 0.796875 0.028125 0.0265625