0 0.1375 0.075 0.028125 0.0546875
5 0.2 0.065625 0.015625 0.0078125
5 0.2 0.0734375 0.0171875 0.0078125
5 0.2 0.0796875 0.0171875 0.0078125
5 0.25625 0.071875 0.015625 0.00625
5 0.26875 0.0703125 0.0140625 0.0078125
5 0.26875 0.08125 0.015625 0.0078125
5 0.3375 0.06875 0.015625 0.0078125
5 0.3375 0.075 0.015625 0.00625
5 0.3375 0.08125 0.015625 0.0078125
5 0.3375 0.0875 0.015625 0.00625
5 0.3828125 0.0703125 0.0109375 0.00625
5 0.4 0.071875 0.0171875 0.00625
5 0.4 0.078125 0.0171875 0.00625
5 0.4 0.0875 0.0171875 0.00625
5 0.46875 0.071875 0.01875 0.00625
5 0.46875 0.078125 0.01875 0.00625
5 0.46875 0.084375 0.0171875 0.00625
5 0.5359375 0.0703125 0.015625 0.0078125
5 0.5359375 0.075 0.015625 0.00625
5 0.5359375 0.084375 0.01875 0.00625
5 0.6046875 0.06875 0.015625 0.0078125
5 0.6046875 0.0765625 0.01875 0.0078125
2 0.5890625 0.08125 0.0109375 0.025
5 0.671875 0.071875 0.01875 0.00625
5 0.671875 0.078125 0.015625 0.00625
5 0.671875 0.0875 0.01875 0.00625
5 0.2 0.128125 0.0171875 0.0078125
5 0.26875 0.13125 0.01875 0.0078125
5 0.3390625 0.1375 0.01875 0.00625
5 0.4 0.128125 0.0171875 0.00625
5 0.46875 0.134375 0.0171875 0.0078125
5 0.5359375 0.125 0.01875 0.00625
5 0.6046875 0.11875 0.01875 0.0078125
5 0.671875 0.121875 0.015625 0.0078125