14 0.89375 0.084375 0.0453125 0.0859375
14 0.8921875 0.171875 0.0421875 0.06875
14 0.8921875 0.240625 0.0328125 0.0625
14 0.971875 0.61875 0.0421875 0.0703125
14 0.971875 0.696875 0.028125 0.046875
14 0.971875 0.7625 0.040625 0.0625
0 0.8953125 0.30625 0.0296875 0.046875
0 0.896875 0.375 0.0390625 0.053125
0 0.896875 0.4515625 0.0296875 0.053125
0 0.975 0.834375 0.0375 0.046875
0 0.975 0.9078125 0.0375 0.059375
0 0.975 0.975 0.0390625 0.0484375
1 0.8640625 0.090625 0.0140625 0.04375
1 0.8625 0.159375 0.021875 0.0453125
1 0.8671875 0.23125 0.0109375 0.0390625
1 0.85625 0.221875 0.0140625 0.0328125
1 0.86875 0.3140625 0.009375 0.0328125
1 0.8578125 0.3 0.01875 0.021875
1 0.85 0.315625 0.0140625 0.0234375
1 0.865625 0.3859375 0.01875 0.0203125
1 0.85625 0.371875 0.01875 0.021875
1 0.85 0.3875 0.0078125 0.021875
1 0.8671875 0.4546875 0.0171875 0.0296875
1 0.859375 0.440625 0.0125 0.0375
1 0.8484375 0.459375 0.0125 0.0390625
1 0.940625 0.615625 0.0171875 0.0359375
1 0.94375 0.690625 0.0203125 0.03125
1 0.940625 0.7625 0.01875 0.028125
1 0.9328125 0.753125 0.0125 0.0390625
1 0.94375 0.8421875 0.01875 0.025
1 0.925 0.840625 0.021875 0.0328125
1 0.934375 0.825 0.021875 0.028125
1 0.940625 0.915625 0.01875 0.03125
1 0.925 0.9125 0.0234375 0.0421875
1 0.9359375 0.8984375 0.0140625 0.03125
1 0.94375 0.98125 0.0140625 0.025
1 0.928125 0.984375 0.015625 0.0234375
1 0.934375 0.971875 0.0125 0.0296875
4 0.79375 0.096875 0.025 0.0390625
4 0.525 0.0875 0.0203125 0.0359375
4 0.25625 0.090625 0.01875 0.0375
4 0.796875 0.16875 0.015625 0.0421875
4 0.521875 0.165625 0.0203125 0.0328125
8 0.346875 0.225 0.015625 0.0390625
4 0.2625 0.1625 0.021875 0.040625
9 0.7875 0.36875 0.0421875 0.0609375
9 0.79375 0.3 0.034375 0.053125
4 0.7953125 0.234375 0.015625 0.028125
11 0.3171875 0.3 0.025 0.0796875
8 0.259375 0.3046875 0.015625 0.0671875
4 0.2578125 0.234375 0.0265625 0.0375
11 0.8484375 0.615625 0.0140625 0.0625
8 0.80625 0.615625 0.0453125 0.04375
4 0.7390625 0.615625 0.0234375 0.0390625
4 0.2984375 0.6140625 0.0234375 0.03125
4 0.3 0.6890625 0.0234375 0.028125
11 0.8546875 0.69375 0.0328125 0.0609375
8 0.80625 0.684375 0.0234375 0.040625
11 0.85 0.8265625 0.0203125 0.0546875
11 0.85 0.759375 0.0203125 0.04375
8 0.8 0.75625 0.025 0.0421875
4 0.734375 0.690625 0.028125 0.0265625
11 0.9 0.7640625 0.025 0.0640625
11 0.896875 0.83125 0.021875 0.04375
1 0.81875 0.765625 0.0140625 0.040625
11 0.8546875 0.9 0.0265625 0.0640625
8 0.80625 0.8296875 0.021875 0.0375
4 0.7390625 0.76875 0.01875 0.0390625
4 0.2984375 0.7625 0.025 0.03125
4 0.740625 0.8328125 0.0203125 0.0296875
8 0.3640625 0.8984375 0.0296875 0.0578125
8 0.3 0.89375 0.0375 0.0421875
4 0.3 0.8375 0.021875 0.0296875
13 0.759375 0.096875 0.025 0.0390625
13 0.73125 0.1 0.0171875 0.04375
3 0.7078125 0.090625 0.025 0.0609375
13 0.6734375 0.09375 0.0171875 0.0453125
13 0.65 0.09375 0.0203125 0.0515625
13 0.4859375 0.0953125 0.028125 0.0453125
13 0.4625 0.09375 0.0203125 0.040625
3 0.434375 0.0875 0.021875 0.0484375
13 0.396875 0.09375 0.0109375 0.0421875
8 0.353125 0.165625 0.0375 0.05625
13 0.3734375 0.1 0.0125 0.0515625
13 0.221875 0.1 0.0171875 0.0421875
13 0.1984375 0.09375 0.01875 0.0390625
3 0.1765625 0.090625 0.0140625 0.05
3 0.171875 0.159375 0.025 0.0546875
13 0.1390625 0.09375 0.015625 0.04375
11 0.096875 0.08125 0.028125 0.065625
13 0.115625 0.0953125 0.0125 0.04375
13 0.759375 0.1703125 0.0203125 0.0390625
13 0.7328125 0.1671875 0.01875 0.040625
3 0.7109375 0.221875 0.0203125 0.0640625
3 0.7125 0.1625 0.03125 0.0484375
13 0.675 0.1671875 0.0171875 0.040625
13 0.65 0.16875 0.015625 0.0390625
13 0.48125 0.171875 0.0171875 0.0375
13 0.4625 0.16875 0.01875 0.0421875
3 0.434375 0.228125 0.0265625 0.0625
3 0.4328125 0.165625 0.028125 0.0484375
13 0.396875 0.1671875 0.0125 0.034375
13 0.375 0.228125 0.021875 0.05625
13 0.375 0.175 0.01875 0.040625
13 0.2234375 0.1703125 0.0265625 0.0375
13 0.196875 0.1671875 0.0171875 0.0375
3 0.171875 0.225 0.028125 0.0484375
13 0.1375 0.16875 0.021875 0.0390625
13 0.1125 0.165625 0.0125 0.0453125
13 0.759375 0.23125 0.0171875 0.03125
13 0.73125 0.228125 0.015625 0.04375
13 0.675 0.228125 0.025 0.053125
13 0.65 0.228125 0.0140625 0.05
4 0.51875 0.228125 0.0265625 0.05
13 0.48125 0.234375 0.0140625 0.0515625
13 0.465625 0.2296875 0.028125 0.0453125
13 0.4 0.23125 0.015625 0.0375
13 0.221875 0.225 0.0234375 0.04375
13 0.2 0.225 0.021875 0.0390625
13 0.134375 0.23125 0.0109375 0.0390625
13 0.109375 0.234375 0.0234375 0.046875
13 0.7078125 0.6125 0.03125 0.0484375
13 0.6796875 0.609375 0.01875 0.059375
3 0.6578125 0.61875 0.01875 0.0671875
3 0.6625 0.6890625 0.0171875 0.0640625
13 0.63125 0.6296875 0.0203125 0.0359375
13 0.6078125 0.625 0.015625 0.0390625
3 0.58125 0.61875 0.0234375 0.065625
3 0.58125 0.690625 0.015625 0.059375
13 0.5484375 0.628125 0.0125 0.0328125
3 0.659375 0.834375 0.01875 0.065625
8 0.5875 0.89375 0.05625 0.0578125
13 0.6078125 0.828125 0.01875 0.059375
3 0.6609375 0.7703125 0.015625 0.0484375
13 0.6125 0.7625 0.0203125 0.0421875
3 0.578125 0.7703125 0.0234375 0.0578125
13 0.5484375 0.7625 0.0203125 0.0421875
3 0.5765625 0.834375 0.0203125 0.0515625
13 0.5265625 0.828125 0.015625 0.059375
13 0.525 0.759375 0.0203125 0.0390625
13 0.5296875 0.7 0.015625 0.0484375
3 0.5046875 0.684375 0.03125 0.0296875
13 0.521875 0.634375 0.0140625 0.0390625
13 0.2625 0.609375 0.021875 0.0578125
13 0.246875 0.60625 0.025 0.0484375
13 0.26875 0.684375 0.03125 0.0421875
13 0.246875 0.678125 0.0234375 0.04375
3 0.2203125 0.61875 0.021875 0.059375
3 0.21875 0.6875 0.025 0.0609375
13 0.1875 0.625 0.01875 0.028125
13 0.16875 0.63125 0.0125 0.046875
3 0.1453125 0.609375 0.03125 0.06875
3 0.140625 0.690625 0.0234375 0.059375
13 0.109375 0.625 0.015625 0.0359375
13 0.16875 0.828125 0.0171875 0.0640625
13 0.165625 0.75625 0.015625 0.05
13 0.084375 0.69375 0.01875 0.0515625
13 0.0859375 0.6296875 0.0171875 0.04375
13 0.70625 0.6859375 0.01875 0.0453125
13 0.68125 0.68125 0.015625 0.03125
13 0.7125 0.765625 0.0203125 0.0484375
13 0.6875 0.759375 0.015625 0.0359375
13 0.63125 0.7609375 0.01875 0.046875
13 0.628125 0.696875 0.0171875 0.03125
13 0.60625 0.709375 0.015625 0.0515625
13 0.5515625 0.7 0.01875 0.0421875
13 0.246875 0.759375 0.0171875 0.0484375
13 0.190625 0.759375 0.021875 0.0484375
13 0.19375 0.696875 0.01875 0.0390625
13 0.1625 0.696875 0.0140625 0.0359375
13 0.109375 0.765625 0.021875 0.046875
13 0.10625 0.696875 0.0203125 0.028125
13 0.26875 0.83125 0.0203125 0.0546875
13 0.2703125 0.7625 0.015625 0.040625
13 0.0875 0.75625 0.0140625 0.040625
13 0.709375 0.834375 0.0203125 0.0390625
13 0.684375 0.834375 0.015625 0.046875
13 0.628125 0.834375 0.0234375 0.053125
13 0.546875 0.83125 0.0203125 0.0484375
13 0.2453125 0.83125 0.015625 0.0578125
13 0.1890625 0.8375 0.0265625 0.05625
8 0.1328125 0.9046875 0.028125 0.071875
13 0.1125 0.834375 0.028125 0.0453125
13 0.0796875 0.8296875 0.021875 0.053125
3 0.50625 0.60625 0.028125 0.0640625
3 0.0640625 0.60625 0.0171875 0.06875
3 0.03125 0.59375 0.021875 0.040625
3 0.465625 0.678125 0.03125 0.046875
3 0.0625 0.675 0.01875 0.0375
3 0.021875 0.6765625 0.0265625 0.0359375
3 0.5046875 0.765625 0.021875 0.046875
3 0.4625 0.7640625 0.015625 0.0671875
3 0.0625 0.76875 0.0171875 0.0734375
3 0.025 0.75625 0.0234375 0.046875
3 0.5046875 0.828125 0.021875 0.0421875
3 0.46875 0.834375 0.015625 0.05
3 0.059375 0.840625 0.0296875 0.05625
3 0.021875 0.834375 0.0234375 0.0546875
8 0.625 0.075 0.03125 0.0640625
8 0.3484375 0.1 0.0265625 0.0625
8 0.6203125 0.23125 0.0203125 0.0671875
8 0.625 0.1578125 0.025 0.0546875
11 0.575 0.3671875 0.0390625 0.046875
11 0.58125 0.303125 0.028125 0.0359375
8 0.521875 0.3 0.025 0.05
8 0.5203125 0.371875 0.01875 0.046875
11 0.315625 0.378125 0.046875 0.053125
8 0.2625 0.375 0.021875 0.05
3 0.465625 0.603125 0.03125 0.0640625
11 0.896875 0.9125 0.0203125 0.0625
11 0.853125 0.971875 0.021875 0.0546875
8 0.809375 0.903125 0.0234375 0.034375
8 0.7375 0.90625 0.0328125 0.0484375
8 0.421875 0.9 0.01875 0.0421875
8 0.803125 0.98125 0.046875 0.0359375
11 0.040625 0.08125 0.040625 0.0390625
11 0.0875 0.153125 0.0203125 0.053125
11 0.0890625 0.2328125 0.021875 0.0640625
11 0.040625 0.1578125 0.0265625 0.0375
11 0.0484375 0.290625 0.0359375 0.03125
11 0.04375 0.23125 0.0359375 0.03125
11 0.03125 0.3734375 0.0484375 0.0453125
11 0.584375 0.465625 0.034375 0.04375
11 0.3140625 0.4671875 0.0203125 0.065625
11 0.040625 0.459375 0.0609375 0.0828125
11 0.9015625 0.61875 0.0234375 0.0515625
11 0.89375 0.69375 0.0234375 0.0609375
11 0.9046875 0.98125 0.0171875 0.0375
9 0.79375 0.4515625 0.034375 0.0390625
5 0.41875 0.60625 0.0234375 0.04375
5 0.4125 0.678125 0.0328125 0.0234375
5 0.415625 0.7625 0.028125 0.0296875
5 0.415625 0.8328125 0.03125 0.028125