14 0.940625 0.946875 0.0578125 0.0734375
14 0.940625 0.8796875 0.0328125 0.0578125
14 0.946875 0.815625 0.0515625 0.0640625
14 0.9375 0.74375 0.0390625 0.071875
14 0.94375 0.596875 0.0421875 0.06875
14 0.940625 0.525 0.040625 0.053125
14 0.9375 0.459375 0.0453125 0.059375
14 0.940625 0.390625 0.0421875 0.0578125
14 0.940625 0.246875 0.05 0.065625
8 0.8828125 0.95 0.015625 0.040625
3 0.884375 0.7375 0.021875 0.0515625
8 0.884375 0.809375 0.015625 0.03125
11 0.2640625 0.6 0.015625 0.0515625
8 0.203125 0.5984375 0.0171875 0.05
8 0.1171875 0.603125 0.03125 0.053125
3 0.878125 0.04375 0.009375 0.05
3 0.884375 0.109375 0.015625 0.0375
3 0.8859375 0.1875 0.0171875 0.040625
3 0.825 0.2609375 0.0203125 0.0515625
3 0.834375 0.259375 0.015625 0.040625
3 0.85625 0.04375 0.0125 0.053125
3 0.859375 0.11875 0.0109375 0.0375
3 0.8390625 0.046875 0.015625 0.0375
3 0.840625 0.1234375 0.021875 0.0484375
3 0.825 0.11875 0.01875 0.0671875
3 0.746875 0.1890625 0.0125 0.0546875
11 0.778125 0.115625 0.0171875 0.0484375
3 0.703125 0.18125 0.015625 0.0328125
11 0.778125 0.25 0.0140625 0.04375
8 0.709375 0.2484375 0.0265625 0.0453125
3 0.6640625 0.184375 0.0171875 0.053125
3 0.6453125 0.1875 0.015625 0.0640625
3 0.6234375 0.1890625 0.015625 0.0609375
11 0.7734375 0.053125 0.0203125 0.046875
3 0.7078125 0.0484375 0.0140625 0.0421875
3 0.6890625 0.046875 0.0125 0.05
3 0.665625 0.040625 0.015625 0.05
3 0.65 0.04375 0.015625 0.05625
3 0.625 0.05 0.015625 0.0671875
11 0.6 0.04375 0.01875 0.0515625
3 0.571875 0.046875 0.01875 0.04375
3 0.5765625 0.1125 0.025 0.040625
11 0.603125 0.1875 0.0140625 0.05
3 0.571875 0.190625 0.0109375 0.0484375
11 0.625 0.25 0.0203125 0.046875
3 0.571875 0.253125 0.0203125 0.05625
8 0.540625 0.2515625 0.0125 0.0390625
3 0.815625 0.0421875 0.0140625 0.0421875
3 0.7453125 0.053125 0.015625 0.0421875
8 0.70625 0.1109375 0.0171875 0.0359375
3 0.5375 0.040625 0.0109375 0.046875
8 0.540625 0.1125 0.0125 0.025
11 0.8828125 0.884375 0.015625 0.0484375
3 0.8640625 0.740625 0.0171875 0.0390625
9 0.34375 0.95 0.01875 0.0234375
9 0.34375 0.8796875 0.015625 0.0296875
9 0.88125 0.5328125 0.01875 0.03125
3 0.73125 0.546875 0.0140625 0.034375
9 0.390625 0.5984375 0.01875 0.040625
9 0.3875 0.534375 0.0203125 0.025
9 0.3875 0.46875 0.0171875 0.021875
9 0.690625 0.4671875 0.0234375 0.0328125
9 0.69375 0.403125 0.01875 0.0390625
4 0.740625 0.9453125 0.0203125 0.0265625
3 0.20625 0.9609375 0.03125 0.0390625
4 0.171875 0.946875 0.015625 0.025
3 0.1515625 0.9625 0.0203125 0.034375
4 0.134375 0.95 0.0140625 0.0171875
4 0.0828125 0.9484375 0.0109375 0.0203125
3 0.20625 0.884375 0.0171875 0.0375
4 0.1734375 0.8828125 0.0140625 0.0171875
3 0.153125 0.884375 0.0171875 0.040625
4 0.134375 0.88125 0.015625 0.025
4 0.084375 0.88125 0.0140625 0.0203125
3 0.840625 0.7359375 0.015625 0.0640625
3 0.81875 0.7359375 0.0140625 0.0609375
3 0.78125 0.740625 0.03125 0.0515625
3 0.7953125 0.7421875 0.01875 0.0640625
3 0.7578125 0.746875 0.01875 0.0578125
3 0.73125 0.74375 0.0171875 0.0640625
4 0.734375 0.815625 0.01875 0.028125
3 0.4796875 0.746875 0.0125 0.05625
3 0.4578125 0.75 0.015625 0.0453125
3 0.434375 0.753125 0.015625 0.059375
3 0.4140625 0.759375 0.01875 0.05
3 0.39375 0.75625 0.0140625 0.04375
3 0.371875 0.7484375 0.0171875 0.0546875
3 0.3375 0.746875 0.0140625 0.0421875
3 0.34375 0.8125 0.0078125 0.03125
3 0.3203125 0.7453125 0.0109375 0.0484375
3 0.325 0.8125 0.015625 0.028125
4 0.303125 0.815625 0.0171875 0.025
3 0.2796875 0.7515625 0.0203125 0.0359375
3 0.2578125 0.75 0.0125 0.05
3 0.2625 0.8078125 0.009375 0.0296875
3 0.240625 0.753125 0.0125 0.0484375
3 0.24375 0.8125 0.015625 0.0328125
3 0.20625 0.75625 0.025 0.046875
4 0.221875 0.815625 0.0140625 0.025
3 0.2 0.81875 0.01875 0.0375
4 0.171875 0.8171875 0.0171875 0.0265625
3 0.153125 0.753125 0.01875 0.04375
3 0.153125 0.815625 0.015625 0.034375
4 0.1328125 0.8171875 0.0125 0.01875
4 0.171875 0.746875 0.015625 0.0296875
4 0.13125 0.75 0.0140625 0.01875
4 0.221875 0.75 0.0125 0.0265625
4 0.303125 0.7484375 0.0125 0.0203125
4 0.3890625 0.4015625 0.0140625 0.021875
3 0.859375 0.4015625 0.01875 0.028125
4 0.8375 0.3984375 0.009375 0.028125
3 0.8796875 0.459375 0.0140625 0.0375
3 0.8578125 0.465625 0.01875 0.040625
4 0.8375 0.465625 0.0125 0.025
3 0.55625 0.4640625 0.015625 0.03125
3 0.5328125 0.471875 0.0125 0.0453125
4 0.5109375 0.46875 0.015625 0.028125
3 0.55 0.4015625 0.01875 0.0328125
3 0.5296875 0.403125 0.0125 0.0421875
4 0.5109375 0.396875 0.0125 0.03125
3 0.8625 0.253125 0.021875 0.053125
11 0.859375 0.1890625 0.01875 0.04375
4 0.7984375 0.253125 0.015625 0.0203125
11 0.540625 0.1859375 0.01875 0.040625
3 0.478125 0.190625 0.0265625 0.0359375
3 0.4578125 0.1921875 0.015625 0.05
3 0.434375 0.190625 0.015625 0.053125
3 0.415625 0.1875 0.015625 0.0484375
3 0.390625 0.1890625 0.0109375 0.0546875
4 0.3921875 0.253125 0.015625 0.025
4 0.8 0.11875 0.01875 0.025
3 0.4984375 0.046875 0.025 0.0640625
3 0.515625 0.05 0.0203125 0.0515625
3 0.471875 0.04375 0.0171875 0.0390625
3 0.453125 0.0515625 0.0125 0.0359375
3 0.4328125 0.0453125 0.0171875 0.0515625
3 0.4125 0.04375 0.0171875 0.0609375
3 0.39375 0.046875 0.0171875 0.0546875
4 0.39375 0.11875 0.01875 0.0265625
4 0.7984375 0.053125 0.0171875 0.0203125
3 0.553125 0.7484375 0.0171875 0.0546875
3 0.51875 0.75 0.015625 0.059375
3 0.5 0.746875 0.015625 0.05
3 0.6875 0.1890625 0.0171875 0.0484375
3 0.3625 0.04375 0.0171875 0.0515625
3 0.359375 0.1265625 0.015625 0.040625
3 0.3390625 0.046875 0.021875 0.046875
3 0.340625 0.1234375 0.015625 0.0546875
3 0.31875 0.05 0.0171875 0.0515625
3 0.31875 0.1234375 0.021875 0.04375
3 0.29375 0.040625 0.0109375 0.0515625
3 0.29375 0.121875 0.0203125 0.046875
3 0.275 0.0453125 0.0140625 0.0640625
3 0.25625 0.05 0.0171875 0.0515625
3 0.2609375 0.11875 0.021875 0.046875
3 0.275 0.115625 0.0125 0.0484375
3 0.259375 0.1859375 0.0171875 0.0390625
3 0.2328125 0.05625 0.0265625 0.053125
3 0.23125 0.11875 0.015625 0.053125
3 0.23125 0.1828125 0.015625 0.0328125
3 0.20625 0.059375 0.0234375 0.0296875
3 0.2078125 0.125 0.0203125 0.0546875
3 0.2 0.1859375 0.0203125 0.0453125
11 0.15625 0.05625 0.01875 0.0453125
3 0.13125 0.05625 0.01875 0.0328125
3 0.1328125 0.1125 0.0265625 0.04375
11 0.159375 0.175 0.0234375 0.05
3 0.13125 0.175 0.0171875 0.0515625
11 0.1609375 0.246875 0.0203125 0.04375
3 0.1265625 0.2546875 0.0171875 0.0484375
3 0.109375 0.0578125 0.0140625 0.046875
3 0.084375 0.05625 0.025 0.0359375
3 0.0921875 0.11875 0.021875 0.05
3 0.109375 0.11875 0.0140625 0.0453125
3 0.1078125 0.18125 0.0125 0.0484375
3 0.109375 0.25 0.015625 0.0546875
3 0.0859375 0.18125 0.0203125 0.040625
3 0.084375 0.25625 0.0265625 0.05
11 0.0609375 0.2453125 0.015625 0.0453125
11 0.0671875 0.184375 0.0140625 0.0390625
11 0.0625 0.0515625 0.0140625 0.0515625
3 0.70625 0.940625 0.0125 0.0421875
3 0.684375 0.95 0.0109375 0.0484375
3 0.665625 0.946875 0.01875 0.0484375
3 0.64375 0.953125 0.015625 0.034375
3 0.625 0.95 0.0125 0.0265625
3 0.60625 0.953125 0.015625 0.040625
3 0.5796875 0.95 0.01875 0.0359375
3 0.5515625 0.946875 0.028125 0.040625
3 0.81875 0.8859375 0.01875 0.0359375
3 0.7984375 0.8875 0.01875 0.0453125
3 0.775 0.88125 0.015625 0.0375
3 0.7578125 0.8875 0.0109375 0.046875
3 0.7375 0.884375 0.0125 0.0390625
3 0.7078125 0.8796875 0.01875 0.0328125
3 0.6859375 0.8796875 0.015625 0.0546875
3 0.665625 0.884375 0.0140625 0.034375
3 0.6484375 0.884375 0.0140625 0.0421875
3 0.6234375 0.88125 0.015625 0.03125
3 0.603125 0.88125 0.0125 0.034375
3 0.575 0.8796875 0.0109375 0.0328125
3 0.546875 0.884375 0.0171875 0.0296875
3 0.7046875 0.740625 0.015625 0.0546875
3 0.70625 0.8171875 0.015625 0.0453125
3 0.684375 0.7359375 0.01875 0.0609375
3 0.6828125 0.815625 0.0140625 0.0375
3 0.6625 0.74375 0.0171875 0.0390625
3 0.665625 0.81875 0.0234375 0.028125
3 0.64375 0.740625 0.0171875 0.0359375
3 0.64375 0.821875 0.01875 0.034375
3 0.621875 0.75 0.01875 0.05
3 0.625 0.8140625 0.0078125 0.0390625
3 0.596875 0.75 0.021875 0.0484375
3 0.603125 0.815625 0.015625 0.0484375
3 0.5765625 0.75 0.0125 0.0421875
3 0.575 0.8125 0.0125 0.040625
3 0.553125 0.8125 0.0125 0.04375
3 0.375 0.809375 0.0234375 0.0390625
3 0.284375 0.809375 0.0078125 0.0421875
3 0.05 0.8125 0.01875 0.03125
3 0.0484375 0.75 0.0203125 0.05
3 0.75625 0.546875 0.015625 0.0359375
3 0.246875 0.528125 0.0265625 0.04375
3 0.2 0.53125 0.0140625 0.0265625
3 0.178125 0.53125 0.0203125 0.0375
3 0.15625 0.53125 0.0109375 0.0359375
3 0.1359375 0.53125 0.0140625 0.0328125
3 0.1140625 0.5375 0.01875 0.040625
3 0.0546875 0.5375 0.028125 0.034375
3 0.81875 0.4625 0.0125 0.034375
3 0.5875 0.459375 0.0125 0.0359375
3 0.4890625 0.45625 0.0234375 0.0671875
3 0.46875 0.45 0.0125 0.0671875
3 0.4484375 0.465625 0.0203125 0.04375
3 0.796875 0.465625 0.009375 0.0328125
3 0.778125 0.4625 0.0140625 0.0296875
3 0.884375 0.403125 0.0234375 0.04375
3 0.81875 0.4046875 0.021875 0.046875
3 0.79375 0.40625 0.0125 0.0390625
3 0.775 0.4046875 0.0125 0.0328125
3 0.584375 0.4 0.0203125 0.040625
3 0.4875 0.4 0.0140625 0.0296875
3 0.465625 0.3984375 0.0171875 0.0328125
3 0.446875 0.403125 0.015625 0.0359375
3 0.365625 0.403125 0.0078125 0.0390625
3 0.346875 0.4046875 0.0125 0.040625
3 0.3265625 0.403125 0.0171875 0.040625
3 0.303125 0.4046875 0.015625 0.040625
3 0.28125 0.403125 0.0125 0.0453125
3 0.2578125 0.403125 0.0109375 0.0359375
3 0.2375 0.403125 0.0140625 0.0421875
11 0.2015625 0.3953125 0.015625 0.0625
3 0.159375 0.3875 0.0125 0.0390625
11 0.134375 0.3984375 0.01875 0.05625
3 0.096875 0.39375 0.021875 0.04375
3 0.071875 0.3953125 0.0125 0.0375
3 0.0484375 0.3953125 0.015625 0.0359375
3 0.884375 0.25 0.0171875 0.0359375
3 0.34375 0.18125 0.0296875 0.040625
3 0.3625 0.184375 0.0125 0.053125
3 0.359375 0.253125 0.0109375 0.04375
3 0.3375 0.25 0.01875 0.059375
3 0.3 0.184375 0.021875 0.05625
3 0.3171875 0.1828125 0.015625 0.0515625
3 0.3203125 0.25625 0.01875 0.053125
3 0.303125 0.259375 0.0203125 0.0515625
3 0.2796875 0.1875 0.015625 0.040625
3 0.2765625 0.25625 0.0140625 0.03125
3 0.2578125 0.2546875 0.015625 0.0515625
3 0.23125 0.253125 0.0203125 0.0421875
3 0.2046875 0.25625 0.021875 0.0640625
11 0.696875 0.546875 0.0125 0.059375
11 0.66875 0.5484375 0.0234375 0.0671875
11 0.634375 0.55 0.0171875 0.046875
11 0.603125 0.540625 0.015625 0.0578125
11 0.25625 0.4625 0.0203125 0.0375
6 0.440625 0.9515625 0.03125 0.0546875
6 0.4328125 0.890625 0.0703125 0.0375
6 0.8 0.609375 0.065625 0.040625
6 0.634375 0.609375 0.0484375 0.0390625
6 0.471875 0.61875 0.0671875 0.0453125
6 0.471875 0.5359375 0.096875 0.0375