14 0.94375 0.046875 0.059375 0.075
14 0.94375 0.115625 0.0328125 0.059375
14 0.95 0.1796875 0.053125 0.065625
14 0.940625 0.253125 0.0390625 0.0734375
14 0.946875 0.403125 0.0421875 0.0703125
14 0.94375 0.478125 0.040625 0.0546875
14 0.940625 0.54375 0.0453125 0.059375
14 0.94375 0.6140625 0.04375 0.059375
14 0.94375 0.7609375 0.0515625 0.0671875
8 0.884375 0.0421875 0.015625 0.0421875
3 0.8875 0.259375 0.0234375 0.053125
8 0.8859375 0.1859375 0.015625 0.03125
11 0.253125 0.4015625 0.0171875 0.0515625
8 0.1890625 0.403125 0.0171875 0.05
8 0.103125 0.3984375 0.03125 0.0546875
3 0.8796875 0.971875 0.0109375 0.05
3 0.8859375 0.9015625 0.015625 0.0390625
3 0.8875 0.821875 0.0171875 0.0421875
3 0.825 0.746875 0.0203125 0.0515625
3 0.8375 0.7484375 0.015625 0.0421875
3 0.8578125 0.96875 0.0125 0.0546875
3 0.8609375 0.89375 0.0109375 0.0390625
3 0.840625 0.9671875 0.015625 0.0390625
3 0.840625 0.8875 0.021875 0.0484375
3 0.8265625 0.8921875 0.01875 0.06875
3 0.7453125 0.821875 0.0125 0.05625
11 0.778125 0.8953125 0.0171875 0.05
3 0.7015625 0.8296875 0.015625 0.0328125
11 0.778125 0.7578125 0.015625 0.0453125
8 0.70625 0.759375 0.0265625 0.046875
3 0.6625 0.825 0.01875 0.053125
3 0.6421875 0.8234375 0.015625 0.065625
3 0.61875 0.821875 0.015625 0.0625
11 0.7734375 0.959375 0.0203125 0.0484375
3 0.70625 0.965625 0.015625 0.0421875
3 0.6875 0.9671875 0.0125 0.0515625
3 0.6625 0.9734375 0.015625 0.0515625
3 0.646875 0.96875 0.015625 0.0578125
3 0.621875 0.96484375 0.015625 0.0703125
11 0.596875 0.9703125 0.01875 0.053125
3 0.5671875 0.96875 0.01875 0.04375
3 0.571875 0.9 0.025 0.040625
11 0.596875 0.8234375 0.0140625 0.05
3 0.565625 0.81875 0.0109375 0.05
11 0.621875 0.759375 0.0203125 0.046875
3 0.565625 0.75625 0.0203125 0.0578125
8 0.534375 0.75625 0.0140625 0.040625
3 0.815625 0.971875 0.0140625 0.04375
3 0.74375 0.9625 0.015625 0.04375
8 0.70625 0.9 0.0171875 0.0375
3 0.53125 0.971875 0.0109375 0.0484375
8 0.534375 0.9 0.0125 0.0265625
11 0.884375 0.109375 0.015625 0.05
3 0.865625 0.25625 0.01875 0.0390625
9 0.334375 0.0421875 0.01875 0.0234375
9 0.3328125 0.115625 0.015625 0.03125
9 0.8828125 0.46875 0.0203125 0.0328125
3 0.73125 0.45625 0.0140625 0.0359375
9 0.38125 0.403125 0.01875 0.0421875
9 0.378125 0.4671875 0.021875 0.025
9 0.378125 0.534375 0.0171875 0.021875
9 0.6875 0.5375 0.0234375 0.0328125
9 0.6921875 0.6015625 0.0203125 0.040625
4 0.7390625 0.046875 0.0203125 0.0265625
3 0.19375 0.03125 0.03125 0.0390625
4 0.1578125 0.0453125 0.015625 0.025
3 0.1375 0.03125 0.021875 0.0359375
4 0.11875 0.04375 0.015625 0.0171875
4 0.0671875 0.04375 0.0109375 0.0203125
3 0.1921875 0.109375 0.0171875 0.0390625
4 0.159375 0.1125 0.0140625 0.01875
3 0.1375 0.1109375 0.01875 0.040625
4 0.11875 0.1125 0.0171875 0.025
4 0.06875 0.1125 0.015625 0.0203125
3 0.8421875 0.2625 0.0171875 0.065625
3 0.81875 0.2625 0.0140625 0.0625
3 0.78125 0.2578125 0.03125 0.0546875
3 0.796875 0.25625 0.01875 0.0640625
3 0.75625 0.25 0.01875 0.059375
3 0.7296875 0.253125 0.015625 0.065625
4 0.734375 0.18125 0.0203125 0.028125
3 0.471875 0.25 0.0125 0.0578125
3 0.45 0.246875 0.015625 0.0453125
3 0.428125 0.24375 0.0171875 0.0609375
3 0.40625 0.2375 0.01875 0.0515625
3 0.384375 0.240625 0.0140625 0.0453125
3 0.3625 0.25 0.01875 0.05625
3 0.328125 0.25 0.0140625 0.04375
3 0.334375 0.184375 0.0078125 0.0328125
3 0.309375 0.253125 0.009375 0.05
3 0.315625 0.1828125 0.0171875 0.0296875
4 0.2921875 0.18125 0.01875 0.025
3 0.26875 0.2453125 0.021875 0.0375
3 0.2453125 0.246875 0.0125 0.0515625
3 0.2515625 0.1890625 0.009375 0.03125
3 0.228125 0.24375 0.0125 0.05
3 0.23125 0.1828125 0.015625 0.0328125
3 0.1921875 0.240625 0.025 0.046875
4 0.209375 0.1796875 0.0140625 0.025
3 0.1875 0.178125 0.01875 0.0375
4 0.159375 0.178125 0.0171875 0.028125
3 0.1375 0.2453125 0.01875 0.0453125
3 0.1390625 0.18125 0.0171875 0.0359375
4 0.11875 0.178125 0.0125 0.0171875
4 0.159375 0.2515625 0.015625 0.03125
4 0.115625 0.2484375 0.0140625 0.0203125
4 0.209375 0.246875 0.0125 0.0265625
4 0.29375 0.25 0.0125 0.0203125
4 0.3796875 0.603125 0.015625 0.0234375
3 0.859375 0.603125 0.01875 0.028125
4 0.8375 0.6078125 0.0109375 0.028125
3 0.88125 0.54375 0.0140625 0.0390625
3 0.859375 0.5390625 0.01875 0.040625
4 0.8390625 0.5390625 0.0140625 0.025
3 0.5515625 0.540625 0.015625 0.03125
3 0.528125 0.5328125 0.0140625 0.0453125
4 0.5046875 0.5359375 0.0171875 0.028125
3 0.5453125 0.603125 0.01875 0.034375
3 0.5234375 0.603125 0.0140625 0.04375
4 0.5046875 0.609375 0.0125 0.03125
3 0.8625 0.7546875 0.0234375 0.0546875
11 0.8625 0.821875 0.01875 0.04375
4 0.7984375 0.75625 0.015625 0.0203125
11 0.534375 0.825 0.0203125 0.0421875
3 0.471875 0.81875 0.0265625 0.0375
3 0.45 0.81875 0.015625 0.0515625
3 0.428125 0.8203125 0.0171875 0.0546875
3 0.40625 0.821875 0.015625 0.0515625
3 0.38125 0.821875 0.0125 0.05625
4 0.384375 0.75625 0.015625 0.0265625
4 0.8 0.89375 0.01875 0.025
3 0.4921875 0.965625 0.025 0.065625
3 0.509375 0.9640625 0.0203125 0.0515625
3 0.465625 0.96875 0.0171875 0.040625
3 0.4453125 0.9625 0.0140625 0.0359375
3 0.425 0.96875 0.0171875 0.053125
3 0.40625 0.96875 0.0171875 0.0609375
3 0.3859375 0.965625 0.01875 0.0578125
4 0.384375 0.89375 0.01875 0.028125
4 0.8 0.959375 0.0171875 0.021875
3 0.546875 0.25 0.01875 0.0546875
3 0.5125 0.246875 0.0171875 0.0609375
3 0.49375 0.25 0.0171875 0.05
3 0.6859375 0.821875 0.01875 0.0484375
3 0.353125 0.9703125 0.0171875 0.053125
3 0.35 0.884375 0.015625 0.0421875
3 0.328125 0.965625 0.021875 0.0484375
3 0.33125 0.8875 0.015625 0.05625
3 0.3078125 0.9640625 0.01875 0.0515625
3 0.3078125 0.8890625 0.0234375 0.0453125
3 0.2828125 0.971875 0.0125 0.0515625
3 0.28125 0.890625 0.0203125 0.0484375
3 0.2640625 0.9671875 0.015625 0.065625
3 0.2453125 0.9640625 0.0171875 0.0515625
3 0.2484375 0.8921875 0.021875 0.0484375
3 0.2640625 0.896875 0.0125 0.05
3 0.246875 0.825 0.01875 0.0390625
3 0.2203125 0.95625 0.0265625 0.053125
3 0.2171875 0.89375 0.015625 0.0546875
3 0.2171875 0.828125 0.015625 0.0328125
3 0.19375 0.9546875 0.025 0.03125
3 0.19375 0.8875 0.021875 0.05625
3 0.1859375 0.825 0.021875 0.046875
11 0.1421875 0.95625 0.0203125 0.046875
3 0.115625 0.95625 0.0203125 0.034375
3 0.1171875 0.9 0.028125 0.04375
11 0.14375 0.834375 0.0234375 0.0515625
3 0.115625 0.8359375 0.01875 0.053125
11 0.146875 0.7625 0.0203125 0.04375
3 0.1125 0.753125 0.01875 0.05
3 0.09375 0.95625 0.0140625 0.0484375
3 0.0671875 0.95625 0.025 0.0375
3 0.0765625 0.8921875 0.0234375 0.0515625
3 0.09375 0.89375 0.0140625 0.0453125
3 0.0921875 0.8296875 0.0125 0.0484375
3 0.0953125 0.759375 0.015625 0.0578125
3 0.06875 0.8296875 0.0203125 0.0421875
3 0.06875 0.753125 0.028125 0.0515625
11 0.04375 0.7640625 0.015625 0.046875
11 0.05 0.8265625 0.015625 0.040625
11 0.046875 0.9625 0.0140625 0.053125
3 0.7046875 0.053125 0.0125 0.04375
3 0.6828125 0.0421875 0.0109375 0.05
3 0.6625 0.046875 0.01875 0.05
3 0.640625 0.040625 0.015625 0.034375
3 0.621875 0.0421875 0.0140625 0.028125
3 0.6015625 0.040625 0.0171875 0.0421875
3 0.575 0.04375 0.01875 0.0359375
3 0.546875 0.0453125 0.0296875 0.0421875
3 0.8203125 0.1078125 0.01875 0.0359375
3 0.7984375 0.10625 0.01875 0.046875
3 0.775 0.1125 0.015625 0.0390625
3 0.75625 0.10625 0.0109375 0.0484375
3 0.7375 0.109375 0.0125 0.040625
3 0.70625 0.115625 0.0203125 0.0328125
3 0.684375 0.115625 0.015625 0.0546875
3 0.6625 0.109375 0.015625 0.0359375
3 0.6453125 0.1109375 0.0140625 0.0421875
3 0.61875 0.1125 0.015625 0.03125
3 0.6 0.1125 0.0125 0.034375
3 0.5703125 0.115625 0.0109375 0.0328125
3 0.540625 0.109375 0.0171875 0.0296875
3 0.703125 0.25625 0.015625 0.0546875
3 0.7046875 0.178125 0.0171875 0.0453125
3 0.6828125 0.2625 0.01875 0.0625
3 0.68125 0.18125 0.015625 0.0375
3 0.659375 0.253125 0.0171875 0.040625
3 0.6625 0.178125 0.0234375 0.028125
3 0.640625 0.25625 0.0171875 0.0375
3 0.640625 0.175 0.01875 0.0359375
3 0.61875 0.2484375 0.01875 0.0515625
3 0.6203125 0.18125 0.0078125 0.040625
3 0.59375 0.246875 0.0234375 0.05
3 0.6 0.18125 0.015625 0.05
3 0.571875 0.2484375 0.0140625 0.04375
3 0.571875 0.184375 0.0125 0.040625
3 0.5484375 0.1828125 0.0140625 0.04375
3 0.365625 0.1859375 0.0234375 0.0390625
3 0.271875 0.1875 0.0078125 0.04375
3 0.0328125 0.184375 0.01875 0.0328125
3 0.03125 0.246875 0.0203125 0.0515625
3 0.75625 0.4546875 0.015625 0.0375
3 0.2359375 0.4734375 0.0265625 0.0453125
3 0.1875 0.471875 0.0140625 0.028125
3 0.165625 0.471875 0.0203125 0.0390625
3 0.1421875 0.471875 0.009375 0.0359375
3 0.121875 0.471875 0.0140625 0.034375
3 0.0984375 0.465625 0.0203125 0.040625
3 0.0375 0.465625 0.028125 0.0359375
3 0.81875 0.5421875 0.0125 0.034375
3 0.5828125 0.54375 0.0125 0.0359375
3 0.48125 0.546875 0.0234375 0.06875
3 0.4609375 0.553125 0.0125 0.06875
3 0.440625 0.5390625 0.0203125 0.0453125
3 0.796875 0.5390625 0.0109375 0.0328125
3 0.778125 0.540625 0.0140625 0.03125
3 0.884375 0.603125 0.025 0.0453125
3 0.81875 0.6 0.0234375 0.046875
3 0.79375 0.6 0.0125 0.040625
3 0.775 0.6 0.0125 0.034375
3 0.578125 0.60625 0.0203125 0.0421875
3 0.4796875 0.6046875 0.0140625 0.0296875
3 0.459375 0.60625 0.01875 0.0328125
3 0.4390625 0.603125 0.0171875 0.0359375
3 0.35625 0.603125 0.009375 0.040625
3 0.3359375 0.6 0.0125 0.0421875
3 0.315625 0.603125 0.0171875 0.040625
3 0.29375 0.6 0.015625 0.040625
3 0.26875 0.603125 0.0125 0.0453125
3 0.2453125 0.6015625 0.0109375 0.0359375
3 0.225 0.6015625 0.0140625 0.04375
11 0.1875 0.609375 0.015625 0.065625
3 0.1453125 0.61875 0.0125 0.0390625
11 0.1203125 0.60625 0.0203125 0.0578125
3 0.08125 0.6125 0.0234375 0.04375
3 0.0546875 0.609375 0.0140625 0.0375
3 0.03125 0.609375 0.015625 0.0359375
3 0.8875 0.759375 0.0171875 0.0359375
3 0.334375 0.8296875 0.03125 0.0421875
3 0.353125 0.825 0.0125 0.053125
3 0.35 0.75625 0.0109375 0.0453125
3 0.328125 0.759375 0.0203125 0.0609375
3 0.290625 0.825 0.021875 0.0578125
3 0.30625 0.828125 0.015625 0.053125
3 0.309375 0.753125 0.01875 0.053125
3 0.2921875 0.75 0.021875 0.0515625
3 0.26875 0.8234375 0.015625 0.0421875
3 0.265625 0.7515625 0.015625 0.03125
3 0.246875 0.753125 0.015625 0.053125
3 0.21875 0.75625 0.021875 0.04375
3 0.190625 0.753125 0.021875 0.065625
11 0.69375 0.45625 0.0125 0.0609375
11 0.6671875 0.453125 0.0234375 0.06875
11 0.63125 0.453125 0.0171875 0.0484375
11 0.6 0.4625 0.015625 0.059375
11 0.2453125 0.5421875 0.0203125 0.0375
6 0.4328125 0.040625 0.0328125 0.05625
6 0.425 0.1046875 0.071875 0.0375
6 0.8 0.390625 0.0671875 0.040625
6 0.63125 0.390625 0.05 0.040625
6 0.4625 0.3828125 0.06875 0.046875
6 0.465625 0.465625 0.0984375 0.0390625