11 0.0578125 0.0296875 0.0234375 0.059375
3 0.0875 0.028125 0.021875 0.05625
11 0.109375 0.0328125 0.0234375 0.065625
4 0.1453125 0.04375 0.021875 0.05
3 0.165625 0.025 0.01875 0.0484375
11 0.184375 0.034375 0.009375 0.0578125
3 0.20859375 0.01875 0.0296875 0.0375
11 0.2375 0.025 0.0171875 0.0484375
8 0.29375 0.034375 0.0203125 0.0640625
11 0.3578125 0.0234375 0.021875 0.046875
11 0.415625 0.034375 0.0234375 0.0671875
4 0.4515625 0.040625 0.0203125 0.0484375
3 0.46875 0.03125 0.0140625 0.05
11 0.490625 0.025 0.025 0.05
3 0.521875 0.025 0.015625 0.040625
11 0.54375 0.0265625 0.0171875 0.053125
8 0.6 0.03125 0.0203125 0.0625
11 0.671875 0.025 0.0234375 0.05
11 0.721875 0.034375 0.0171875 0.06875
4 0.7609375 0.034375 0.0203125 0.0453125
3 0.7765625 0.0265625 0.015625 0.053125
11 0.8 0.0265625 0.021875 0.053125
3 0.83125 0.025 0.015625 0.05
11 0.853125 0.03125 0.0125 0.0625
8 0.115625 0.2125 0.0234375 0.0859375
3 0.16875 0.23125 0.025 0.0421875
3 0.16875 0.1890625 0.025 0.0578125
11 0.234375 0.1234375 0.0296875 0.053125
8 0.421875 0.20625 0.0296875 0.06875
11 0.496875 0.2125 0.01875 0.0734375
3 0.528125 0.225 0.025 0.0265625
3 0.525 0.190625 0.0234375 0.0390625
11 0.546875 0.203125 0.021875 0.059375
11 0.5453125 0.13125 0.01875 0.04375
8 0.2875 0.128125 0.0203125 0.0484375
11 0.24375 0.215625 0.0171875 0.065625
11 0.365625 0.128125 0.0265625 0.0578125
8 0.596875 0.2 0.0171875 0.0625
11 0.671875 0.20625 0.0359375 0.0578125
8 0.5921875 0.134375 0.01875 0.059375
11 0.671875 0.1328125 0.015625 0.0453125
8 0.734375 0.20625 0.021875 0.0640625
11 0.8078125 0.2125 0.01875 0.071875
3 0.834375 0.221875 0.015625 0.034375
3 0.834375 0.19375 0.028125 0.040625
11 0.859375 0.209375 0.025 0.071875
11 0.85625 0.134375 0.015625 0.053125
11 0.059375 0.3625 0.01875 0.05
11 0.234375 0.3484375 0.0234375 0.0359375
11 0.35625 0.353125 0.0375 0.0390625
11 0.54375 0.346875 0.015625 0.0359375
11 0.66875 0.346875 0.015625 0.046875
11 0.846875 0.346875 0.0234375 0.0421875
11 0.0234375 0.6390625 0.0125 0.05
3 0.0515625 0.6375 0.03125 0.0671875
11 0.075 0.634375 0.0203125 0.04375
4 0.125 0.628125 0.021875 0.0546875
3 0.146875 0.6375 0.01875 0.0578125
11 0.1703125 0.63125 0.0265625 0.0734375
11 0.2125 0.64375 0.0203125 0.065625
11 0.4046875 0.6375 0.0265625 0.065625
3 0.4375 0.63125 0.025 0.0703125
11 0.46875 0.63125 0.0171875 0.053125
4 0.509375 0.63125 0.0171875 0.040625
3 0.53125 0.640625 0.0203125 0.0578125
11 0.55625 0.634375 0.0203125 0.059375
3 0.590625 0.615625 0.03125 0.0671875
11 0.6171875 0.63125 0.0203125 0.053125
3 0.653125 0.621875 0.028125 0.0671875
11 0.725 0.6375 0.0125 0.05625
11 0.878125 0.6453125 0.0265625 0.0671875
11 0.615625 0.725 0.028125 0.0546875
11 0.6125 0.946875 0.025 0.034375
11 0.61875 0.90625 0.0203125 0.0453125
11 0.6234375 0.978125 0.01875 0.0359375
3 0.265625 0.03125 0.0203125 0.0453125
3 0.3890625 0.021875 0.0171875 0.0421875
3 0.5703125 0.021875 0.01875 0.0421875
3 0.703125 0.0234375 0.015625 0.04375
3 0.8828125 0.03125 0.0203125 0.05625
11 0.0546875 0.2125 0.0265625 0.0734375
3 0.09375 0.225 0.021875 0.0390625
3 0.090625 0.1890625 0.03125 0.0453125
11 0.19375 0.215625 0.0125 0.0765625
3 0.221875 0.221875 0.025 0.0203125
3 0.21875 0.1921875 0.028125 0.0375
3 0.26875 0.234375 0.0265625 0.0265625
8 0.29375 0.2234375 0.021875 0.0640625
3 0.271875 0.203125 0.034375 0.034375
11 0.3671875 0.2109375 0.034375 0.0640625
3 0.3953125 0.2203125 0.0234375 0.0296875
3 0.396875 0.196875 0.0296875 0.040625
3 0.471875 0.225 0.0265625 0.028125
3 0.475 0.2 0.025 0.046875
3 0.578125 0.2171875 0.01875 0.021875
3 0.578125 0.1890625 0.021875 0.0375
3 0.7078125 0.221875 0.0203125 0.03125
3 0.70625 0.1921875 0.0171875 0.0515625
3 0.7859375 0.228125 0.0125 0.0296875
3 0.784375 0.2 0.0265625 0.040625
3 0.884375 0.23125 0.025 0.0421875
3 0.8875 0.203125 0.0203125 0.0375
3 0.7609375 0.6375 0.021875 0.0609375
3 0.915625 0.6375 0.0265625 0.065625
8 0.0875 0.7171875 0.0265625 0.0515625
3 0.1484375 0.725 0.0296875 0.04375
3 0.91875 0.728125 0.025 0.04375
11 0.0265625 0.81875 0.025 0.06875
3 0.05625 0.83125 0.03125 0.028125
3 0.05625 0.803125 0.0421875 0.0421875
8 0.0890625 0.81875 0.0203125 0.0609375
3 0.153125 0.8359375 0.0234375 0.0359375
3 0.15 0.80625 0.0203125 0.040625
9 0.3796875 0.928125 0.0234375 0.025
4 0.440625 0.934375 0.0234375 0.0265625
9 0.3828125 0.909375 0.0359375 0.025
4 0.446875 0.90625 0.0140625 0.0203125
9 0.38125 0.8890625 0.034375 0.0296875
4 0.44375 0.884375 0.025 0.028125
11 0.4046875 0.825 0.0359375 0.071875
3 0.45 0.8359375 0.028125 0.028125
3 0.446875 0.809375 0.0359375 0.0390625
8 0.471875 0.80625 0.03125 0.06875
3 0.5390625 0.8375 0.0171875 0.025
3 0.540625 0.80625 0.034375 0.0375
11 0.559375 0.815625 0.0171875 0.078125
3 0.596875 0.81875 0.025 0.0390625
3 0.596875 0.7890625 0.03125 0.046875
11 0.625 0.8125 0.01875 0.0734375
3 0.659375 0.834375 0.028125 0.0234375
3 0.65625 0.803125 0.028125 0.0453125
11 0.7296875 0.8265625 0.01875 0.08125
3 0.7609375 0.8375 0.028125 0.034375
3 0.7640625 0.8140625 0.0234375 0.0328125
8 0.78125 0.825 0.01875 0.0703125
4 0.859375 0.840625 0.025 0.0234375
11 0.8875 0.8234375 0.025 0.0875
3 0.9203125 0.8375 0.028125 0.034375
4 0.859375 0.8078125 0.0203125 0.0453125
3 0.9203125 0.8125 0.028125 0.03125
3 0.140625 0.959375 0.025 0.0484375
3 0.9125 0.9828125 0.0328125 0.034375
3 0.921875 0.91875 0.0234375 0.046875
3 0.925 0.940625 0.0203125 0.021875
8 0.9078125 0.125 0.0109375 0.053125
8 0.9078125 0.221875 0.021875 0.0625
8 0.7875 0.63125 0.0203125 0.0515625
8 0.171875 0.73125 0.0203125 0.065625
8 0.25625 0.7265625 0.034375 0.0484375
11 0.1734375 0.828125 0.0203125 0.065625
11 0.2109375 0.815625 0.021875 0.0640625
8 0.16875 0.959375 0.021875 0.0421875
5 0.7296875 0.9734375 0.0203125 0.0203125
5 0.73125 0.95 0.028125 0.021875
5 0.73125 0.925 0.0203125 0.0328125
4 0.059375 0.7296875 0.021875 0.04375
9 0.375 0.721875 0.0375 0.04375
4 0.440625 0.73125 0.021875 0.0453125
11 0.021875 0.953125 0.0265625 0.04375
4 0.0625 0.896875 0.0203125 0.0390625
8 0.909375 0.03125 0.028125 0.0625
8 0.25625 0.6375 0.025 0.046875
5 0.115625 0.121875 0.0328125 0.05
5 0.41875 0.1265625 0.028125 0.0578125
5 0.7296875 0.121875 0.0296875 0.053125
5 0.1125 0.34375 0.028125 0.0578125
5 0.415625 0.3328125 0.0375 0.0546875
5 0.73125 0.33125 0.0296875 0.046875
5 0.475 0.7265625 0.034375 0.0421875
5 0.4734375 0.971875 0.0265625 0.0328125
5 0.484375 0.91875 0.025 0.028125