14 0.134375 0.1421875 0.03125 0.10625
14 0.134375 0.3 0.03125 0.0640625
14 0.059375 0.628125 0.05 0.10625
14 0.0625 0.796875 0.025 0.08125
0 0.1375 0.2203125 0.03125 0.034375
0 0.128125 0.3796875 0.0359375 0.0546875
0 0.059375 0.7125 0.0296875 0.034375
0 0.0546875 0.88125 0.0265625 0.05
9 0.1984375 0.2125 0.034375 0.065625
11 0.21875 0.15 0.0171875 0.0765625
3 0.2484375 0.15 0.0171875 0.0609375
11 0.265625 0.134375 0.0171875 0.046875
4 0.3015625 0.15 0.0125 0.0375
3 0.315625 0.14375 0.01875 0.0515625
11 0.3375 0.1359375 0.01875 0.046875
3 0.3671875 0.13125 0.015625 0.06875
11 0.390625 0.128125 0.0203125 0.071875
3 0.41875 0.134375 0.0234375 0.0671875
11 0.4859375 0.146875 0.0203125 0.0609375
3 0.5125 0.1453125 0.015625 0.04375
8 0.5359375 0.134375 0.0234375 0.05625
11 0.6046875 0.1421875 0.0203125 0.0625
3 0.6375 0.140625 0.0234375 0.0734375
11 0.6921875 0.1390625 0.0140625 0.05
4 0.7296875 0.146875 0.0125 0.040625
3 0.740625 0.140625 0.015625 0.0703125
11 0.7671875 0.140625 0.028125 0.0609375
3 0.796875 0.1375 0.015625 0.0671875
11 0.815625 0.1328125 0.021875 0.0578125
9 0.196875 0.375 0.03125 0.0234375
4 0.246875 0.3734375 0.0203125 0.0375
8 0.275 0.3 0.025 0.0703125
3 0.325 0.3171875 0.0265625 0.021875
3 0.321875 0.2859375 0.021875 0.05
11 0.340625 0.296875 0.0203125 0.0578125
3 0.3765625 0.303125 0.021875 0.03125
3 0.375 0.275 0.0265625 0.0296875
11 0.390625 0.21875 0.0203125 0.0609375
8 0.69375 0.3046875 0.0265625 0.071875
11 0.7671875 0.303125 0.025 0.0828125
3 0.7984375 0.3015625 0.01875 0.0375
3 0.8 0.275 0.028125 0.0375
11 0.809375 0.2234375 0.0328125 0.05625
11 0.15 0.6375 0.021875 0.05
3 0.1828125 0.640625 0.0171875 0.0421875
11 0.20625 0.63125 0.015625 0.0546875
4 0.240625 0.6390625 0.021875 0.034375
3 0.265625 0.6390625 0.015625 0.0515625
11 0.2875 0.634375 0.0171875 0.05
3 0.321875 0.625 0.01875 0.046875
11 0.35 0.628125 0.0234375 0.0734375
3 0.378125 0.63125 0.015625 0.0515625
11 0.4375 0.6375 0.0296875 0.0671875
8 0.509375 0.628125 0.028125 0.0578125
11 0.590625 0.6390625 0.0234375 0.05625
3 0.621875 0.64375 0.0171875 0.0515625
11 0.684375 0.634375 0.009375 0.05625
4 0.7171875 0.64375 0.0171875 0.0390625
3 0.7375 0.6421875 0.0171875 0.0453125
11 0.7625 0.6328125 0.0203125 0.0625
11 0.8015625 0.6484375 0.0125 0.059375
11 0.34375 0.715625 0.0203125 0.0609375
11 0.3375 0.9125 0.0234375 0.0328125
3 0.84375 0.146875 0.0203125 0.0671875
6 0.5625 0.3796875 0.046875 0.046875
11 0.48125 0.309375 0.0265625 0.0515625
11 0.6140625 0.3 0.0203125 0.06875
3 0.6421875 0.315625 0.025 0.0328125
4 0.584375 0.29375 0.03125 0.0421875
3 0.6390625 0.290625 0.025 0.034375
3 0.640625 0.234375 0.015625 0.05625
11 0.221875 0.3 0.0265625 0.06875
3 0.25 0.3125 0.0265625 0.046875
3 0.253125 0.2890625 0.021875 0.04375
11 0.3953125 0.3 0.021875 0.0625
3 0.425 0.315625 0.0265625 0.04375
3 0.421875 0.28125 0.021875 0.046875
3 0.5140625 0.31875 0.0203125 0.0265625
3 0.5140625 0.29375 0.0203125 0.0390625
3 0.75 0.3171875 0.0203125 0.021875
3 0.7484375 0.2875 0.0296875 0.03125
11 0.8234375 0.2921875 0.0171875 0.065625
3 0.8484375 0.309375 0.01875 0.0390625
3 0.846875 0.2796875 0.0265625 0.0421875
3 0.478125 0.640625 0.021875 0.0546875
8 0.121875 0.71875 0.0234375 0.046875
3 0.18125 0.7203125 0.025 0.0359375
6 0.540625 0.890625 0.0421875 0.0484375
6 0.540625 0.8609375 0.04375 0.01875
8 0.503125 0.803125 0.0140625 0.075
4 0.5671875 0.809375 0.01875 0.0359375
3 0.628125 0.8125 0.0203125 0.03125
4 0.5703125 0.784375 0.028125 0.028125
3 0.625 0.7875 0.0203125 0.028125
3 0.628125 0.721875 0.0328125 0.0328125
8 0.6890625 0.7140625 0.0203125 0.0375
3 0.74375 0.715625 0.015625 0.0484375
11 0.1609375 0.80625 0.028125 0.0609375
3 0.190625 0.8078125 0.0234375 0.040625
3 0.190625 0.7875 0.0234375 0.0296875
8 0.2125 0.796875 0.0171875 0.05625
3 0.2703125 0.809375 0.021875 0.0421875
3 0.271875 0.778125 0.03125 0.0359375
11 0.29375 0.8 0.0140625 0.05
3 0.328125 0.8 0.0234375 0.0234375
3 0.328125 0.778125 0.0296875 0.03125
11 0.3484375 0.7890625 0.021875 0.05
3 0.38125 0.8078125 0.0203125 0.028125
3 0.38125 0.78125 0.025 0.0296875
11 0.4421875 0.8 0.03125 0.0625
3 0.48125 0.8125 0.025 0.0265625
3 0.48125 0.7859375 0.0296875 0.04375
8 0.68125 0.7984375 0.0234375 0.065625
3 0.7390625 0.8125 0.028125 0.0296875
3 0.74375 0.784375 0.0359375 0.0359375
3 0.184375 0.9015625 0.0296875 0.0375
3 0.6203125 0.921875 0.025 0.0359375
3 0.7421875 0.9109375 0.01875 0.046875
8 0.8671875 0.14375 0.015625 0.053125
5 0.4875 0.23125 0.0140625 0.03125
8 0.859375 0.2234375 0.0265625 0.053125
11 0.8140625 0.409375 0.01875 0.0359375
8 0.865625 0.403125 0.0140625 0.0375
11 0.3875 0.41875 0.0171875 0.05
5 0.4875 0.4140625 0.0359375 0.03125
8 0.846875 0.640625 0.0234375 0.0609375
5 0.4453125 0.7296875 0.021875 0.034375
11 0.765625 0.8109375 0.0125 0.075
11 0.8 0.796875 0.0203125 0.06875
8 0.84375 0.71875 0.0265625 0.0390625
8 0.8421875 0.8109375 0.025 0.08125
8 0.7625 0.915625 0.01875 0.05
5 0.446875 0.9078125 0.0234375 0.0390625
4 0.2484375 0.225 0.01875 0.0375
3 0.6375 0.41875 0.0203125 0.0640625
5 0.275 0.228125 0.0234375 0.0484375
5 0.696875 0.228125 0.015625 0.0453125
5 0.271875 0.4078125 0.0328125 0.03125
5 0.696875 0.409375 0.0203125 0.0453125
5 0.2125 0.7203125 0.0203125 0.0515625
5 0.21875 0.9015625 0.03125 0.04375