11 0.315625 0.215625 0.0375 0.053125
11 0.51875 0.2125 0.053125 0.0484375
11 0.675 0.15 0.0390625 0.0453125
8 0.43125 0.140625 0.021875 0.0609375
8 0.4890625 0.134375 0.0265625 0.0546875
11 0.5625 0.1453125 0.01875 0.0578125
11 0.6328125 0.1421875 0.03125 0.04375
0 0.0671875 0.209375 0.0265625 0.053125
0 0.0640625 0.1390625 0.03125 0.0390625
14 0.0625 0.0859375 0.0296875 0.046875
8 0.1 0.140625 0.021875 0.04375
3 0.1046875 0.0875 0.0296875 0.0359375
13 0.59375 0.140625 0.021875 0.0515625
13 0.609375 0.146875 0.0171875 0.040625
12 0.7078125 0.140625 0.015625 0.0375
12 0.7359375 0.209375 0.0140625 0.0296875
5 0.7734375 0.159375 0.0375 0.0234375
11 0.103125 0.2046875 0.028125 0.0453125
11 0.1453125 0.0796875 0.0296875 0.0453125
8 0.19375 0.134375 0.034375 0.0484375
11 0.190625 0.075 0.034375 0.0546875
12 0.228125 0.078125 0.0125 0.0390625
8 0.29375 0.146875 0.0171875 0.0484375
9 0.35 0.140625 0.021875 0.01875