14 0.0078125 0.0609375 0.015625 0.0875
14 0.00625 0.25 0.0125 0.0796875
14 0.00625 0.653125 0.0109375 0.096875
14 0.00625 0.83671875 0.0125 0.0984375
0 0.003125 0.153125 0.00625 0.0359375
0 0.00625 0.746875 0.0125 0.0453125
0 0.0046875 0.9375 0.009375 0.05
11 0.06875 0.05625 0.021875 0.065625
3 0.1 0.053125 0.021875 0.0640625
11 0.121875 0.0578125 0.0234375 0.071875
4 0.15625 0.071875 0.021875 0.05
3 0.175 0.0484375 0.0203125 0.0578125
11 0.1953125 0.0609375 0.0109375 0.0578125
3 0.221875 0.04375 0.0296875 0.05
11 0.2484375 0.046875 0.01875 0.0640625
8 0.303125 0.0625 0.0203125 0.0640625
11 0.36875 0.046875 0.0203125 0.0546875
11 0.4265625 0.059375 0.0234375 0.0734375
4 0.4625 0.06875 0.0203125 0.0484375
3 0.4796875 0.059375 0.0140625 0.05
11 0.503125 0.04375 0.025 0.071875
3 0.53125 0.053125 0.015625 0.040625
11 0.553125 0.04375 0.0171875 0.0796875
8 0.6125 0.0484375 0.0203125 0.084375
11 0.6828125 0.0453125 0.0234375 0.0671875
11 0.7328125 0.0625 0.0171875 0.071875
4 0.771875 0.0609375 0.0203125 0.0453125
3 0.7875 0.0515625 0.015625 0.0609375
11 0.8125 0.0546875 0.021875 0.05625
3 0.84375 0.05 0.0171875 0.0625
11 0.8625 0.0578125 0.0125 0.065625
8 0.125 0.240625 0.021875 0.0859375
3 0.1796875 0.259375 0.025 0.0421875
3 0.178125 0.215625 0.025 0.0578125
11 0.24375 0.1515625 0.0296875 0.053125
8 0.4328125 0.234375 0.0296875 0.06875
11 0.50625 0.240625 0.01875 0.0734375
3 0.5375 0.253125 0.025 0.0265625
3 0.534375 0.21875 0.0234375 0.0390625
11 0.5578125 0.2296875 0.0203125 0.059375
11 0.55625 0.159375 0.01875 0.04375
8 0.2984375 0.15625 0.0203125 0.0484375
11 0.25625 0.24375 0.0171875 0.065625
11 0.3765625 0.15625 0.0265625 0.0578125
8 0.60625 0.228125 0.0171875 0.0625
11 0.68125 0.234375 0.0359375 0.0578125
8 0.603125 0.1625 0.01875 0.059375
11 0.68125 0.159375 0.015625 0.0453125
8 0.74375 0.234375 0.021875 0.0640625
11 0.81875 0.2390625 0.01875 0.071875
3 0.84375 0.2484375 0.015625 0.034375
3 0.84375 0.221875 0.028125 0.040625
11 0.86875 0.2375 0.025 0.071875
11 0.865625 0.1625 0.015625 0.053125
11 0.0703125 0.390625 0.01875 0.05
11 0.24375 0.375 0.0234375 0.0359375
11 0.365625 0.38125 0.0375 0.0390625
11 0.553125 0.3734375 0.015625 0.0359375
11 0.678125 0.375 0.015625 0.046875
11 0.8578125 0.3734375 0.0234375 0.0421875
11 0.034375 0.6671875 0.0125 0.05
3 0.0625 0.665625 0.03125 0.0671875
11 0.0859375 0.6625 0.0203125 0.04375
4 0.134375 0.65625 0.021875 0.0546875
3 0.15625 0.665625 0.01875 0.0578125
11 0.18125 0.659375 0.0265625 0.0734375
11 0.221875 0.6703125 0.0203125 0.065625
11 0.415625 0.665625 0.0265625 0.065625
3 0.446875 0.659375 0.025 0.0703125
11 0.478125 0.659375 0.0171875 0.053125
4 0.51875 0.659375 0.0171875 0.040625
3 0.540625 0.66875 0.0203125 0.0578125
11 0.565625 0.6625 0.0203125 0.059375
3 0.6015625 0.6421875 0.03125 0.0671875
11 0.628125 0.659375 0.0203125 0.053125
3 0.6625 0.6484375 0.028125 0.0671875
11 0.7359375 0.665625 0.0125 0.05625
11 0.8890625 0.671875 0.0265625 0.0671875
11 0.625 0.7515625 0.028125 0.0546875
11 0.621875 0.975 0.0234375 0.034375
11 0.6296875 0.934375 0.0203125 0.0453125
11 0.63359375 0.99296875 0.0171875 0.0140625
3 0.275 0.059375 0.0203125 0.0453125
3 0.4 0.0484375 0.015625 0.04375
3 0.58125 0.04375 0.0203125 0.0515625
3 0.7125 0.0515625 0.015625 0.04375
3 0.89375 0.0578125 0.0203125 0.05625
11 0.065625 0.240625 0.0265625 0.0734375
3 0.103125 0.253125 0.021875 0.0390625
3 0.1 0.215625 0.03125 0.0453125
11 0.203125 0.24375 0.0125 0.0765625
3 0.23125 0.25 0.025 0.0203125
3 0.228125 0.21875 0.028125 0.0375
3 0.278125 0.2625 0.0265625 0.0265625
8 0.303125 0.2515625 0.021875 0.0640625
3 0.2828125 0.2296875 0.034375 0.034375
11 0.378125 0.2375 0.034375 0.0640625
3 0.40625 0.246875 0.0234375 0.0296875
3 0.40625 0.225 0.0296875 0.040625
3 0.4828125 0.2515625 0.0265625 0.028125
3 0.484375 0.228125 0.025 0.046875
3 0.5890625 0.24375 0.01875 0.021875
3 0.5875 0.2171875 0.021875 0.0375
3 0.71875 0.25 0.0203125 0.03125
3 0.7171875 0.21875 0.0171875 0.0515625
3 0.796875 0.25625 0.0125 0.0296875
3 0.79375 0.228125 0.0265625 0.0421875
3 0.8953125 0.259375 0.025 0.0421875
3 0.896875 0.23125 0.0203125 0.0375
3 0.771875 0.665625 0.021875 0.0609375
3 0.9265625 0.665625 0.0265625 0.065625
8 0.0984375 0.7453125 0.0265625 0.0515625
3 0.159375 0.7515625 0.0296875 0.04375
3 0.928125 0.75625 0.025 0.04375
11 0.0375 0.846875 0.0234375 0.06875
3 0.065625 0.859375 0.03125 0.028125
3 0.0671875 0.83125 0.0421875 0.0421875
8 0.1 0.846875 0.0203125 0.0609375
3 0.1625 0.8625 0.0234375 0.0359375
3 0.159375 0.834375 0.0203125 0.040625
9 0.390625 0.9546875 0.0234375 0.025
4 0.45 0.9625 0.0234375 0.0265625
9 0.39375 0.9359375 0.0359375 0.025
4 0.45625 0.934375 0.0140625 0.0203125
9 0.39375 0.9171875 0.034375 0.0296875
4 0.4546875 0.9125 0.025 0.028125
11 0.415625 0.853125 0.0359375 0.071875
3 0.459375 0.8625 0.028125 0.028125
3 0.4578125 0.8375 0.0359375 0.0390625
8 0.48125 0.834375 0.03125 0.06875
3 0.55 0.865625 0.0171875 0.025
3 0.55 0.8328125 0.034375 0.0375
11 0.56875 0.84375 0.0171875 0.078125
3 0.60625 0.846875 0.0234375 0.040625
3 0.60625 0.8171875 0.03125 0.046875
11 0.634375 0.840625 0.01875 0.0734375
3 0.6703125 0.8625 0.028125 0.0234375
3 0.665625 0.83125 0.028125 0.0453125
11 0.740625 0.853125 0.01875 0.08125
3 0.771875 0.865625 0.028125 0.034375
3 0.775 0.840625 0.0234375 0.0328125
8 0.7921875 0.853125 0.01875 0.0703125
4 0.871875 0.86875 0.025 0.0234375
11 0.896875 0.8515625 0.025 0.0875
3 0.93125 0.865625 0.028125 0.034375
4 0.86875 0.834375 0.0203125 0.0453125
3 0.93125 0.8390625 0.028125 0.03125
3 0.15 0.98125 0.025 0.0375
3 0.93125 0.946875 0.0234375 0.046875
3 0.9359375 0.96875 0.0203125 0.021875
8 0.91875 0.153125 0.0109375 0.053125
8 0.91875 0.25 0.021875 0.0625
8 0.7984375 0.659375 0.0203125 0.0515625
8 0.1828125 0.759375 0.0203125 0.065625
8 0.265625 0.753125 0.034375 0.0484375
11 0.184375 0.85625 0.0203125 0.065625
11 0.221875 0.84375 0.021875 0.0640625
8 0.178125 0.9828125 0.021875 0.034375
5 0.7390625 0.9953125 0.0203125 0.009375
5 0.7421875 0.978125 0.028125 0.021875
5 0.740625 0.953125 0.0203125 0.0328125
4 0.06875 0.7578125 0.021875 0.04375
9 0.3859375 0.75 0.0375 0.0453125
4 0.453125 0.759375 0.021875 0.04375
11 0.03125 0.978125 0.0265625 0.0421875
4 0.0734375 0.925 0.0203125 0.0390625
8 0.91875 0.059375 0.028125 0.065625
8 0.265625 0.665625 0.025 0.046875
5 0.125 0.1484375 0.0328125 0.05
5 0.428125 0.153125 0.028125 0.0578125
5 0.740625 0.15 0.0296875 0.053125
5 0.121875 0.371875 0.028125 0.05625
5 0.425 0.359375 0.0375 0.0546875
5 0.740625 0.359375 0.0296875 0.046875
5 0.4859375 0.7546875 0.034375 0.0421875
5 0.4828125 0.990625 0.028125 0.0171875
5 0.49375 0.946875 0.025 0.028125