14 0.103125 0.1421875 0.0328125 0.1109375
14 0.103125 0.30625 0.0328125 0.0671875
14 0.025 0.6484375 0.0484375 0.1125
14 0.028125 0.828125 0.0265625 0.084375
0 0.10625 0.2234375 0.0328125 0.0359375
0 0.096875 0.390625 0.0375 0.0578125
0 0.025 0.7390625 0.03125 0.0359375
0 0.01875 0.9140625 0.028125 0.053125
9 0.1703125 0.215625 0.0359375 0.06875
11 0.190625 0.15 0.0171875 0.0796875
3 0.221875 0.15 0.01875 0.0640625
11 0.240625 0.134375 0.01875 0.0484375
4 0.278125 0.15 0.0140625 0.040625
3 0.2921875 0.1453125 0.01875 0.053125
11 0.3140625 0.1359375 0.0203125 0.05
3 0.346875 0.13125 0.015625 0.071875
11 0.36875 0.1265625 0.021875 0.075
3 0.4 0.134375 0.0234375 0.071875
11 0.471875 0.146875 0.021875 0.0640625
3 0.4984375 0.1453125 0.0171875 0.0453125
8 0.521875 0.134375 0.0265625 0.0578125
11 0.59375 0.1421875 0.021875 0.065625
3 0.628125 0.140625 0.0234375 0.0765625
11 0.6859375 0.1390625 0.015625 0.053125
4 0.725 0.146875 0.0125 0.0421875
3 0.7375 0.140625 0.015625 0.075
11 0.765625 0.140625 0.0296875 0.0640625
3 0.79375 0.1375 0.0171875 0.0703125
11 0.815625 0.1328125 0.021875 0.0609375
9 0.16875 0.384375 0.0328125 0.0234375
4 0.221875 0.384375 0.021875 0.0390625
8 0.25 0.3078125 0.0265625 0.0734375
3 0.303125 0.325 0.028125 0.0234375
3 0.3 0.2921875 0.0234375 0.0515625
11 0.31875 0.303125 0.021875 0.0609375
3 0.35625 0.309375 0.021875 0.03125
3 0.353125 0.28125 0.0265625 0.03125
11 0.371875 0.221875 0.0203125 0.0640625
8 0.6875 0.3125 0.028125 0.075
11 0.765625 0.309375 0.0265625 0.0859375
3 0.796875 0.309375 0.0203125 0.0390625
3 0.8 0.28125 0.0296875 0.040625
11 0.809375 0.2265625 0.034375 0.059375
11 0.11875 0.659375 0.025 0.0515625
3 0.153125 0.6640625 0.01875 0.04375
11 0.178125 0.653125 0.0171875 0.0578125
4 0.2140625 0.6625 0.0234375 0.0359375
3 0.240625 0.6625 0.015625 0.0546875
11 0.2640625 0.65625 0.0171875 0.0515625
3 0.3 0.646875 0.0203125 0.05
11 0.328125 0.65 0.0234375 0.0765625
3 0.35625 0.653125 0.0171875 0.053125
11 0.421875 0.659375 0.03125 0.0703125
8 0.4953125 0.65 0.0296875 0.059375
11 0.5796875 0.6625 0.025 0.059375
3 0.6125 0.665625 0.0171875 0.0546875
11 0.6765625 0.65625 0.0109375 0.0578125
4 0.7125 0.665625 0.01875 0.040625
3 0.734375 0.665625 0.0171875 0.046875
11 0.7609375 0.6546875 0.0203125 0.0640625
11 0.8 0.671875 0.0140625 0.0625
11 0.321875 0.740625 0.0203125 0.0640625
11 0.315625 0.946875 0.0234375 0.034375
3 0.84375 0.146875 0.021875 0.06875
6 0.55 0.390625 0.05 0.0484375
11 0.465625 0.315625 0.0265625 0.0546875
11 0.6046875 0.30625 0.021875 0.071875
3 0.634375 0.3234375 0.0265625 0.034375
4 0.575 0.3 0.0328125 0.04375
3 0.63125 0.296875 0.0265625 0.0375
3 0.6328125 0.2375 0.0171875 0.0578125
11 0.19375 0.30625 0.028125 0.071875
3 0.2234375 0.321875 0.028125 0.05
3 0.225 0.296875 0.0234375 0.0453125
11 0.375 0.30625 0.021875 0.065625
3 0.40625 0.3234375 0.0265625 0.0453125
3 0.403125 0.2875 0.0234375 0.05
3 0.5 0.328125 0.021875 0.028125
3 0.5 0.3 0.021875 0.0390625
3 0.746875 0.325 0.0203125 0.0234375
3 0.74375 0.29375 0.03125 0.03125
11 0.8234375 0.3 0.01875 0.06875
3 0.85 0.315625 0.0203125 0.040625
3 0.8484375 0.2859375 0.028125 0.0453125
3 0.4609375 0.6625 0.0234375 0.0578125
8 0.0890625 0.746875 0.0234375 0.05
3 0.15 0.746875 0.0265625 0.0390625
6 0.5265625 0.925 0.04375 0.0515625
6 0.5265625 0.89375 0.046875 0.01875
8 0.4890625 0.83125 0.0140625 0.0796875
4 0.55625 0.8390625 0.0203125 0.0375
3 0.6203125 0.84375 0.0203125 0.0328125
4 0.559375 0.8125 0.0296875 0.03125
3 0.6171875 0.8171875 0.0203125 0.0296875
3 0.61875 0.75 0.034375 0.034375
8 0.6828125 0.740625 0.021875 0.0390625
3 0.740625 0.74375 0.0171875 0.05
11 0.13125 0.8359375 0.0296875 0.0640625
3 0.1625 0.8375 0.025 0.0421875
3 0.1609375 0.815625 0.0234375 0.03125
8 0.184375 0.8265625 0.0171875 0.0578125
3 0.2453125 0.8390625 0.021875 0.04375
3 0.246875 0.809375 0.0328125 0.0375
11 0.271875 0.83125 0.015625 0.053125
3 0.30625 0.8296875 0.0234375 0.025
3 0.3046875 0.8078125 0.03125 0.0328125
11 0.328125 0.81875 0.0234375 0.053125
3 0.359375 0.8375 0.021875 0.0296875
3 0.3625 0.809375 0.0265625 0.03125
11 0.425 0.83125 0.0328125 0.065625
3 0.465625 0.84375 0.0265625 0.028125
3 0.465625 0.815625 0.03125 0.0453125
8 0.675 0.828125 0.0234375 0.06875
3 0.734375 0.84375 0.028125 0.03125
3 0.7390625 0.8125 0.0359375 0.0375
3 0.15625 0.9375 0.03125 0.0390625
3 0.6125 0.95625 0.0265625 0.0375
3 0.7390625 0.946875 0.0203125 0.05
8 0.86875 0.14375 0.015625 0.05625
5 0.471875 0.234375 0.015625 0.0328125
8 0.8625 0.2265625 0.028125 0.0546875
11 0.8125 0.421875 0.01875 0.0375
8 0.86875 0.415625 0.0140625 0.0390625
11 0.3671875 0.43125 0.01875 0.053125
5 0.471875 0.4265625 0.0375 0.0328125
8 0.85 0.6640625 0.025 0.0640625
5 0.428125 0.75625 0.021875 0.0359375
11 0.7640625 0.840625 0.0140625 0.078125
11 0.8 0.8265625 0.021875 0.071875
8 0.84375 0.74375 0.0265625 0.040625
8 0.84375 0.840625 0.025 0.0828125
8 0.759375 0.9515625 0.0203125 0.053125
5 0.428125 0.9421875 0.025 0.0421875
4 0.221875 0.228125 0.0203125 0.0390625
3 0.6296875 0.4328125 0.0203125 0.0671875
5 0.25 0.2328125 0.025 0.05
5 0.690625 0.2328125 0.0171875 0.046875
5 0.246875 0.41875 0.034375 0.0328125
5 0.690625 0.421875 0.021875 0.046875
5 0.184375 0.746875 0.0203125 0.0546875
5 0.190625 0.9375 0.0328125 0.0453125