0 0.1375 0.1875 0.021875 0.04375
0 0.1359375 0.2796875 0.0203125 0.0421875
0 0.1359375 0.3734375 0.025 0.040625
0 0.1359375 0.559375 0.0203125 0.0421875
0 0.1359375 0.6546875 0.021875 0.0421875
0 0.1375 0.746875 0.0234375 0.0421875
1 0.1578125 0.84375 0.0109375 0.015625
1 0.15625 0.74375 0.009375 0.015625
1 0.159375 0.65 0.009375 0.015625
1 0.159375 0.55625 0.009375 0.0171875
1 0.1578125 0.46875 0.0125 0.015625
1 0.159375 0.36875 0.0125 0.015625
1 0.1578125 0.275 0.0125 0.015625
1 0.159375 0.1828125 0.009375 0.0171875
11 0.178125 0.159375 0.0125 0.021875
12 0.203125 0.184375 0.0125 0.0171875
12 0.3921875 0.184375 0.0140625 0.01875
12 0.5625 0.184375 0.0125 0.0171875
12 0.80625 0.1859375 0.0125 0.0203125
12 0.203125 0.278125 0.0125 0.015625
12 0.39375 0.278125 0.0125 0.0171875
12 0.5609375 0.278125 0.0125 0.01875
12 0.80625 0.2796875 0.0125 0.0203125
12 0.2046875 0.559375 0.0140625 0.01875
12 0.39375 0.559375 0.0125 0.01875
12 0.5609375 0.559375 0.0109375 0.01875
12 0.80625 0.559375 0.0109375 0.01875
12 0.203125 0.653125 0.0125 0.0203125
12 0.390625 0.653125 0.0125 0.01875
12 0.5609375 0.653125 0.0109375 0.01875
12 0.80625 0.653125 0.0109375 0.0203125
12 0.740625 0.840625 0.0109375 0.0203125
3 0.240625 0.178125 0.01875 0.028125
3 0.265625 0.178125 0.01875 0.028125
3 0.29375 0.1828125 0.015625 0.025
3 0.3203125 0.18125 0.0125 0.025
3 0.4265625 0.184375 0.01875 0.0265625
3 0.4484375 0.184375 0.0140625 0.0296875
3 0.471875 0.1875 0.0171875 0.0265625
3 0.49375 0.1875 0.015625 0.0265625
3 0.590625 0.19375 0.0125 0.025
3 0.6125 0.19375 0.01875 0.025
3 0.640625 0.18125 0.015625 0.025
3 0.665625 0.1796875 0.01875 0.0234375
3 0.684375 0.1828125 0.0125 0.025
3 0.70625 0.184375 0.015625 0.0234375
3 0.7421875 0.184375 0.0203125 0.028125
3 0.7734375 0.184375 0.01875 0.025
3 0.240625 0.278125 0.01875 0.0296875
3 0.265625 0.278125 0.01875 0.0296875
3 0.29375 0.28125 0.015625 0.028125
3 0.3203125 0.2828125 0.0171875 0.0265625
3 0.428125 0.284375 0.0203125 0.028125
3 0.4484375 0.284375 0.0140625 0.028125
3 0.475 0.2875 0.015625 0.028125
3 0.49375 0.2890625 0.015625 0.0296875
3 0.59375 0.284375 0.0203125 0.03125
3 0.615625 0.284375 0.015625 0.0296875
3 0.640625 0.2875 0.015625 0.028125
3 0.6625 0.2875 0.01875 0.028125
3 0.684375 0.290625 0.0171875 0.0296875
3 0.709375 0.2890625 0.0140625 0.03125
3 0.74375 0.2921875 0.0171875 0.0328125
3 0.771875 0.29375 0.0171875 0.034375
3 0.85 0.384375 0.015625 0.025
3 0.8234375 0.36875 0.0171875 0.0265625
3 0.875 0.3828125 0.01875 0.028125
3 0.903125 0.375 0.0234375 0.0390625
3 0.93125 0.38125 0.0203125 0.025
3 0.934375 0.475 0.0171875 0.028125
3 0.2375 0.553125 0.015625 0.0296875
3 0.265625 0.553125 0.0140625 0.028125
3 0.29375 0.55625 0.01875 0.0265625
3 0.31875 0.55625 0.01875 0.0296875
3 0.4265625 0.559375 0.01875 0.03125
3 0.45 0.559375 0.0171875 0.028125
3 0.471875 0.5625 0.0171875 0.0265625
3 0.49375 0.5625 0.01875 0.0265625
3 0.59375 0.56875 0.0125 0.025
3 0.6125 0.56875 0.0203125 0.0234375
3 0.640625 0.553125 0.0171875 0.0234375
3 0.6625 0.55625 0.0203125 0.0203125
3 0.6875 0.5578125 0.0125 0.0265625
3 0.709375 0.559375 0.0109375 0.0265625
3 0.7421875 0.559375 0.01875 0.0296875
3 0.775 0.5578125 0.015625 0.028125
3 0.240625 0.653125 0.01875 0.028125
3 0.265625 0.653125 0.01875 0.028125
3 0.29375 0.65625 0.0171875 0.0265625
3 0.31875 0.6578125 0.015625 0.025
3 0.4265625 0.659375 0.015625 0.028125
3 0.446875 0.659375 0.0171875 0.0265625
3 0.471875 0.6625 0.0171875 0.0265625
3 0.49375 0.6625 0.0140625 0.0265625
3 0.5953125 0.6578125 0.015625 0.028125
3 0.615625 0.659375 0.015625 0.028125
3 0.6421875 0.6625 0.0140625 0.028125
3 0.6625 0.6625 0.0125 0.028125
3 0.6859375 0.6640625 0.015625 0.0296875
3 0.709375 0.6640625 0.0171875 0.0296875
3 0.7421875 0.665625 0.015625 0.034375
3 0.771875 0.665625 0.0203125 0.034375
3 0.825 0.74375 0.015625 0.0265625
3 0.85 0.759375 0.015625 0.025
3 0.878125 0.75625 0.0171875 0.0265625
3 0.9078125 0.75 0.01875 0.0390625
3 0.934375 0.7546875 0.0203125 0.0265625
11 0.346875 0.184375 0.01875 0.025
11 0.515625 0.1921875 0.0171875 0.025
11 0.346875 0.284375 0.0140625 0.025
11 0.5171875 0.290625 0.0140625 0.025
11 0.771875 0.365625 0.015625 0.028125
11 0.771875 0.475 0.0125 0.025
11 0.825 0.475 0.0140625 0.025
11 0.878125 0.475 0.01875 0.025
11 0.3484375 0.559375 0.0125 0.0265625
11 0.3484375 0.659375 0.015625 0.028125
11 0.775 0.740625 0.0125 0.0265625
11 0.5171875 0.565625 0.015625 0.028125
11 0.51875 0.665625 0.01875 0.028125
4 0.740625 0.371875 0.0125 0.0140625
4 0.740625 0.465625 0.009375 0.0109375
4 0.740625 0.746875 0.0109375 0.0125
8 0.80625 0.85 0.0140625 0.025
5 0.790625 0.8625 0.0125 0.0078125