0 0.8640625 0.834375 0.025 0.0453125
0 0.865625 0.7375 0.021875 0.04375
0 0.865625 0.640625 0.0265625 0.04375
0 0.865625 0.4453125 0.021875 0.0453125
0 0.865625 0.346875 0.0234375 0.04375
0 0.865625 0.25 0.025 0.04375
1 0.84375 0.15 0.0109375 0.015625
1 0.84375 0.253125 0.009375 0.015625
1 0.8421875 0.3515625 0.0109375 0.015625
1 0.8421875 0.4484375 0.0109375 0.0171875
1 0.8421875 0.540625 0.0125 0.015625
1 0.840625 0.64375 0.0125 0.015625
1 0.84375 0.7421875 0.0125 0.0171875
1 0.840625 0.8375 0.009375 0.0171875
11 0.821875 0.8640625 0.0125 0.021875
12 0.7953125 0.8375 0.0140625 0.01875
12 0.5984375 0.8359375 0.0140625 0.0203125
12 0.421875 0.8359375 0.0125 0.01875
12 0.1671875 0.8359375 0.0140625 0.0203125
12 0.79375 0.7390625 0.0125 0.0171875
12 0.596875 0.7375 0.0140625 0.01875
12 0.421875 0.7390625 0.0125 0.0203125
12 0.165625 0.7375 0.0125 0.0203125
12 0.79375 0.446875 0.015625 0.0203125
12 0.596875 0.446875 0.0140625 0.01875
12 0.421875 0.4453125 0.0109375 0.0203125
12 0.1671875 0.4453125 0.0109375 0.01875
12 0.79375 0.346875 0.0125 0.0203125
12 0.5984375 0.346875 0.0125 0.01875
12 0.421875 0.346875 0.0109375 0.01875
12 0.165625 0.3484375 0.0109375 0.021875
12 0.234375 0.153125 0.0109375 0.0203125
3 0.75625 0.8421875 0.01875 0.0296875
3 0.73125 0.84375 0.01875 0.028125
3 0.7 0.8375 0.015625 0.0265625
3 0.6734375 0.840625 0.0125 0.0265625
3 0.5625 0.8359375 0.01875 0.028125
3 0.540625 0.8375 0.015625 0.03125
3 0.515625 0.834375 0.01875 0.028125
3 0.49375 0.8328125 0.015625 0.028125
3 0.390625 0.828125 0.0140625 0.0265625
3 0.36875 0.828125 0.0203125 0.0265625
3 0.3390625 0.840625 0.015625 0.025
3 0.3140625 0.8421875 0.01875 0.025
3 0.29375 0.8375 0.0140625 0.0265625
3 0.26875 0.8375 0.015625 0.025
3 0.2328125 0.8375 0.0203125 0.0296875
3 0.2 0.8375 0.0203125 0.0265625
3 0.75625 0.740625 0.01875 0.03125
3 0.73125 0.7390625 0.0203125 0.03125
3 0.7015625 0.7359375 0.0171875 0.028125
3 0.6734375 0.734375 0.0171875 0.028125
3 0.559375 0.734375 0.0203125 0.028125
3 0.540625 0.73125 0.015625 0.028125
3 0.5125 0.7296875 0.015625 0.028125
3 0.49375 0.728125 0.015625 0.03125
3 0.3875 0.734375 0.021875 0.0328125
3 0.3640625 0.7328125 0.0171875 0.03125
3 0.3390625 0.7296875 0.015625 0.028125
3 0.315625 0.728125 0.01875 0.0296875
3 0.29375 0.728125 0.01875 0.03125
3 0.26875 0.728125 0.015625 0.0328125
3 0.23125 0.725 0.01875 0.034375
3 0.2 0.725 0.01875 0.0359375
3 0.11875 0.628125 0.015625 0.0265625
3 0.1484375 0.64375 0.0171875 0.028125
3 0.09375 0.63125 0.0203125 0.028125
3 0.0640625 0.6375 0.025 0.040625
3 0.034375 0.63125 0.021875 0.0265625
3 0.034375 0.5328125 0.0171875 0.0296875
3 0.759375 0.453125 0.015625 0.03125
3 0.73125 0.453125 0.015625 0.0296875
3 0.7 0.4484375 0.01875 0.028125
3 0.675 0.4484375 0.0203125 0.03125
3 0.5625 0.446875 0.0203125 0.0328125
3 0.5375 0.446875 0.0171875 0.0296875
3 0.515625 0.4421875 0.01875 0.028125
3 0.4921875 0.44375 0.0203125 0.028125
3 0.3875 0.4375 0.0140625 0.0265625
3 0.36875 0.4375 0.021875 0.025
3 0.3375 0.4515625 0.0171875 0.025
3 0.315625 0.45 0.0203125 0.021875
3 0.290625 0.446875 0.0140625 0.028125
3 0.26875 0.446875 0.0109375 0.0265625
3 0.2328125 0.446875 0.01875 0.03125
3 0.2 0.446875 0.015625 0.028125
3 0.75625 0.346875 0.0203125 0.0296875
3 0.73125 0.35 0.01875 0.0296875
3 0.7 0.34375 0.01875 0.028125
3 0.675 0.34375 0.0171875 0.0265625
3 0.5625 0.3421875 0.0171875 0.028125
3 0.540625 0.3421875 0.0171875 0.028125
3 0.515625 0.3375 0.01875 0.028125
3 0.4921875 0.3375 0.015625 0.0265625
3 0.3859375 0.34375 0.015625 0.0296875
3 0.365625 0.3421875 0.0171875 0.028125
3 0.3375 0.3375 0.015625 0.0296875
3 0.3171875 0.3390625 0.0140625 0.0296875
3 0.2921875 0.3375 0.015625 0.03125
3 0.26875 0.3375 0.0171875 0.03125
3 0.2328125 0.3359375 0.0171875 0.0359375
3 0.2015625 0.334375 0.021875 0.0359375
3 0.146875 0.253125 0.015625 0.028125
3 0.1203125 0.2375 0.015625 0.0265625
3 0.0921875 0.240625 0.01875 0.028125
3 0.059375 0.246875 0.0203125 0.040625
3 0.0328125 0.2421875 0.0203125 0.028125
11 0.6453125 0.8375 0.0203125 0.028125
11 0.46875 0.828125 0.0171875 0.028125
11 0.6453125 0.7328125 0.015625 0.0265625
11 0.46875 0.7265625 0.015625 0.0265625
11 0.2 0.646875 0.015625 0.028125
11 0.2015625 0.534375 0.0140625 0.0265625
11 0.146875 0.534375 0.0140625 0.0265625
11 0.090625 0.534375 0.0203125 0.0265625
11 0.64375 0.4453125 0.0125 0.0265625
11 0.64375 0.340625 0.015625 0.028125
11 0.1984375 0.25625 0.0140625 0.028125
11 0.46875 0.4390625 0.015625 0.0296875
11 0.4671875 0.3359375 0.01875 0.03125
4 0.234375 0.640625 0.0140625 0.0125
4 0.234375 0.54375 0.0109375 0.0109375
4 0.234375 0.25 0.0109375 0.0125
8 0.165625 0.14375 0.015625 0.025
5 0.1828125 0.13125 0.0140625 0.0078125