14 0.0703125 0.06875 0.03125 0.0796875
14 0.0640625 0.240625 0.0359375 0.071875
14 0.0625 0.603125 0.0375 0.0875
14 0.065625 0.76875 0.0359375 0.0890625
0 0.0640625 0.153125 0.028125 0.0328125
0 0.065625 0.321875 0.01875 0.046875
0 0.0625 0.6875 0.0375 0.040625
0 0.065625 0.8609375 0.028125 0.046875
11 0.1328125 0.0625 0.0203125 0.059375
3 0.159375 0.0625 0.0203125 0.0578125
11 0.1796875 0.065625 0.0203125 0.065625
4 0.2109375 0.078125 0.0203125 0.0453125
3 0.228125 0.05625 0.01875 0.053125
11 0.246875 0.0671875 0.009375 0.0515625
3 0.26875 0.053125 0.0265625 0.0453125
11 0.29375 0.053125 0.015625 0.0578125
8 0.3453125 0.06875 0.0171875 0.0578125
11 0.403125 0.05625 0.0171875 0.0515625
11 0.45625 0.065625 0.0203125 0.0671875
4 0.4875 0.075 0.01875 0.04375
3 0.503125 0.065625 0.0125 0.04375
11 0.525 0.053125 0.021875 0.065625
3 0.55 0.059375 0.0125 0.0375
11 0.5703125 0.0515625 0.015625 0.0703125
8 0.621875 0.05625 0.01875 0.0765625
11 0.6875 0.053125 0.0203125 0.0625
11 0.73125 0.06875 0.015625 0.065625
4 0.765625 0.06875 0.0171875 0.040625
3 0.7828125 0.059375 0.015625 0.0546875
11 0.803125 0.0625 0.0203125 0.05
3 0.83125 0.05625 0.015625 0.05625
11 0.85 0.065625 0.0125 0.059375
8 0.184375 0.23125 0.0203125 0.0765625
3 0.2328125 0.246875 0.021875 0.0390625
3 0.23125 0.2078125 0.0234375 0.0515625
11 0.290625 0.15 0.025 0.0484375
8 0.4609375 0.225 0.0265625 0.0625
11 0.528125 0.228125 0.0171875 0.065625
3 0.55625 0.240625 0.0234375 0.0234375
3 0.553125 0.209375 0.021875 0.034375
11 0.575 0.2203125 0.0203125 0.0546875
11 0.571875 0.15625 0.0171875 0.040625
8 0.340625 0.153125 0.0171875 0.04375
11 0.3 0.2328125 0.015625 0.059375
11 0.4109375 0.153125 0.0234375 0.0515625
8 0.61875 0.2171875 0.015625 0.05625
11 0.6859375 0.2234375 0.034375 0.0515625
8 0.6140625 0.159375 0.015625 0.053125
11 0.6875 0.15625 0.0125 0.040625
8 0.74375 0.2234375 0.0203125 0.0578125
11 0.809375 0.228125 0.0171875 0.0640625
3 0.8328125 0.2375 0.0140625 0.03125
3 0.8328125 0.2125 0.025 0.0375
11 0.85625 0.225 0.0234375 0.065625
11 0.853125 0.159375 0.0140625 0.0484375
11 0.134375 0.365625 0.0171875 0.0453125
11 0.290625 0.353125 0.021875 0.03125
11 0.4 0.35625 0.0328125 0.0359375
11 0.571875 0.35 0.0125 0.0328125
11 0.684375 0.35 0.015625 0.0421875
11 0.8453125 0.35 0.021875 0.0390625
11 0.1 0.615625 0.0109375 0.04375
3 0.1265625 0.6125 0.028125 0.059375
11 0.146875 0.6109375 0.01875 0.0390625
4 0.1921875 0.6046875 0.01875 0.05
3 0.2125 0.6125 0.0171875 0.0515625
11 0.234375 0.60625 0.0234375 0.065625
11 0.271875 0.61875 0.0171875 0.059375
11 0.4453125 0.6125 0.0234375 0.059375
3 0.475 0.6078125 0.021875 0.0640625
11 0.503125 0.6078125 0.015625 0.0484375
4 0.5390625 0.60625 0.015625 0.0359375
3 0.559375 0.615625 0.01875 0.0515625
11 0.58125 0.609375 0.01875 0.053125
3 0.6125 0.59375 0.028125 0.059375
11 0.6375 0.6078125 0.01875 0.0484375
3 0.66875 0.5984375 0.025 0.0609375
11 0.734375 0.6125 0.0109375 0.0515625
11 0.8734375 0.6203125 0.0234375 0.059375
11 0.634375 0.690625 0.0265625 0.05
11 0.63125 0.8921875 0.021875 0.03125
11 0.6390625 0.85625 0.0203125 0.040625
11 0.6421875 0.9203125 0.0171875 0.0328125
3 0.31875 0.065625 0.0171875 0.0390625
3 0.43125 0.05625 0.0140625 0.040625
3 0.59375 0.053125 0.0171875 0.046875
3 0.7140625 0.059375 0.0140625 0.0390625
3 0.8765625 0.065625 0.01875 0.0515625
11 0.1296875 0.228125 0.0234375 0.0671875
3 0.1640625 0.240625 0.0203125 0.034375
3 0.1625 0.2078125 0.028125 0.040625
11 0.2546875 0.23125 0.0109375 0.06875
3 0.2796875 0.2375 0.021875 0.01875
3 0.278125 0.2109375 0.0265625 0.034375
3 0.321875 0.25 0.0234375 0.0234375
8 0.34375 0.240625 0.0203125 0.0578125
3 0.325 0.2203125 0.03125 0.03125
11 0.4125 0.228125 0.03125 0.05625
3 0.4375 0.2359375 0.021875 0.0265625
3 0.4375 0.215625 0.0265625 0.0359375
3 0.50625 0.240625 0.0234375 0.0265625
3 0.509375 0.21875 0.021875 0.0421875
3 0.603125 0.234375 0.0171875 0.01875
3 0.6 0.209375 0.0203125 0.034375
3 0.71875 0.2375 0.01875 0.028125
3 0.71875 0.2109375 0.015625 0.046875
3 0.790625 0.24375 0.0109375 0.028125
3 0.7875 0.21875 0.0234375 0.0375
3 0.878125 0.246875 0.0234375 0.0390625
3 0.88125 0.221875 0.0171875 0.034375
3 0.765625 0.6140625 0.0203125 0.0546875
3 0.90625 0.6125 0.025 0.059375
8 0.159375 0.684375 0.0234375 0.046875
3 0.2140625 0.690625 0.0265625 0.0390625
3 0.909375 0.6953125 0.0234375 0.0390625
11 0.103125 0.7765625 0.021875 0.0625
3 0.13125 0.7890625 0.028125 0.025
3 0.13125 0.7625 0.0375 0.0359375
8 0.159375 0.7765625 0.01875 0.0546875
3 0.21875 0.7921875 0.021875 0.03125
3 0.215625 0.765625 0.01875 0.0359375
9 0.421875 0.875 0.021875 0.021875
4 0.4765625 0.88125 0.0203125 0.0234375
9 0.425 0.8578125 0.0328125 0.021875
4 0.4828125 0.85625 0.0125 0.0171875
9 0.425 0.840625 0.03125 0.028125
4 0.48125 0.8359375 0.021875 0.025
11 0.4453125 0.7828125 0.03125 0.065625
3 0.4859375 0.7921875 0.0265625 0.0234375
3 0.484375 0.76875 0.0328125 0.034375
8 0.50625 0.765625 0.028125 0.0609375
3 0.565625 0.79375 0.015625 0.021875
3 0.5671875 0.765625 0.03125 0.034375
11 0.584375 0.7734375 0.015625 0.0703125
3 0.61875 0.778125 0.021875 0.0359375
3 0.61875 0.75 0.028125 0.0421875
11 0.64375 0.771875 0.015625 0.0671875
3 0.675 0.790625 0.025 0.0203125
3 0.671875 0.7625 0.025 0.040625
11 0.7390625 0.784375 0.015625 0.0734375
3 0.7671875 0.79375 0.0265625 0.03125
3 0.7703125 0.771875 0.0203125 0.028125
8 0.784375 0.7828125 0.0171875 0.0625
4 0.85625 0.796875 0.0234375 0.0203125
11 0.88125 0.78125 0.021875 0.0796875
3 0.9109375 0.79375 0.025 0.03125
4 0.85625 0.765625 0.01875 0.040625
3 0.9109375 0.7703125 0.025 0.028125
3 0.20625 0.9046875 0.0234375 0.04375
3 0.9046875 0.9265625 0.0296875 0.0328125
3 0.9125 0.8671875 0.021875 0.0421875
3 0.915625 0.8875 0.01875 0.0203125
8 0.9 0.15 0.009375 0.0484375
8 0.9 0.2375 0.0203125 0.0578125
8 0.790625 0.609375 0.01875 0.046875
8 0.2359375 0.696875 0.0171875 0.059375
8 0.309375 0.69375 0.03125 0.04375
11 0.2359375 0.7859375 0.0171875 0.059375
11 0.2703125 0.775 0.0203125 0.0578125
8 0.2328125 0.903125 0.0203125 0.0375
5 0.7390625 0.915625 0.01875 0.01875
5 0.740625 0.8953125 0.025 0.0203125
5 0.740625 0.871875 0.01875 0.0296875
4 0.1328125 0.696875 0.0203125 0.0390625
9 0.41875 0.690625 0.034375 0.040625
4 0.478125 0.696875 0.01875 0.040625
11 0.1 0.896875 0.0234375 0.040625
4 0.1375 0.846875 0.0171875 0.0359375
8 0.9 0.065625 0.025 0.059375
8 0.3109375 0.6140625 0.0234375 0.0421875
5 0.184375 0.146875 0.0296875 0.0453125
5 0.4578125 0.1515625 0.025 0.053125
5 0.7390625 0.146875 0.028125 0.0484375
5 0.18125 0.35 0.025 0.0515625
5 0.4546875 0.3375 0.034375 0.0515625
5 0.740625 0.3375 0.0265625 0.04375
5 0.509375 0.69375 0.03125 0.0390625
5 0.50625 0.9140625 0.0234375 0.0296875
5 0.515625 0.865625 0.021875 0.025