14 0.98125 0.04375 0.0375 0.059375
14 0.9828125 0.1078125 0.034375 0.059375
14 0.98125 0.171875 0.0375 0.0578125
14 0.9828125 0.2921875 0.034375 0.0625
14 0.98046875 0.5203125 0.0390625 0.06875
14 0.978125 0.5875 0.04375 0.0609375
14 0.9796875 0.646875 0.040625 0.0546875
14 0.98125 0.709375 0.0375 0.05625
14 0.978125 0.8390625 0.034375 0.071875
13 0.4375 0.0078125 0.0203125 0.015625
13 0.409375 0.00625 0.01875 0.0125
13 0.325 0.009375 0.01875 0.01875
13 0.12734375 0.003125 0.0296875 0.00625
13 0.5203125 0.109375 0.0234375 0.0578125
13 0.5546875 0.109375 0.0203125 0.0671875
13 0.584375 0.1140625 0.021875 0.0640625
13 0.6078125 0.1078125 0.03125 0.05625
13 0.6375 0.1078125 0.0359375 0.0515625
13 0.665625 0.10625 0.03125 0.053125
13 0.69375 0.1046875 0.0265625 0.0578125
13 0.71875 0.1015625 0.0359375 0.065625
13 0.7515625 0.1671875 0.015625 0.040625
13 0.78125 0.171875 0.025 0.05
13 0.809375 0.1671875 0.03125 0.0609375
13 0.834375 0.1640625 0.028125 0.0609375
13 0.8625 0.1625 0.0234375 0.053125
13 0.89375 0.1671875 0.0296875 0.059375
13 0.9171875 0.171875 0.0265625 0.0625
13 0.94375 0.16875 0.0265625 0.05
13 0.8890625 0.525 0.0359375 0.0546875
13 0.940625 0.521875 0.015625 0.05
13 0.825 0.784375 0.05625 0.0640625
13 0.884375 0.7828125 0.0359375 0.0421875
13 0.940625 0.775 0.0203125 0.0484375
13 0.078125 0.778125 0.0359375 0.0484375
4 0.659375 0.775 0.0421875 0.04375
4 0.484375 0.7828125 0.0578125 0.04375
4 0.3046875 0.784375 0.04375 0.046875
4 0.1375 0.7765625 0.0546875 0.04375
3 0.759375 0.775 0.0375 0.0515625
3 0.5953125 0.775 0.046875 0.0640625
3 0.41875 0.78125 0.034375 0.0484375
3 0.2484375 0.778125 0.0328125 0.0421875
3 0.8296875 0.528125 0.0359375 0.0515625
1 0.4875 0.046875 0.0203125 0.021875
14 0.99921875 0.5203125 0.0015625 0.06875