0 0.93125 0.96875 0.0328125 0.059375
1 0.90625 0.971875 0.0125 0.021875
1 0.896875 0.98125 0.0109375 0.021875
1 0.8875 0.96875 0.0140625 0.021875
11 0.85625 0.96875 0.015625 0.03125
13 0.7625 0.96875 0.015625 0.0296875
13 0.746875 0.96875 0.01875 0.0296875
13 0.721875 0.9671875 0.01875 0.034375
13 0.7 0.96875 0.0171875 0.034375
13 0.6796875 0.96875 0.01875 0.0296875
13 0.659375 0.971875 0.01875 0.034375
11 0.6359375 0.971875 0.015625 0.034375
3 0.5703125 0.96875 0.0203125 0.0296875
3 0.54375 0.98125 0.0203125 0.0359375
3 0.509375 0.98125 0.0203125 0.0359375
3 0.478125 0.98125 0.01875 0.0359375
11 0.4375 0.978125 0.0203125 0.0390625
3 0.371875 0.9765625 0.015625 0.03125
3 0.334375 0.9703125 0.0203125 0.0453125
3 0.309375 0.965625 0.0171875 0.0234375
3 0.278125 0.96875 0.0125 0.034375
3 0.246875 0.96875 0.01875 0.0375
13 0.2125 0.96875 0.021875 0.0375
13 0.1921875 0.965625 0.01875 0.03125
13 0.171875 0.965625 0.0171875 0.0265625
13 0.15 0.96875 0.0203125 0.03125
1 0.35 0.9890625 0.0140625 0.021875
3 0.10625 0.98125 0.0265625 0.0375
13 0.0765625 0.9796875 0.021875 0.040625
13 0.053125 0.9828125 0.0125 0.034375
13 0.03359375 0.98046875 0.0203125 0.0390625
13 0.0125 0.98125 0.0171875 0.0375
1 0.903125 0.871875 0.0109375 0.0203125
1 0.896875 0.88125 0.009375 0.0203125
1 0.8890625 0.8671875 0.015625 0.0203125
3 0.85625 0.846875 0.0203125 0.025
3 0.765625 0.86875 0.021875 0.028125
3 0.6375 0.846875 0.03125 0.0296875
3 0.540625 0.86875 0.0203125 0.0265625
3 0.434375 0.86875 0.0234375 0.0234375
3 0.3359375 0.865625 0.0203125 0.0265625
3 0.2453125 0.86875 0.0234375 0.0234375
3 0.1078125 0.85625 0.0203125 0.0265625
0 0.93125 0.34375 0.028125 0.059375
1 0.909375 0.346875 0.0171875 0.01875
1 0.9 0.35625 0.0109375 0.021875
1 0.8875 0.346875 0.0125 0.01875
1 0.8671875 0.3734375 0.015625 0.025
3 0.853125 0.35625 0.0234375 0.0390625
3 0.821875 0.35625 0.01875 0.03125
3 0.778125 0.353125 0.0171875 0.0390625
13 0.75 0.35625 0.0125 0.034375
13 0.73125 0.3546875 0.0140625 0.0265625
13 0.70625 0.35 0.01875 0.0359375
13 0.6890625 0.35 0.015625 0.03125
13 0.66875 0.346875 0.015625 0.0359375
8 0.621875 0.34375 0.0140625 0.03125
11 0.4265625 0.3421875 0.0171875 0.0328125
13 0.3234375 0.3421875 0.015625 0.028125
13 0.3046875 0.34375 0.0171875 0.0359375
13 0.284375 0.34375 0.0140625 0.0296875
13 0.26875 0.346875 0.0171875 0.034375
13 0.246875 0.3421875 0.0203125 0.0328125
13 0.23125 0.34375 0.0140625 0.034375
13 0.2109375 0.34375 0.0140625 0.028125
13 0.19375 0.34375 0.009375 0.0328125
11 0.175 0.35 0.015625 0.0296875
4 0.08125 0.34375 0.021875 0.025
12 0.05 0.3421875 0.028125 0.0328125
1 0.90625 0.2484375 0.0125 0.021875
1 0.896875 0.25625 0.015625 0.021875
1 0.8890625 0.24375 0.015625 0.025
3 0.853125 0.234375 0.0171875 0.028125
3 0.75 0.2140625 0.01875 0.025
3 0.621875 0.221875 0.0234375 0.0296875
3 0.53125 0.24375 0.021875 0.028125
3 0.425 0.25 0.028125 0.075
3 0.1765625 0.228125 0.034375 0.04375
3 0.08125 0.24375 0.015625 0.0328125