14 0.959375 0.96875 0.0265625 0.0609375
3 0.8890625 0.9671875 0.01875 0.0359375
11 0.859375 0.975 0.0140625 0.03125
4 0.8078125 0.9828125 0.0078125 0.0203125
4 0.7765625 0.9875 0.0140625 0.0140625
3 0.74375 0.971875 0.0234375 0.03125
3 0.71875 0.9640625 0.01875 0.0328125
3 0.690625 0.9625 0.0140625 0.0375
14 0.646875 0.959375 0.015625 0.03125
14 0.65625 0.978125 0.0078125 0.0078125
11 0.6171875 0.971875 0.0140625 0.0359375
4 0.56875 0.9828125 0.0125 0.021875
4 0.540625 0.98125 0.0125 0.0140625
3 0.5109375 0.96875 0.01875 0.0484375
11 0.484375 0.9671875 0.0265625 0.0390625
11 0.409375 0.96875 0.01875 0.0453125
12 0.3609375 0.98125 0.0125 0.025
12 0.303125 0.984375 0.0125 0.0203125
4 0.215625 0.984375 0.0140625 0.01875
3 0.1859375 0.9640625 0.0234375 0.0296875
3 0.140625 0.965625 0.0203125 0.0328125
3 0.1171875 0.965625 0.0203125 0.03125
11 0.0890625 0.9640625 0.01875 0.0296875
3 0.0390625 0.96875 0.0203125 0.0421875
3 0.00625 0.9703125 0.0125 0.028125
3 0.0390625 0.9046875 0.0265625 0.034375
3 0.009375 0.9 0.0171875 0.0359375
3 0.140625 0.8984375 0.0203125 0.0296875
3 0.115625 0.896875 0.0140625 0.0328125
11 0.0875 0.8984375 0.0171875 0.0328125
3 0.190625 0.896875 0.0171875 0.0265625
4 0.215625 0.903125 0.0140625 0.01875
3 0.359375 0.8875 0.01875 0.0328125
3 0.3296875 0.89375 0.0140625 0.0359375
3 0.3 0.8953125 0.0171875 0.03125
4 0.271875 0.903125 0.015625 0.0171875
3 0.45 0.8875 0.0140625 0.0453125
11 0.4046875 0.8921875 0.021875 0.03125