14 0.98671875 0.04375 0.0265625 0.059375
14 0.9890625 0.109375 0.021875 0.059375
14 0.990625 0.1703125 0.01875 0.059375
14 0.9890625 0.234375 0.021875 0.0578125
14 0.990625 0.353125 0.01875 0.0625
14 0.9875 0.578125 0.0234375 0.0671875
14 0.9859375 0.64375 0.028125 0.059375
14 0.9875 0.7046875 0.025 0.0546875
14 0.9890625 0.765625 0.021875 0.05625
14 0.9890625 0.89375 0.021875 0.0703125
13 0.4859375 0.046875 0.0296875 0.05625
13 0.45625 0.05 0.0203125 0.0578125
13 0.4296875 0.05 0.0203125 0.0578125
13 0.403125 0.0421875 0.0140625 0.046875
13 0.371875 0.04375 0.0140625 0.05625
13 0.3453125 0.0515625 0.0171875 0.0671875
13 0.31875 0.046875 0.0171875 0.05625
13 0.2875 0.040625 0.015625 0.05
13 0.2578125 0.0375 0.0203125 0.0578125
13 0.23125 0.03125 0.0171875 0.0453125
13 0.20625 0.0375 0.0140625 0.0515625
13 0.175 0.040625 0.021875 0.0390625
13 0.15 0.053125 0.028125 0.040625
13 0.1234375 0.05 0.0234375 0.04375
13 0.096875 0.046875 0.021875 0.05
13 0.065625 0.034375 0.03125 0.0390625
13 0.540625 0.171875 0.0234375 0.0578125
13 0.575 0.1734375 0.0203125 0.065625
13 0.6046875 0.1765625 0.021875 0.0640625
13 0.6265625 0.1703125 0.0296875 0.05625
13 0.65625 0.1703125 0.034375 0.05
13 0.684375 0.16875 0.0296875 0.053125
13 0.7125 0.1671875 0.0265625 0.05625
13 0.7375 0.1640625 0.0359375 0.065625
13 0.76875 0.228125 0.0140625 0.040625
13 0.8 0.234375 0.025 0.05
13 0.825 0.2296875 0.0296875 0.0609375
13 0.85 0.2265625 0.028125 0.0609375
13 0.8796875 0.225 0.0234375 0.053125
13 0.909375 0.2296875 0.0296875 0.059375
13 0.9328125 0.2328125 0.0265625 0.0609375
13 0.959375 0.23125 0.0265625 0.05
13 0.90625 0.584375 0.0359375 0.0546875
13 0.95625 0.58125 0.0140625 0.05
13 0.840625 0.840625 0.05625 0.0625
13 0.9 0.8375 0.0359375 0.0421875
13 0.95625 0.83125 0.0203125 0.0484375
13 0.103125 0.834375 0.034375 0.0484375
4 0.678125 0.83125 0.0421875 0.04375
4 0.5046875 0.8375 0.05625 0.0453125
4 0.3265625 0.840625 0.04375 0.0453125
4 0.1625 0.83125 0.0546875 0.0453125
3 0.778125 0.83125 0.0375 0.05
3 0.6140625 0.83125 0.0453125 0.0625
3 0.4390625 0.8375 0.034375 0.0484375
3 0.271875 0.834375 0.03125 0.0421875
3 0.846875 0.5875 0.034375 0.05
1 0.5078125 0.109375 0.0203125 0.021875
14 0.99921875 0.04375 0.0015625 0.059375