14 0.065625 0.065625 0.0234375 0.059375
3 0.125 0.0671875 0.015625 0.0296875
11 0.15 0.059375 0.0125 0.028125
4 0.19375 0.053125 0.00625 0.015625
4 0.221875 0.05 0.0125 0.0125
3 0.25 0.0625 0.0203125 0.028125
3 0.271875 0.0703125 0.015625 0.028125
3 0.296875 0.071875 0.0125 0.03125
14 0.334375 0.0734375 0.0140625 0.0265625
14 0.3265625 0.05625 0.0078125 0.00625
11 0.359375 0.0625 0.0125 0.0296875
4 0.4015625 0.053125 0.0125 0.01875
4 0.4265625 0.0546875 0.0125 0.0125
3 0.4515625 0.065625 0.015625 0.0421875
11 0.475 0.0671875 0.0234375 0.0328125
11 0.540625 0.0671875 0.015625 0.0390625
12 0.58125 0.05625 0.0109375 0.021875
12 0.63125 0.053125 0.0109375 0.0171875
4 0.7078125 0.053125 0.0125 0.015625
3 0.7328125 0.0703125 0.0203125 0.0265625
3 0.771875 0.06875 0.0171875 0.028125
3 0.79375 0.06875 0.0171875 0.0265625
11 0.815625 0.0703125 0.015625 0.0265625
3 0.859375 0.0671875 0.0171875 0.0359375
3 0.8875 0.065625 0.0109375 0.0234375
11 0.9125 0.0625 0.0125 0.0296875
3 0.859375 0.121875 0.021875 0.0296875
3 0.8875 0.125 0.0140625 0.03125
11 0.9125 0.125 0.01875 0.0296875
3 0.771875 0.128125 0.01875 0.0265625
3 0.79375 0.128125 0.0125 0.028125
11 0.81875 0.1265625 0.0140625 0.028125
3 0.7296875 0.128125 0.0140625 0.0234375
4 0.7078125 0.121875 0.0125 0.015625
3 0.58125 0.1375 0.0171875 0.028125
3 0.609375 0.13125 0.0125 0.0296875
3 0.634375 0.1296875 0.015625 0.028125
4 0.659375 0.121875 0.0140625 0.0140625
3 0.503125 0.1359375 0.0125 0.0375
11 0.54375 0.13125 0.0203125 0.028125