1 0.0171875 0.00625 0.0140625 0.0125
11 0.0515625 0.009375 0.0171875 0.0171875
13 0.15 0.009375 0.0171875 0.0171875
13 0.16875 0.009375 0.0203125 0.0171875
13 0.19375 0.0109375 0.0203125 0.021875
13 0.2171875 0.009375 0.01875 0.01875
13 0.2375 0.009375 0.01875 0.01875
13 0.259375 0.009375 0.0203125 0.0171875
11 0.284375 0.009375 0.0171875 0.0171875
3 0.353125 0.009375 0.021875 0.01875
3 0.453125 0.0046875 0.0203125 0.009375
11 0.496875 0.00625 0.021875 0.0125
3 0.565625 0.00625 0.0171875 0.0109375
3 0.603125 0.0125 0.021875 0.0234375
3 0.6296875 0.009375 0.01875 0.01875
3 0.665625 0.009375 0.0125 0.01875
3 0.696875 0.0109375 0.01875 0.021875
13 0.734375 0.0109375 0.0234375 0.021875
13 0.75625 0.0109375 0.0203125 0.021875
13 0.7765625 0.009375 0.01875 0.01875
13 0.8 0.009375 0.0203125 0.01875
13 0.878125 0.00625 0.0234375 0.0109375
13 0.921875 0.0046875 0.021875 0.009375
13 0.946875 0.0046875 0.01875 0.009375
1 0.003125 0.1046875 0.00625 0.021875
1 0.0078125 0.0953125 0.009375 0.021875
1 0.015625 0.109375 0.015625 0.021875
3 0.0515625 0.13125 0.021875 0.0265625
3 0.146875 0.109375 0.021875 0.0296875
3 0.284375 0.13125 0.0328125 0.03125
3 0.3859375 0.109375 0.021875 0.028125
3 0.5 0.109375 0.0234375 0.0234375
3 0.603125 0.1125 0.0203125 0.028125
3 0.7 0.1078125 0.0265625 0.025
3 0.8453125 0.121875 0.0203125 0.028125
1 0.003125 0.6625 0.0046875 0.0203125
1 0.00625 0.6515625 0.0109375 0.0234375
1 0.0171875 0.6625 0.0140625 0.0203125
1 0.040625 0.634375 0.015625 0.0265625
3 0.05625 0.653125 0.0234375 0.040625
3 0.0875 0.653125 0.0203125 0.034375
3 0.1328125 0.65625 0.01875 0.0421875
13 0.1625 0.653125 0.0125 0.0359375
13 0.184375 0.653125 0.015625 0.028125
13 0.209375 0.659375 0.0203125 0.0375
13 0.228125 0.659375 0.0171875 0.034375
13 0.25 0.6625 0.01875 0.0359375
8 0.3 0.665625 0.015625 0.0328125
11 0.50625 0.6671875 0.0171875 0.0359375
13 0.615625 0.665625 0.0171875 0.0296875
13 0.6375 0.665625 0.01875 0.0390625
13 0.6578125 0.665625 0.0140625 0.03125
13 0.675 0.6625 0.01875 0.0359375
13 0.696875 0.6671875 0.021875 0.034375
13 0.715625 0.665625 0.015625 0.0359375
13 0.7359375 0.665625 0.015625 0.0296875
13 0.753125 0.665625 0.0109375 0.0359375
11 0.775 0.659375 0.0171875 0.03125
4 0.875 0.665625 0.0234375 0.0265625
12 0.9078125 0.6671875 0.0296875 0.0359375
1 0.003125 0.765625 0.0046875 0.0234375
1 0.0078125 0.759375 0.015625 0.021875
1 0.015625 0.771875 0.015625 0.0265625
3 0.053125 0.78125 0.01875 0.028125
3 0.1640625 0.803125 0.0203125 0.0265625
3 0.3 0.79375 0.0234375 0.03125
3 0.396875 0.771875 0.021875 0.0296875
3 0.5078125 0.765625 0.0296875 0.078125
3 0.771875 0.7890625 0.0359375 0.046875
3 0.875 0.7703125 0.0171875 0.0359375