14 0.0609375 0.0609375 0.0234375 0.059375
3 0.121875 0.0625 0.015625 0.0296875
11 0.146875 0.05625 0.0125 0.028125
4 0.1921875 0.05 0.00625 0.0171875
4 0.2203125 0.046875 0.0125 0.0125
3 0.246875 0.059375 0.0203125 0.028125
3 0.2703125 0.065625 0.015625 0.028125
3 0.29375 0.0671875 0.0125 0.0328125
14 0.334375 0.06875 0.0140625 0.0265625
14 0.325 0.053125 0.0078125 0.00625
11 0.359375 0.059375 0.0125 0.0296875
4 0.4015625 0.05 0.0125 0.01875
4 0.428125 0.05 0.0125 0.0125
3 0.453125 0.0625 0.015625 0.0421875
11 0.475 0.0625 0.0234375 0.034375
11 0.5421875 0.0625 0.015625 0.0390625
12 0.584375 0.0515625 0.0109375 0.021875
12 0.634375 0.05 0.0109375 0.0171875
4 0.7125 0.0484375 0.0125 0.015625
3 0.7375 0.065625 0.0203125 0.0265625
3 0.778125 0.0640625 0.0171875 0.028125
3 0.796875 0.065625 0.0171875 0.0265625
11 0.821875 0.065625 0.015625 0.0265625
3 0.865625 0.0625 0.0171875 0.0375
3 0.8953125 0.0609375 0.0109375 0.0234375
11 0.91875 0.059375 0.0125 0.0296875
3 0.865625 0.11875 0.0234375 0.0296875
3 0.89375 0.121875 0.0140625 0.03125
11 0.91875 0.121875 0.01875 0.0296875
3 0.7765625 0.125 0.01875 0.0265625
3 0.8 0.125 0.0125 0.028125
11 0.825 0.1234375 0.0140625 0.028125
3 0.734375 0.125 0.0140625 0.021875
4 0.7125 0.11875 0.0125 0.015625
3 0.584375 0.134375 0.0171875 0.0296875
3 0.6125 0.128125 0.0125 0.03125
3 0.6375 0.1265625 0.015625 0.028125
4 0.6625 0.11875 0.0140625 0.0140625
3 0.50625 0.1328125 0.0125 0.0390625
11 0.546875 0.128125 0.0203125 0.028125