14 0.953125 0.9921875 0.03125 0.015625
11 0.840625 0.9890625 0.0203125 0.021875
3 0.7453125 0.990625 0.0171875 0.01875
11 0.71875 0.98984375 0.01875 0.0203125
11 0.646875 0.9953125 0.0203125 0.009375
3 0.18515625 0.99296875 0.0203125 0.0140625
3 0.159375 0.99296875 0.021875 0.0140625
11 0.13125 0.9953125 0.025 0.009375
3 0.084375 0.9890625 0.01875 0.021875
3 0.059375 0.9921875 0.015625 0.015625
11 0.03046875 0.99609375 0.0171875 0.0078125
11 0.13125 0.9453125 0.01875 0.034375
3 0.084375 0.95 0.0203125 0.0359375
3 0.059375 0.9515625 0.015625 0.03125
11 0.03125 0.95 0.021875 0.034375
4 0.30625 0.9515625 0.0125 0.0171875
4 0.253125 0.9515625 0.015625 0.0171875
3 0.228125 0.946875 0.01875 0.025
3 0.1875 0.94375 0.0171875 0.0359375
3 0.1625 0.9421875 0.015625 0.034375
3 0.3578125 0.934375 0.0265625 0.0375
3 0.328125 0.9375 0.0203125 0.0421875
3 0.603125 0.9375 0.015625 0.0296875
3 0.575 0.9375 0.015625 0.025
3 0.55 0.9390625 0.0140625 0.0328125
3 0.521875 0.9421875 0.021875 0.0375
3 0.49375 0.934375 0.01875 0.0328125
3 0.46875 0.9375 0.0203125 0.034375
11 0.428125 0.9375 0.0203125 0.0296875
4 0.3859375 0.953125 0.015625 0.015625
3 0.6875 0.940625 0.0140625 0.03125
11 0.64375 0.94375 0.01875 0.0296875
11 0.8828125 0.934375 0.0171875 0.028125
3 0.821875 0.94375 0.0203125 0.028125
3 0.7953125 0.934375 0.01875 0.0421875
3 0.76875 0.934375 0.0203125 0.0484375
3 0.74375 0.9421875 0.0171875 0.0296875
3 0.715625 0.93125 0.0203125 0.046875
0 0.95 0.940625 0.0296875 0.0328125
3 0.88125 0.825 0.015625 0.0375
3 0.853125 0.828125 0.0140625 0.040625
3 0.7671875 0.8140625 0.01875 0.0359375
3 0.721875 0.8171875 0.01875 0.0328125
3 0.6625 0.81875 0.0171875 0.0359375
3 0.5546875 0.8140625 0.0234375 0.04375
0 0.60625 0.765625 0.0203125 0.028125
3 0.575 0.7625 0.028125 0.0515625
3 0.4390625 0.8140625 0.021875 0.034375
11 0.83125 0.815625 0.01875 0.0359375
4 0.7953125 0.8375 0.015625 0.015625
4 0.6875 0.8375 0.0109375 0.0203125
4 0.5796875 0.834375 0.0171875 0.0234375
3 0.35 0.821875 0.0171875 0.0453125
11 0.31875 0.8171875 0.0203125 0.0390625
3 0.14375 0.821875 0.0203125 0.0578125
11 0.1171875 0.8109375 0.01875 0.046875
3 0.25 0.81875 0.0171875 0.046875
3 0.203125 0.815625 0.0140625 0.05
3 0.05625 0.8203125 0.021875 0.040625
3 0.009375 0.81796875 0.01875 0.0515625
4 0.371875 0.8375 0.0125 0.015625
4 0.275 0.8375 0.009375 0.0171875
4 0.16875 0.8359375 0.015625 0.0140625
4 0.08125 0.834375 0.0140625 0.015625
4 0.51875 0.81875 0.0171875 0.015625
11 0.1625 0.765625 0.021875 0.0265625
12 0.1203125 0.771875 0.0203125 0.01875
4 0.08125 0.771875 0.0125 0.0125
3 0.3203125 0.7625 0.01875 0.028125
4 0.3 0.775 0.015625 0.015625
3 0.275 0.76875 0.015625 0.028125
3 0.2515625 0.765625 0.0171875 0.028125
11 0.225 0.76875 0.015625 0.0265625
11 0.365625 0.76875 0.015625 0.03125
11 0.05625 0.76875 0.0125 0.028125
11 0.76875 0.765625 0.0234375 0.028125
3 0.721875 0.76875 0.021875 0.025
3 0.6875 0.76875 0.01875 0.0390625
3 0.884375 0.7703125 0.0171875 0.03125
3 0.85625 0.7625 0.0125 0.0390625
3 0.6578125 0.578125 0.0203125 0.0296875
4 0.634375 0.59375 0.0109375 0.01875
3 0.6078125 0.5890625 0.0234375 0.03125
3 0.88125 0.590625 0.015625 0.025
3 0.5859375 0.5875 0.015625 0.028125
3 0.5609375 0.5859375 0.01875 0.034375
3 0.5375 0.603125 0.015625 0.0265625
3 0.38125 0.5890625 0.0171875 0.03125
3 0.35625 0.590625 0.01875 0.0203125
3 0.8546875 0.64375 0.021875 0.04375
3 0.6359375 0.640625 0.015625 0.034375
3 0.515625 0.634375 0.0203125 0.0453125
3 0.46875 0.634375 0.0203125 0.04375
3 0.4078125 0.6375 0.0234375 0.0453125
3 0.746875 0.6328125 0.021875 0.04375
13 0.784375 0.5828125 0.0109375 0.025
13 0.76875 0.58125 0.0109375 0.034375
11 0.746875 0.575 0.0140625 0.0359375
3 0.709375 0.6125 0.0125 0.0015625
3 0.696875 0.6359375 0.015625 0.0375
4 0.88125 0.653125 0.0125 0.0171875
11 0.83125 0.6375 0.01875 0.0515625
4 0.7875 0.653125 0.01875 0.015625
4 0.725 0.6375 0.0109375 0.0109375
4 0.6625 0.6578125 0.01875 0.01875
11 0.60625 0.6359375 0.021875 0.0359375
4 0.5609375 0.65625 0.0171875 0.0203125
4 0.434375 0.653125 0.015625 0.015625
11 0.85625 0.5875 0.0203125 0.0296875
4 0.809375 0.59375 0.0203125 0.0171875
11 0.83125 0.76875 0.0125 0.028125
4 0.79375 0.771875 0.0171875 0.015625
4 0.6625 0.771875 0.0125 0.0203125
12 0.640625 0.775 0.0125 0.0203125
11 0.51875 0.584375 0.015625 0.028125
11 0.88125 0.4734375 0.021875 0.0328125
11 0.778125 0.475 0.0203125 0.0296875
11 0.74375 0.4765625 0.0203125 0.034375
11 0.70625 0.478125 0.025 0.0328125
11 0.65625 0.4765625 0.01875 0.028125
11 0.61875 0.471875 0.0171875 0.0359375
11 0.584375 0.471875 0.01875 0.034375
11 0.546875 0.4734375 0.025 0.040625
11 0.503125 0.4734375 0.0234375 0.0328125
11 0.465625 0.46875 0.0265625 0.0421875
11 0.88125 0.40625 0.01875 0.0265625
3 0.696875 0.4125 0.0109375 0.0421875
11 0.65625 0.4046875 0.0125 0.040625
3 0.45625 0.403125 0.01875 0.0421875
11 0.415625 0.3953125 0.01875 0.0546875
12 0.428125 0.596875 0.0203125 0.0203125
14 0.95 0.640625 0.028125 0.0640625
0 0.9453125 0.58125 0.0296875 0.0359375
14 0.953125 0.4625 0.0296875 0.0484375
0 0.9515625 0.409375 0.028125 0.03125
14 0.946875 0.290625 0.0296875 0.0484375
3 0.83125 0.4140625 0.0171875 0.01875
3 0.8078125 0.409375 0.0140625 0.04375
3 0.7796875 0.4015625 0.0203125 0.05625
3 0.75 0.415625 0.0203125 0.0296875
3 0.721875 0.409375 0.01875 0.0390625
3 0.603125 0.4125 0.01875 0.034375
3 0.575 0.40625 0.0171875 0.0421875
3 0.546875 0.409375 0.015625 0.046875
3 0.5125 0.4125 0.0171875 0.0421875
3 0.4859375 0.4046875 0.015625 0.053125
14 0.95 0.1140625 0.0328125 0.04375
0 0.9484375 0.2265625 0.0328125 0.04375
0 0.95 0.053125 0.0296875 0.0390625
5 0.8796875 0.2796875 0.01875 0.0203125
11 0.646875 0.2875 0.0140625 0.0375
11 0.8796875 0.221875 0.015625 0.0375
3 0.690625 0.21875 0.021875 0.04375
11 0.646875 0.21875 0.025 0.0375
3 0.4609375 0.2234375 0.021875 0.053125
11 0.421875 0.225 0.025 0.0484375
11 0.78125 0.11875 0.015625 0.0390625
11 0.740625 0.125 0.021875 0.0375
11 0.70625 0.128125 0.015625 0.0375
11 0.65625 0.1265625 0.01875 0.034375
11 0.621875 0.125 0.015625 0.0375
11 0.584375 0.125 0.0171875 0.028125
11 0.55 0.125 0.0203125 0.0328125
11 0.50625 0.11875 0.0171875 0.028125
11 0.471875 0.115625 0.015625 0.0328125
11 0.8828125 0.05 0.0171875 0.028125
3 0.696875 0.059375 0.01875 0.05625
11 0.653125 0.0484375 0.0234375 0.0390625
3 0.4609375 0.05625 0.021875 0.0578125
11 0.415625 0.04375 0.021875 0.0296875
3 0.575 0.29375 0.01875 0.0375
8 0.54375 0.2953125 0.0203125 0.0484375
11 0.41875 0.296875 0.028125 0.040625
3 0.3453125 0.284375 0.0203125 0.0421875
3 0.3703125 0.046875 0.0234375 0.05
3 0.834375 0.228125 0.0203125 0.034375
3 0.8078125 0.221875 0.015625 0.0359375
3 0.778125 0.221875 0.0234375 0.0421875
3 0.75 0.225 0.0171875 0.034375
3 0.725 0.21875 0.015625 0.034375
3 0.6 0.228125 0.0171875 0.0421875
3 0.578125 0.228125 0.0203125 0.05
3 0.546875 0.228125 0.01875 0.04375
3 0.51875 0.23125 0.01875 0.0328125
3 0.4921875 0.228125 0.0203125 0.0390625
3 0.371875 0.23125 0.0265625 0.0515625
3 0.346875 0.228125 0.015625 0.0421875
3 0.83125 0.05 0.01875 0.0390625
3 0.80625 0.040625 0.01875 0.028125
3 0.778125 0.0625 0.015625 0.0578125
3 0.75 0.0625 0.015625 0.0453125
3 0.721875 0.05625 0.021875 0.0609375
3 0.6046875 0.05625 0.01875 0.05625
3 0.5765625 0.04375 0.0234375 0.0484375
3 0.546875 0.059375 0.021875 0.053125
3 0.5140625 0.0625 0.015625 0.0453125
3 0.490625 0.05 0.0203125 0.0671875
3 0.346875 0.04375 0.0171875 0.0421875
8 0.88125 0.1125 0.025 0.0515625
8 0.4203125 0.11875 0.01875 0.0265625
8 0.41875 0.46875 0.0203125 0.0265625
8 0.1984375 0.46875 0.028125 0.0421875
8 0.20625 0.11875 0.0203125 0.0375
3 0.31875 0.465625 0.01875 0.0375
3 0.1 0.46875 0.0203125 0.046875
3 0.0734375 0.4640625 0.0203125 0.0546875
3 0.046875 0.4625 0.0203125 0.0375
3 0.0125 0.45625 0.0171875 0.040625
3 0.36875 0.409375 0.015625 0.0359375
3 0.34375 0.40625 0.0203125 0.046875
3 0.3125 0.40625 0.0140625 0.040625
3 0.2875 0.409375 0.015625 0.034375
11 0.2015625 0.403125 0.0140625 0.0328125
3 0.153125 0.40625 0.0171875 0.0421875
3 0.128125 0.403125 0.0140625 0.04375
3 0.096875 0.403125 0.0140625 0.046875
3 0.0703125 0.409375 0.0125 0.0390625
3 0.046875 0.40625 0.0203125 0.0390625
3 0.009375 0.40625 0.01875 0.04375
3 0.23125 0.234375 0.0203125 0.0515625
11 0.190625 0.221875 0.0171875 0.04375
3 0.15 0.2375 0.015625 0.028125
3 0.121875 0.234375 0.015625 0.0359375
3 0.0921875 0.228125 0.021875 0.0390625
3 0.0625 0.228125 0.01875 0.0375
3 0.0390625 0.225 0.01875 0.04375
3 0.0125 0.23125 0.01875 0.028125
3 0.31875 0.11875 0.01875 0.034375
3 0.10625 0.11875 0.025 0.034375
13 0.06875 0.0671875 0.0234375 0.0390625
3 0.071875 0.115625 0.0203125 0.0421875
3 0.046875 0.115625 0.025 0.0390625
3 0.04375 0.05 0.0203125 0.0609375
3 0.009375 0.1078125 0.01875 0.034375
3 0.009375 0.05 0.01875 0.0609375
3 0.159375 0.0484375 0.0203125 0.0609375
3 0.13125 0.0328125 0.015625 0.034375
3 0.103125 0.0578125 0.01875 0.05625
3 0.3171875 0.034375 0.021875 0.0296875
11 0.2875 0.465625 0.0171875 0.0421875
11 0.2625 0.4 0.0140625 0.0390625
11 0.196875 0.2859375 0.0203125 0.040625
11 0.14375 0.2890625 0.0171875 0.0375
11 0.09375 0.29375 0.015625 0.028125
11 0.0578125 0.2828125 0.0234375 0.0390625
11 0.0203125 0.28125 0.0234375 0.0453125
11 0.290625 0.121875 0.0171875 0.034375
11 0.2046875 0.040625 0.0234375 0.040625
11 0.259375 0.04375 0.025 0.0328125
3 0.31875 0.23125 0.01875 0.0421875
3 0.290625 0.2375 0.0203125 0.0375
3 0.2625 0.23125 0.0203125 0.046875
8 0.3171875 0.278125 0.021875 0.04375
4 0.49375 0.6375 0.015625 0.015625
11 0.378125 0.6421875 0.015625 0.034375
4 0.33125 0.65625 0.0140625 0.0234375
3 0.284375 0.6375 0.0234375 0.0375
4 0.2546875 0.640625 0.01875 0.015625
3 0.228125 0.6375 0.0203125 0.0359375
4 0.196875 0.659375 0.0171875 0.0203125
3 0.16875 0.6421875 0.01875 0.040625
11 0.1421875 0.6359375 0.0171875 0.0390625
4 0.096875 0.6578125 0.0171875 0.025
13 0.33125 0.5890625 0.015625 0.034375
11 0.278125 0.584375 0.015625 0.0296875
4 0.23125 0.59375 0.0140625 0.015625
11 0.1921875 0.584375 0.015625 0.028125
4 0.146875 0.5953125 0.0203125 0.0203125
11 0.06875 0.653125 0.0125 0.025
3 0.1171875 0.58125 0.0171875 0.034375
3 0.09375 0.5828125 0.01875 0.046875
3 0.06875 0.575 0.0140625 0.04375
3 0.040625 0.575 0.01875 0.0375
3 0.0125 0.58125 0.0203125 0.0296875
11 0.634375 0.815625 0.0234375 0.0421875