14 0.0125 0.059375 0.025 0.046875
13 0.084375 0.0578125 0.0171875 0.03125
13 0.103125 0.0515625 0.0140625 0.0421875
11 0.125 0.0671875 0.021875 0.046875
4 0.165625 0.05 0.0125 0.0234375
4 0.19375 0.053125 0.0078125 0.021875
3 0.2234375 0.0703125 0.0171875 0.034375
11 0.25 0.0703125 0.0203125 0.0390625
11 0.325 0.0625 0.021875 0.034375
12 0.36875 0.0515625 0.021875 0.025
9 0.425 0.05 0.025 0.021875
9 0.5484375 0.0484375 0.0203125 0.0171875
12 0.646875 0.0484375 0.0203125 0.0203125
4 0.728125 0.053125 0.0234375 0.0234375
3 0.75625 0.0609375 0.0171875 0.028125
3 0.796875 0.0625 0.021875 0.0375
3 0.825 0.065625 0.021875 0.0359375
11 0.853125 0.0625 0.0265625 0.034375
3 0.903125 0.0640625 0.01875 0.0546875
3 0.928125 0.0640625 0.015625 0.040625
11 0.95625 0.059375 0.0171875 0.034375
11 0.8515625 0.125 0.01875 0.0359375
3 0.9015625 0.11875 0.0203125 0.0375
3 0.928125 0.1171875 0.0171875 0.0328125
11 0.95625 0.1203125 0.021875 0.0359375
4 0.6734375 0.11875 0.0125 0.0171875
4 0.728125 0.11875 0.0171875 0.0171875
3 0.7546875 0.121875 0.01875 0.0265625
3 0.796875 0.125 0.0171875 0.0375
3 0.821875 0.128125 0.0171875 0.034375
3 0.61875 0.134375 0.028125 0.0375
3 0.65 0.13125 0.0203125 0.0421875
3 0.3671875 0.13125 0.0171875 0.03125
3 0.396875 0.13125 0.015625 0.0265625
3 0.4234375 0.13125 0.015625 0.0328125
3 0.453125 0.128125 0.021875 0.0375
3 0.4796875 0.134375 0.01875 0.0328125
3 0.50625 0.13125 0.0203125 0.034375
11 0.546875 0.13125 0.0203125 0.03125
4 0.590625 0.115625 0.0171875 0.0171875
3 0.28125 0.128125 0.015625 0.0328125
11 0.325 0.125 0.01875 0.0296875
11 0.08125 0.134375 0.0171875 0.0296875
3 0.14375 0.125 0.0203125 0.028125
3 0.1703125 0.134375 0.0203125 0.0421875
3 0.1984375 0.134375 0.0203125 0.05
3 0.225 0.128125 0.0171875 0.0296875
3 0.253125 0.1375 0.021875 0.046875
0 0.0125 0.128125 0.025 0.0328125
3 0.0828125 0.2484375 0.015625 0.0390625
3 0.109375 0.24375 0.015625 0.0421875
3 0.2 0.259375 0.0203125 0.0375
3 0.2453125 0.25625 0.0203125 0.0328125
3 0.30625 0.253125 0.0171875 0.0375
3 0.41875 0.259375 0.025 0.0453125
0 0.365625 0.309375 0.021875 0.0296875
3 0.396875 0.3125 0.0296875 0.0546875
3 0.5375 0.259375 0.021875 0.034375
11 0.134375 0.25625 0.0171875 0.0375
4 0.171875 0.234375 0.0171875 0.0171875
4 0.28125 0.234375 0.0109375 0.021875
4 0.3921875 0.2375 0.0171875 0.025
3 0.628125 0.25 0.01875 0.046875
11 0.659375 0.25625 0.0203125 0.040625
3 0.840625 0.2515625 0.021875 0.059375
11 0.8671875 0.2625 0.01875 0.046875
3 0.73125 0.253125 0.0171875 0.0484375
3 0.778125 0.25625 0.015625 0.0515625
3 0.93125 0.253125 0.021875 0.040625
3 0.978125 0.2546875 0.021875 0.053125
4 0.60625 0.234375 0.0125 0.015625
4 0.70625 0.234375 0.0109375 0.0171875
4 0.815625 0.2359375 0.015625 0.015625
4 0.9046875 0.2375 0.0140625 0.015625
4 0.45625 0.253125 0.0171875 0.015625
11 0.8203125 0.3078125 0.021875 0.028125
12 0.8640625 0.3 0.0203125 0.0203125
4 0.90625 0.303125 0.0140625 0.0140625
3 0.659375 0.3109375 0.0203125 0.028125
4 0.6796875 0.2984375 0.0171875 0.015625
3 0.70625 0.30625 0.015625 0.028125
3 0.728125 0.309375 0.01875 0.0296875
11 0.75625 0.30625 0.015625 0.028125
11 0.6109375 0.30625 0.015625 0.03125
11 0.928125 0.30625 0.0125 0.028125
11 0.1984375 0.30625 0.0234375 0.028125
3 0.246875 0.3046875 0.021875 0.0265625
3 0.28125 0.30625 0.01875 0.0390625
3 0.0796875 0.303125 0.0171875 0.0328125
3 0.10625 0.3125 0.0125 0.040625
3 0.3125 0.5 0.021875 0.03125
4 0.3359375 0.4859375 0.0125 0.0203125
3 0.3625 0.490625 0.0234375 0.0328125
3 0.08125 0.4890625 0.0171875 0.0265625
3 0.384375 0.490625 0.015625 0.0296875
3 0.4125 0.49375 0.0203125 0.034375
3 0.4359375 0.475 0.0171875 0.028125
3 0.596875 0.490625 0.01875 0.0328125
3 0.621875 0.4875 0.0203125 0.021875
3 0.109375 0.434375 0.021875 0.0453125
3 0.334375 0.4375 0.015625 0.0359375
3 0.45625 0.44375 0.021875 0.046875
3 0.50625 0.44375 0.021875 0.0453125
3 0.56875 0.440625 0.0234375 0.046875
3 0.21875 0.4453125 0.021875 0.0453125
13 0.18125 0.496875 0.0109375 0.0265625
13 0.1984375 0.496875 0.0109375 0.034375
11 0.2203125 0.503125 0.015625 0.0375
3 0.2578125 0.465625 0.0140625 0.0015625
3 0.271875 0.4421875 0.015625 0.0390625
4 0.08125 0.425 0.0125 0.0171875
11 0.134375 0.440625 0.0203125 0.053125
4 0.178125 0.4234375 0.0171875 0.0171875
4 0.24375 0.440625 0.0125 0.0125
4 0.30625 0.41875 0.0171875 0.01875
11 0.365625 0.4421875 0.021875 0.0375
4 0.4125 0.421875 0.0171875 0.021875
4 0.5421875 0.425 0.015625 0.0171875
11 0.1078125 0.490625 0.0203125 0.03125
4 0.15625 0.4859375 0.021875 0.0171875
11 0.1328125 0.30625 0.0125 0.0296875
4 0.171875 0.3015625 0.0171875 0.015625
4 0.30625 0.3015625 0.0125 0.0203125
12 0.33125 0.3 0.0140625 0.021875
11 0.4546875 0.49375 0.0171875 0.0296875
11 0.08125 0.609375 0.021875 0.034375
11 0.1875 0.6078125 0.0203125 0.03125
11 0.221875 0.60625 0.021875 0.034375
11 0.2625 0.603125 0.025 0.0328125
11 0.3140625 0.60625 0.0203125 0.028125
11 0.3515625 0.6109375 0.0171875 0.0359375
11 0.3875 0.609375 0.01875 0.034375
11 0.425 0.609375 0.0265625 0.0421875
11 0.4703125 0.609375 0.0234375 0.034375
11 0.509375 0.615625 0.028125 0.0421875
11 0.0828125 0.678125 0.01875 0.028125
3 0.271875 0.671875 0.0125 0.04375
11 0.315625 0.6796875 0.0125 0.0421875
3 0.51875 0.68125 0.01875 0.0421875
11 0.5609375 0.6890625 0.0203125 0.0578125
12 0.5484375 0.4828125 0.0203125 0.0203125
14 0.0125 0.4359375 0.025 0.065625
0 0.015625 0.5 0.03125 0.0375
14 0.0125 0.61875 0.025 0.05
0 0.0109375 0.675 0.021875 0.03125
14 0.0140625 0.796875 0.028125 0.05
3 0.134375 0.66875 0.0171875 0.0203125
3 0.15625 0.675 0.0140625 0.04375
3 0.1875 0.6828125 0.021875 0.0578125
3 0.215625 0.66875 0.0203125 0.03125
3 0.2453125 0.675 0.0203125 0.040625
3 0.36875 0.6703125 0.0203125 0.034375
3 0.396875 0.678125 0.0171875 0.04375
3 0.425 0.675 0.015625 0.0484375
3 0.4625 0.6703125 0.0171875 0.0421875
3 0.4875 0.6796875 0.0171875 0.0546875
14 0.0125 0.97734375 0.025 0.0453125
0 0.015625 0.8625 0.0296875 0.04375
5 0.084375 0.8078125 0.01875 0.0203125
11 0.321875 0.7984375 0.015625 0.0390625
11 0.084375 0.8671875 0.015625 0.0390625
3 0.278125 0.8703125 0.021875 0.0453125
11 0.3234375 0.8703125 0.025 0.0390625
3 0.5140625 0.865625 0.021875 0.0546875
11 0.553125 0.8625 0.025 0.05
11 0.184375 0.975 0.015625 0.040625
11 0.225 0.965625 0.021875 0.040625
11 0.2609375 0.9625 0.015625 0.0390625
11 0.3125 0.965625 0.01875 0.0359375
11 0.35 0.9671875 0.015625 0.0375
11 0.3875 0.96875 0.0171875 0.028125
11 0.421875 0.96875 0.0203125 0.034375
11 0.465625 0.9734375 0.0171875 0.0296875
11 0.503125 0.9765625 0.015625 0.0328125
3 0.396875 0.7921875 0.0203125 0.0375
8 0.4296875 0.7921875 0.0203125 0.05
11 0.559375 0.790625 0.028125 0.0421875
3 0.6328125 0.803125 0.0203125 0.0421875
3 0.1296875 0.859375 0.0203125 0.034375
3 0.1578125 0.86875 0.015625 0.0375
3 0.1875 0.86875 0.0234375 0.04375
3 0.215625 0.865625 0.0171875 0.0359375
3 0.2421875 0.86875 0.0171875 0.0359375
3 0.3703125 0.859375 0.0171875 0.0421875
3 0.39375 0.8625 0.021875 0.0515625
3 0.425 0.8625 0.0203125 0.0453125
3 0.4546875 0.85625 0.01875 0.034375
3 0.48125 0.8609375 0.021875 0.040625
3 0.60625 0.8578125 0.028125 0.053125
3 0.63125 0.859375 0.015625 0.04375
8 0.0828125 0.9765625 0.0265625 0.046875
8 0.55625 0.9734375 0.0203125 0.028125
8 0.5578125 0.6125 0.0203125 0.028125
8 0.784375 0.6125 0.028125 0.04375
8 0.775 0.975 0.0203125 0.0390625
3 0.659375 0.615625 0.01875 0.0390625
3 0.884375 0.6125 0.0203125 0.046875
3 0.9125 0.61875 0.021875 0.05625
3 0.940625 0.621875 0.0203125 0.0390625
3 0.975 0.6265625 0.01875 0.0421875
3 0.609375 0.675 0.015625 0.0359375
3 0.634375 0.678125 0.0203125 0.046875
3 0.665625 0.6765625 0.015625 0.0421875
3 0.69375 0.675 0.015625 0.0359375
11 0.78125 0.68125 0.0140625 0.034375
3 0.8296875 0.678125 0.01875 0.0421875
3 0.85625 0.68125 0.015625 0.04375
3 0.8875 0.68125 0.015625 0.0484375
3 0.915625 0.675 0.0125 0.0390625
3 0.940625 0.678125 0.021875 0.040625
3 0.978125 0.678125 0.021875 0.04375
3 0.75 0.85625 0.0203125 0.053125
11 0.79375 0.8671875 0.01875 0.0453125
3 0.834375 0.85 0.0171875 0.028125
3 0.8625 0.8546875 0.0171875 0.0375
3 0.89375 0.8625 0.021875 0.040625
3 0.921875 0.8609375 0.0203125 0.0375
3 0.946875 0.865625 0.0203125 0.0453125
3 0.9765625 0.8578125 0.01875 0.028125
3 0.659375 0.971875 0.01875 0.0359375
3 0.878125 0.975 0.0265625 0.0359375
3 0.9140625 0.9765625 0.0203125 0.0421875
3 0.940625 0.978125 0.0265625 0.040625
3 0.97734375 0.98359375 0.0234375 0.0328125
11 0.69375 0.615625 0.0171875 0.0421875
11 0.71875 0.684375 0.0140625 0.040625
11 0.7875 0.8015625 0.0203125 0.0421875
11 0.840625 0.7984375 0.0171875 0.0375
11 0.8921875 0.79375 0.0171875 0.0296875
11 0.928125 0.8046875 0.0234375 0.040625
11 0.9671875 0.80625 0.0234375 0.046875
11 0.6890625 0.9703125 0.0171875 0.0359375
3 0.6609375 0.8578125 0.0203125 0.0421875
3 0.6890625 0.85 0.0203125 0.0390625
3 0.71875 0.8578125 0.0203125 0.0484375
8 0.6625 0.809375 0.021875 0.0453125
4 0.48125 0.440625 0.015625 0.015625
11 0.6 0.4359375 0.0171875 0.0359375
4 0.646875 0.421875 0.015625 0.0234375
3 0.696875 0.440625 0.0234375 0.0390625
4 0.7265625 0.4375 0.01875 0.015625
3 0.753125 0.440625 0.0203125 0.0375
4 0.7859375 0.41875 0.01875 0.021875
3 0.815625 0.4359375 0.0203125 0.0421875
11 0.840625 0.4421875 0.0171875 0.040625
4 0.8890625 0.41875 0.0171875 0.025
13 0.6484375 0.490625 0.0171875 0.034375
11 0.7015625 0.4953125 0.0171875 0.03125
4 0.75 0.484375 0.0140625 0.0171875
11 0.790625 0.49375 0.015625 0.028125
4 0.8359375 0.484375 0.0203125 0.0203125
11 0.9171875 0.425 0.0140625 0.0265625
3 0.86875 0.496875 0.0171875 0.0359375
3 0.890625 0.496875 0.0203125 0.05
3 0.9171875 0.503125 0.015625 0.0453125
3 0.9453125 0.50625 0.01875 0.0375
3 0.975 0.496875 0.0203125 0.03125
11 0.334375 0.2578125 0.0234375 0.0421875