14 0.0625 0.0578125 0.0421875 0.0546875
14 0.059375 0.115625 0.040625 0.0546875
14 0.059375 0.175 0.0375 0.0546875
14 0.0625 0.234375 0.0359375 0.0546875
14 0.0609375 0.3453125 0.0328125 0.05625
14 0.0625 0.5546875 0.040625 0.0625
14 0.0625 0.615625 0.046875 0.0546875
14 0.0625 0.671875 0.0421875 0.05
14 0.0625 0.7296875 0.0359375 0.0515625
14 0.065625 0.8484375 0.03125 0.065625
13 0.5375 0.059375 0.0265625 0.0515625
13 0.565625 0.0625 0.01875 0.0546875
13 0.590625 0.0625 0.01875 0.0546875
13 0.615625 0.05625 0.0125 0.04375
13 0.64375 0.05625 0.0125 0.0515625
13 0.66875 0.0625 0.015625 0.0625
13 0.69375 0.059375 0.015625 0.053125
13 0.721875 0.053125 0.015625 0.046875
13 0.75 0.0515625 0.01875 0.0546875
13 0.775 0.046875 0.015625 0.0421875
13 0.7984375 0.05 0.0125 0.0484375
13 0.828125 0.053125 0.021875 0.0359375
13 0.85 0.065625 0.0265625 0.0359375
13 0.875 0.0625 0.021875 0.0390625
13 0.9 0.059375 0.0203125 0.046875
13 0.9296875 0.046875 0.0296875 0.0359375
13 0.4875 0.175 0.021875 0.0546875
13 0.45625 0.1765625 0.01875 0.0609375
13 0.428125 0.18125 0.0203125 0.059375
13 0.40625 0.175 0.028125 0.0515625
13 0.3796875 0.175 0.03125 0.046875
13 0.3546875 0.171875 0.028125 0.05
13 0.328125 0.171875 0.025 0.053125
13 0.303125 0.16875 0.034375 0.0609375
13 0.275 0.228125 0.0140625 0.0390625
13 0.246875 0.234375 0.0234375 0.046875
13 0.221875 0.2296875 0.028125 0.0578125
13 0.1984375 0.2265625 0.0265625 0.05625
13 0.171875 0.225 0.021875 0.05
13 0.14375 0.2296875 0.0265625 0.0546875
13 0.121875 0.2328125 0.025 0.0578125
13 0.0984375 0.23125 0.025 0.046875
13 0.146875 0.559375 0.0328125 0.05
13 0.1 0.55625 0.0140625 0.046875
13 0.2078125 0.8 0.0515625 0.0578125
13 0.1515625 0.796875 0.0328125 0.0390625
13 0.1 0.7890625 0.01875 0.0453125
13 0.8953125 0.7921875 0.0328125 0.04375
4 0.359375 0.7890625 0.0390625 0.040625
4 0.5203125 0.796875 0.053125 0.0421875
4 0.6875 0.796875 0.0390625 0.0421875
4 0.840625 0.790625 0.05 0.0421875
3 0.265625 0.790625 0.034375 0.046875
3 0.41875 0.790625 0.0421875 0.059375
3 0.58125 0.79375 0.03125 0.04375
3 0.7375 0.7921875 0.03125 0.0390625
3 0.203125 0.5625 0.0328125 0.046875
1 0.51875 0.1171875 0.01875 0.0203125