0 0.065625 0.0578125 0.028125 0.04375
1 0.084375 0.053125 0.0140625 0.01875
1 0.090625 0.04375 0.0171875 0.0140625
1 0.084375 0.1203125 0.009375 0.0171875
1 0.09375 0.109375 0.0140625 0.015625
8 0.121875 0.13125 0.0234375 0.03125
11 0.190625 0.1203125 0.0171875 0.028125
3 0.25 0.13125 0.0265625 0.0265625
8 0.2984375 0.1234375 0.015625 0.0296875
11 0.365625 0.1234375 0.0140625 0.025
3 0.4296875 0.1234375 0.0265625 0.0265625
11 0.471875 0.1140625 0.015625 0.025
13 0.5671875 0.115625 0.0234375 0.0265625
13 0.590625 0.121875 0.0140625 0.03125
11 0.615625 0.1140625 0.015625 0.0265625
13 0.675 0.109375 0.01875 0.034375
13 0.70625 0.10625 0.0125 0.03125
1 0.6921875 0.1125 0.0125 0.0171875
13 0.7421875 0.109375 0.015625 0.028125
3 0.7625 0.1125 0.015625 0.0296875
11 0.809375 0.1140625 0.0171875 0.025
11 0.853125 0.13125 0.0234375 0.034375
3 0.9203125 0.13125 0.03125 0.0375
5 0.74375 0.065625 0.0171875 0.0078125
5 0.74375 0.071875 0.01875 0.009375
0 0.065625 0.25625 0.025 0.0453125
1 0.084375 0.2515625 0.0109375 0.0171875
1 0.09375 0.2421875 0.0109375 0.015625
1 0.084375 0.315625 0.0078125 0.0171875
1 0.09375 0.3078125 0.0140625 0.015625
11 0.11875 0.328125 0.0265625 0.03125
3 0.1875 0.3171875 0.03125 0.03125
11 0.225 0.309375 0.0171875 0.0265625
13 0.2859375 0.3203125 0.01875 0.028125
13 0.315625 0.3203125 0.0109375 0.028125
3 0.35 0.3171875 0.0171875 0.0296875
11 0.3875 0.3203125 0.01875 0.03125
11 0.453125 0.315625 0.0171875 0.025
3 0.515625 0.321875 0.0265625 0.03125
8 0.5625 0.3125 0.015625 0.0265625
11 0.6265625 0.3125 0.01875 0.0265625
13 0.6875 0.321875 0.0203125 0.03125
13 0.7125 0.31875 0.01875 0.0296875
11 0.75 0.3109375 0.015625 0.03125
13 0.8125 0.31875 0.01875 0.028125
13 0.834375 0.31875 0.021875 0.03125
11 0.8546875 0.3296875 0.015625 0.0328125
3 0.9203125 0.3296875 0.028125 0.0359375
0 0.065625 0.453125 0.0234375 0.0453125
1 0.084375 0.45 0.0109375 0.0203125
1 0.09375 0.440625 0.0171875 0.0171875
1 0.084375 0.5125 0.0109375 0.0203125
1 0.09375 0.50625 0.0140625 0.015625
11 0.1234375 0.525 0.015625 0.034375
3 0.165625 0.515625 0.025 0.0265625
11 0.1875 0.50625 0.015625 0.028125
13 0.221875 0.51875 0.015625 0.028125
13 0.246875 0.51875 0.0140625 0.0296875
3 0.271875 0.5140625 0.015625 0.0265625
11 0.3 0.5171875 0.0171875 0.0296875
11 0.3375 0.5125 0.0125 0.0296875
3 0.3765625 0.51875 0.0234375 0.028125
8 0.40625 0.5265625 0.0171875 0.034375
11 0.44375 0.509375 0.021875 0.028125
13 0.478125 0.51875 0.0234375 0.028125
13 0.496875 0.515625 0.0171875 0.028125
11 0.525 0.5078125 0.015625 0.03125
13 0.609375 0.5171875 0.01875 0.028125
13 0.628125 0.515625 0.015625 0.028125
11 0.64375 0.528125 0.0140625 0.0359375
11 0.70625 0.5125 0.0171875 0.028125
8 0.7796875 0.51875 0.0140625 0.03125
11 0.81875 0.51875 0.0171875 0.0265625
3 0.8578125 0.5203125 0.021875 0.028125
5 0.9 0.51875 0.0171875 0.0078125
5 0.9015625 0.453125 0.0203125 0.0078125
5 0.9 0.4609375 0.0171875 0.0078125
5 0.9 0.46875 0.01875 0.0078125