0 0.06875 0.05625 0.0265625 0.046875
0 0.065625 0.10625 0.025 0.0484375
0 0.0671875 0.26875 0.0265625 0.0453125
0 0.065625 0.3203125 0.025 0.0453125
1 0.0875 0.2171875 0.0125 0.0171875
1 0.0890625 0.26875 0.009375 0.015625
1 0.0875 0.31875 0.0109375 0.015625
1 0.0875 0.16875 0.0125 0.0171875
8 0.7265625 0.1125 0.0171875 0.028125
8 0.725 0.05625 0.015625 0.0265625
8 0.7265625 0.21875 0.015625 0.025
2 0.715625 0.209375 0.0125 0.0171875
11 0.578125 0.2078125 0.0140625 0.028125
11 0.6375 0.2109375 0.0125 0.0265625
2 0.109375 0.20625 0.0125 0.0171875
3 0.121875 0.2125 0.015625 0.021875
3 0.1765625 0.209375 0.0140625 0.025
3 0.23125 0.2125 0.015625 0.0234375
3 0.2875 0.2109375 0.0140625 0.025
3 0.3421875 0.2125 0.015625 0.025
3 0.396875 0.2109375 0.01875 0.0265625
3 0.4515625 0.2125 0.0171875 0.025
1 0.0890625 0.3796875 0.0125 0.015625
1 0.0890625 0.4296875 0.0109375 0.015625
1 0.0875 0.471875 0.0125 0.0171875
1 0.0875 0.53125 0.0109375 0.015625
1 0.0890625 0.58125 0.0109375 0.015625
1 0.0875 0.634375 0.0109375 0.0171875
1 0.0875 0.690625 0.009375 0.0171875
1 0.0875 0.740625 0.009375 0.0171875
1 0.0875 0.790625 0.0109375 0.01875
1 0.0875 0.84375 0.0109375 0.01875
1 0.0875 0.9 0.0109375 0.0171875
1 0.0875 0.95 0.0109375 0.01875
0 0.0671875 0.58125 0.025 0.0453125
0 0.065625 0.6375 0.0265625 0.046875
0 0.0671875 0.7421875 0.025 0.0453125
0 0.0671875 0.79375 0.0234375 0.0484375
0 0.0671875 0.84375 0.0234375 0.046875
2 0.109375 0.51875 0.0109375 0.01875
2 0.109375 0.6109375 0.0125 0.01875
2 0.109375 0.665625 0.0125 0.0171875
2 0.109375 0.7 0.0109375 0.0171875
13 0.125 0.5984375 0.015625 0.0359375
13 0.15 0.5984375 0.0171875 0.034375
13 0.178125 0.596875 0.0140625 0.034375
13 0.2046875 0.596875 0.0171875 0.03125
13 0.234375 0.5984375 0.0171875 0.0359375
13 0.2625 0.5984375 0.0140625 0.034375
13 0.2875 0.596875 0.015625 0.0328125
13 0.315625 0.596875 0.015625 0.0328125
13 0.3453125 0.5984375 0.015625 0.034375
13 0.3703125 0.6 0.015625 0.034375
13 0.396875 0.596875 0.0171875 0.0328125
13 0.425 0.596875 0.0171875 0.0296875
13 0.45625 0.596875 0.0171875 0.0359375
13 0.4828125 0.6 0.015625 0.0359375
13 0.509375 0.596875 0.015625 0.03125
13 0.534375 0.596875 0.015625 0.03125
13 0.728125 0.5859375 0.015625 0.0296875
13 0.753125 0.584375 0.015625 0.0328125
13 0.784375 0.578125 0.015625 0.0265625
13 0.8109375 0.578125 0.0140625 0.028125
13 0.8453125 0.590625 0.0125 0.0265625
13 0.871875 0.590625 0.0140625 0.0265625
13 0.903125 0.5875 0.0140625 0.03125
13 0.928125 0.5875 0.021875 0.028125
13 0.5375 0.65 0.015625 0.028125
13 0.509375 0.65 0.0171875 0.03125
13 0.4828125 0.653125 0.0171875 0.034375
13 0.4546875 0.653125 0.01875 0.0359375
13 0.425 0.6515625 0.0171875 0.03125
13 0.3984375 0.65 0.0171875 0.03125
13 0.371875 0.653125 0.015625 0.034375
13 0.34375 0.653125 0.01875 0.0359375
13 0.315625 0.65 0.0140625 0.028125
13 0.2875 0.65 0.015625 0.0296875
13 0.2625 0.653125 0.015625 0.034375
13 0.234375 0.653125 0.015625 0.034375
13 0.20625 0.65 0.015625 0.0328125
13 0.178125 0.65 0.015625 0.0328125
13 0.15 0.653125 0.015625 0.0328125
13 0.125 0.653125 0.0171875 0.034375
3 0.121875 0.525 0.0140625 0.0203125
3 0.1765625 0.525 0.015625 0.0265625
3 0.23125 0.5265625 0.0125 0.0234375
3 0.2859375 0.525 0.015625 0.0265625
3 0.3421875 0.5265625 0.015625 0.0234375
3 0.3984375 0.525 0.0171875 0.025
3 0.453125 0.525 0.015625 0.0234375
3 0.50625 0.525 0.01875 0.0265625
3 0.125 0.690625 0.0171875 0.028125
3 0.178125 0.6890625 0.015625 0.0265625
3 0.234375 0.690625 0.0171875 0.028125
3 0.2875 0.690625 0.015625 0.0265625
3 0.3453125 0.690625 0.0171875 0.0265625
3 0.4 0.6890625 0.0171875 0.0265625
3 0.4546875 0.690625 0.0171875 0.0296875
3 0.509375 0.690625 0.015625 0.0265625
3 0.121875 0.8953125 0.015625 0.0234375
3 0.1765625 0.89375 0.0171875 0.0265625
3 0.23125 0.8953125 0.0171875 0.0234375
3 0.2859375 0.89375 0.0171875 0.025
3 0.34375 0.896875 0.0140625 0.021875
3 0.396875 0.89375 0.0203125 0.0265625
3 0.453125 0.896875 0.0140625 0.0234375
3 0.5046875 0.89375 0.0203125 0.025
3 0.121875 0.946875 0.0140625 0.021875
3 0.175 0.9453125 0.01875 0.025
3 0.23125 0.946875 0.0171875 0.021875
3 0.284375 0.9453125 0.021875 0.025
3 0.34375 0.946875 0.015625 0.021875
3 0.396875 0.9453125 0.015625 0.025
3 0.453125 0.946875 0.0171875 0.0234375
3 0.50625 0.9453125 0.01875 0.0265625
2 0.109375 0.940625 0.0125 0.01875
2 0.109375 0.8875 0.0125 0.0203125
2 0.7125 0.84375 0.0125 0.01875
11 0.5765625 0.890625 0.015625 0.0265625
11 0.5765625 0.94375 0.0125 0.0265625
11 0.6375 0.9453125 0.0140625 0.025
11 0.6390625 0.89375 0.0125 0.025
11 0.725 0.95625 0.0125 0.0265625
11 0.7265625 0.853125 0.0140625 0.0265625
11 0.728125 0.7984375 0.0125 0.0265625
11 0.7265625 0.7375 0.0140625 0.0265625
0 0.6890625 0.95 0.0171875 0.0359375
11 0.578125 0.6859375 0.0125 0.025
11 0.578125 0.65 0.0140625 0.028125
11 0.578125 0.5953125 0.015625 0.028125
11 0.6390625 0.596875 0.015625 0.03125
11 0.640625 0.6515625 0.0125 0.03125
11 0.6390625 0.6875 0.0140625 0.028125
11 0.725 0.696875 0.0125 0.0265625
11 0.728125 0.6328125 0.015625 0.0265625
11 0.6375 0.525 0.0140625 0.0265625
11 0.578125 0.521875 0.0140625 0.0265625
11 0.725 0.48125 0.0125 0.025
11 0.725 0.4328125 0.0125 0.025
2 0.7125 0.471875 0.0125 0.0171875
3 0.903125 0.48125 0.015625 0.025
3 0.903125 0.4328125 0.0171875 0.025
3 0.9078125 0.63125 0.0234375 0.0265625
3 0.903125 0.69375 0.015625 0.0265625
3 0.909375 0.7375 0.0234375 0.025
3 0.9078125 0.796875 0.0234375 0.0265625
3 0.903125 0.853125 0.0125 0.0265625
3 0.903125 0.9546875 0.0140625 0.025
3 0.509375 0.2109375 0.01875 0.025