14 0.0625 0.525 0.0296875 0.0625
14 0.0640625 0.4625 0.0375 0.059375
14 0.065625 0.396875 0.0390625 0.053125
14 0.0625 0.3421875 0.028125 0.0546875
14 0.0703125 0.2796875 0.0328125 0.0625
14 0.06875 0.221875 0.03125 0.05625
14 0.0671875 0.165625 0.0328125 0.065625
11 0.146875 0.15 0.028125 0.040625
11 0.175 0.153125 0.0234375 0.046875
6 0.196875 0.09375 0.0375 0.025
3 0.28125 0.2265625 0.01875 0.046875
3 0.284375 0.1546875 0.021875 0.040625
3 0.30625 0.2265625 0.0234375 0.05
3 0.303125 0.153125 0.021875 0.0375
3 0.334375 0.2265625 0.025 0.05
3 0.334375 0.15625 0.0234375 0.034375
3 0.3546875 0.228125 0.0234375 0.0484375
3 0.359375 0.159375 0.01875 0.040625
6 0.359375 0.09375 0.046875 0.0265625
8 0.384375 0.225 0.0234375 0.0453125
8 0.3828125 0.1625 0.0234375 0.0453125
3 0.45625 0.153125 0.01875 0.0484375
8 0.38125 0.2875 0.0296875 0.04375
3 0.453125 0.228125 0.01875 0.0421875
3 0.478125 0.228125 0.021875 0.04375
3 0.478125 0.1578125 0.0234375 0.053125
3 0.50625 0.228125 0.028125 0.046875
3 0.509375 0.1625 0.0171875 0.05625
3 0.5296875 0.228125 0.0203125 0.0453125
3 0.53125 0.1625 0.015625 0.053125
6 0.53125 0.096875 0.0359375 0.03125
3 0.55625 0.284375 0.01875 0.04375
3 0.55625 0.23125 0.0203125 0.046875
3 0.578125 0.28125 0.0234375 0.034375
3 0.575 0.2296875 0.01875 0.05
3 0.6 0.234375 0.025 0.0484375
3 0.61875 0.2296875 0.01875 0.04375
3 0.61875 0.1625 0.0234375 0.05625
3 0.653125 0.15 0.0203125 0.053125
3 0.671875 0.1546875 0.01875 0.0625
3 0.7015625 0.23125 0.025 0.05
3 0.703125 0.15625 0.01875 0.05625
3 0.65 0.23125 0.0171875 0.046875
3 0.6734375 0.23125 0.0171875 0.046875
3 0.725 0.2296875 0.0234375 0.046875
3 0.721875 0.1578125 0.0203125 0.0453125
6 0.7234375 0.103125 0.0359375 0.028125
5 0.828125 0.21875 0.025 0.028125
6 0.88125 0.15625 0.0421875 0.025
6 0.8796875 0.096875 0.0328125 0.021875
11 0.140625 0.4609375 0.021875 0.0296875
11 0.146875 0.403125 0.021875 0.0328125
12 0.1734375 0.403125 0.021875 0.034375
6 0.19375 0.3390625 0.03125 0.0234375
11 0.175 0.46875 0.0171875 0.040625
11 0.209375 0.465625 0.015625 0.0453125
11 0.24375 0.465625 0.021875 0.046875
3 0.28125 0.471875 0.0234375 0.0375
12 0.240625 0.40625 0.0265625 0.0421875
11 0.2859375 0.4 0.015625 0.0453125
12 0.3375 0.4046875 0.01875 0.028125
6 0.353125 0.3375 0.028125 0.0171875
3 0.3578125 0.4703125 0.021875 0.0421875
8 0.384375 0.465625 0.0234375 0.0390625
3 0.4546875 0.4734375 0.021875 0.05
12 0.4109375 0.403125 0.01875 0.0328125
11 0.459375 0.4046875 0.025 0.053125
12 0.50625 0.403125 0.015625 0.0421875
6 0.540625 0.3375 0.0359375 0.0234375
3 0.553125 0.4703125 0.0203125 0.034375
3 0.575 0.46875 0.01875 0.0375
3 0.65 0.471875 0.0234375 0.0484375
12 0.5984375 0.3984375 0.0234375 0.0328125
11 0.65625 0.4046875 0.03125 0.0390625
12 0.7 0.396875 0.0234375 0.03125
6 0.7234375 0.3390625 0.04375 0.0234375
11 0.828125 0.5265625 0.0296875 0.0359375
3 0.7203125 0.46875 0.025 0.040625
8 0.746875 0.46875 0.01875 0.040625
11 0.825 0.46875 0.0265625 0.05
12 0.778125 0.4046875 0.0234375 0.03125
11 0.828125 0.4 0.01875 0.0453125
12 0.853125 0.4015625 0.0234375 0.0328125
6 0.8875 0.334375 0.059375 0.03125
14 0.06875 0.890625 0.0328125 0.0625
14 0.06875 0.828125 0.0359375 0.053125
12 0.140625 0.825 0.0171875 0.0375
14 0.065625 0.765625 0.0328125 0.0484375
11 0.14375 0.75625 0.0296875 0.046875
11 0.14375 0.70625 0.01875 0.0453125
11 0.1734375 0.7625 0.021875 0.0390625
11 0.175 0.703125 0.01875 0.0390625
6 0.190625 0.640625 0.040625 0.028125
6 0.19375 0.5828125 0.034375 0.0234375
6 0.190625 0.5203125 0.0421875 0.0265625
11 0.2078125 0.753125 0.021875 0.0453125
12 0.20625 0.8265625 0.0234375 0.028125
11 0.24375 0.7609375 0.01875 0.0359375
12 0.28125 0.821875 0.021875 0.025
3 0.2828125 0.75625 0.021875 0.04375
11 0.290625 0.7140625 0.025 0.046875
3 0.30625 0.7625 0.0234375 0.0421875
3 0.334375 0.75625 0.01875 0.0390625
11 0.3375 0.703125 0.01875 0.0453125
6 0.3546875 0.646875 0.0328125 0.0234375
6 0.35 0.578125 0.0390625 0.0234375
6 0.35 0.51875 0.0328125 0.028125
3 0.35625 0.765625 0.021875 0.04375
12 0.3765625 0.828125 0.021875 0.0421875
8 0.38125 0.7625 0.0234375 0.0421875
12 0.459375 0.828125 0.01875 0.0390625
3 0.45625 0.759375 0.021875 0.040625
12 0.38125 0.709375 0.025 0.034375
11 0.459375 0.7078125 0.0234375 0.04375
3 0.478125 0.759375 0.0234375 0.0484375
3 0.50625 0.759375 0.0171875 0.034375
11 0.509375 0.703125 0.028125 0.0390625
6 0.5375 0.6421875 0.0390625 0.025
6 0.540625 0.584375 0.040625 0.03125
6 0.540625 0.5234375 0.034375 0.0234375
12 0.55 0.821875 0.0203125 0.0328125
3 0.55 0.759375 0.0234375 0.04375
3 0.5734375 0.759375 0.01875 0.0421875
3 0.6 0.7640625 0.0234375 0.0453125
3 0.61875 0.765625 0.0234375 0.046875
12 0.6515625 0.8265625 0.0234375 0.034375
3 0.65 0.75625 0.01875 0.046875
11 0.6546875 0.703125 0.0203125 0.0484375
3 0.675 0.7609375 0.0265625 0.046875
3 0.7015625 0.765625 0.025 0.0453125
11 0.70625 0.7 0.0265625 0.0546875
6 0.721875 0.6421875 0.0390625 0.0203125
6 0.721875 0.5828125 0.03125 0.01875
6 0.71875 0.5203125 0.0328125 0.0234375
3 0.728125 0.771875 0.01875 0.0515625
12 0.7484375 0.828125 0.025 0.028125
8 0.75 0.771875 0.028125 0.0453125
11 0.7828125 0.7 0.0171875 0.0453125
11 0.828125 0.7125 0.0234375 0.0453125
11 0.85625 0.715625 0.0265625 0.046875
6 0.878125 0.646875 0.0328125 0.028125
6 0.878125 0.584375 0.0328125 0.028125
6 0.878125 0.8875 0.034375 0.028125
6 0.7203125 0.8875 0.0390625 0.0296875
6 0.5359375 0.8859375 0.0328125 0.0296875
6 0.3546875 0.8890625 0.0328125 0.025
6 0.196875 0.8890625 0.0375 0.0390625
11 0.209375 0.1546875 0.0234375 0.05625
11 0.240625 0.15625 0.025 0.05
11 0.2875 0.28125 0.01875 0.0390625
11 0.3375 0.2890625 0.021875 0.040625
11 0.459375 0.278125 0.021875 0.0390625
11 0.509375 0.278125 0.0234375 0.0453125
11 0.6 0.28125 0.01875 0.0390625
11 0.6546875 0.28125 0.0171875 0.0375
11 0.7046875 0.2796875 0.028125 0.0390625
8 0.7546875 0.2875 0.0234375 0.0390625
11 0.821875 0.275 0.025 0.0421875
11 0.85625 0.284375 0.015625 0.046875
11 0.890625 0.275 0.01875 0.0421875
11 0.921875 0.2875 0.01875 0.0453125
11 0.215625 0.4015625 0.0265625 0.0375
3 0.30625 0.471875 0.028125 0.0484375
3 0.3328125 0.471875 0.01875 0.0375
11 0.38125 0.4015625 0.021875 0.04375
3 0.475 0.465625 0.0234375 0.0375
11 0.5546875 0.403125 0.0265625 0.04375
3 0.671875 0.471875 0.0265625 0.0546875
3 0.703125 0.471875 0.025 0.0484375
11 0.7515625 0.4 0.025 0.0453125
11 0.859375 0.5296875 0.0171875 0.0390625
11 0.8625 0.465625 0.025 0.0390625
11 0.8890625 0.528125 0.028125 0.03125
11 0.890625 0.465625 0.0171875 0.0484375
11 0.896875 0.403125 0.028125 0.04375
11 0.925 0.528125 0.028125 0.0484375
11 0.928125 0.465625 0.025 0.04375
11 0.2125 0.703125 0.025 0.0390625
11 0.415625 0.70625 0.0296875 0.0484375
3 0.53125 0.765625 0.015625 0.053125
11 0.559375 0.7015625 0.0234375 0.0421875
11 0.75 0.703125 0.01875 0.0390625
11 0.178125 0.834375 0.021875 0.0484375
11 0.240625 0.825 0.0265625 0.0453125
11 0.3375 0.828125 0.025 0.04375
11 0.415625 0.83125 0.0171875 0.04375
11 0.50625 0.8265625 0.021875 0.0421875
11 0.6 0.825 0.0140625 0.046875
11 0.703125 0.821875 0.0265625 0.04375
11 0.784375 0.828125 0.0265625 0.05
12 0.825 0.83125 0.0234375 0.03125
11 0.859375 0.828125 0.0265625 0.046875
12 0.890625 0.83125 0.0171875 0.0375
11 0.921875 0.83125 0.03125 0.05
3 0.5546875 0.153125 0.015625 0.0546875
3 0.575 0.153125 0.028125 0.0546875
3 0.596875 0.15625 0.0234375 0.053125
8 0.75 0.21875 0.025 0.0328125
8 0.7515625 0.1546875 0.028125 0.0390625
8 0.896875 0.715625 0.028125 0.040625
5 0.146875 0.2875 0.025 0.0171875
5 0.14375 0.2203125 0.025 0.0171875
12 0.925 0.403125 0.0234375 0.0375
14 0.0671875 0.1 0.0265625 0.0640625