1 0.0875 0.0734375 0.009375 0.0234375
1 0.0953125 0.059375 0.0109375 0.01875
1 0.10625 0.078125 0.0078125 0.0203125
8 0.13125 0.059375 0.0328125 0.05
8 0.290625 0.2078125 0.0234375 0.0328125
8 0.290625 0.2671875 0.0234375 0.0328125
4 0.6046875 0.3359375 0.0203125 0.03125
8 0.60625 0.2875 0.0171875 0.03125
8 0.7828125 0.2875 0.025 0.0328125
1 0.0875 0.346875 0.0109375 0.0171875
1 0.103125 0.35 0.0109375 0.01875
8 0.1296875 0.346875 0.0171875 0.03125
8 0.2875 0.3484375 0.01875 0.028125
3 0.621875 0.3375 0.015625 0.028125
8 0.64375 0.34375 0.015625 0.034375
3 0.8 0.340625 0.0125 0.025
8 0.821875 0.3375 0.015625 0.025
11 0.584375 0.721875 0.01875 0.0390625
11 0.6140625 0.71875 0.0203125 0.0359375
8 0.6546875 0.715625 0.0296875 0.03125
8 0.740625 0.7109375 0.0234375 0.0328125
8 0.134375 0.796875 0.0296875 0.053125
8 0.3171875 0.796875 0.028125 0.0375
11 0.459375 0.79375 0.0234375 0.0484375
8 0.515625 0.790625 0.015625 0.034375
8 0.584375 0.7859375 0.025 0.046875
8 0.6625 0.784375 0.0140625 0.0390625
8 0.74375 0.7890625 0.0140625 0.034375
4 0.13125 0.8578125 0.021875 0.025
3 0.153125 0.85 0.0171875 0.034375
8 0.1765625 0.853125 0.015625 0.0296875
4 0.315625 0.8578125 0.015625 0.0296875
3 0.3375 0.8515625 0.0140625 0.0296875
8 0.3625 0.853125 0.0125 0.034375
3 0.7 0.9125 0.028125 0.03125
11 0.740625 0.915625 0.0171875 0.040625
13 0.70625 0.853125 0.0109375 0.0265625
13 0.725 0.85625 0.0140625 0.0375
11 0.7703125 0.8625 0.0203125 0.0234375
8 0.81875 0.865625 0.0171875 0.0265625
0 0.0625 0.0671875 0.0203125 0.0390625
0 0.0625 0.3375 0.0171875 0.0359375
0 0.065625 0.4125 0.015625 0.03125
0 0.0640625 0.8546875 0.015625 0.0375
0 0.0625 0.91875 0.0203125 0.0296875
14 0.065625 0.1375 0.025 0.06875
14 0.065625 0.20625 0.0296875 0.053125
14 0.065625 0.65 0.025 0.053125
14 0.0609375 0.71875 0.034375 0.059375
1 0.0875 0.13125 0.0078125 0.0171875
1 0.096875 0.121875 0.009375 0.0171875
1 0.10625 0.1375 0.0078125 0.01875
1 0.0875 0.2 0.00625 0.01875
1 0.096875 0.19375 0.0109375 0.021875
1 0.10625 0.20625 0.009375 0.0265625
1 0.084375 0.275 0.0109375 0.025
1 0.096875 0.265625 0.00625 0.0234375
1 0.103125 0.2765625 0.0109375 0.0203125
1 0.0875 0.4125 0.0109375 0.0203125
1 0.0953125 0.403125 0.00625 0.0171875
1 0.103125 0.415625 0.009375 0.028125
1 0.0875 0.575 0.0140625 0.01875
1 0.09375 0.565625 0.0109375 0.0203125
1 0.1046875 0.5796875 0.0078125 0.021875
1 0.0875 0.646875 0.0125 0.01875
1 0.0953125 0.6375 0.0140625 0.0203125
1 0.10625 0.65 0.00625 0.0203125
1 0.084375 0.715625 0.0140625 0.028125
1 0.09375 0.70625 0.0109375 0.0203125
1 0.103125 0.715625 0.0109375 0.034375
1 0.0875 0.790625 0.009375 0.01875
1 0.0953125 0.778125 0.0125 0.0171875
1 0.0859375 0.859375 0.015625 0.01875
1 0.09375 0.8484375 0.0109375 0.01875
1 0.103125 0.859375 0.0109375 0.015625
1 0.0875 0.928125 0.0125 0.0203125
1 0.09375 0.915625 0.0125 0.015625
1 0.1046875 0.93125 0.0125 0.021875
11 0.203125 0.0609375 0.0140625 0.0328125
13 0.2484375 0.065625 0.0140625 0.0515625
13 0.2671875 0.0609375 0.0109375 0.034375
11 0.2921875 0.0609375 0.0109375 0.025
13 0.3265625 0.0671875 0.0140625 0.03125
13 0.34375 0.06875 0.0109375 0.0390625
11 0.359375 0.075 0.0140625 0.0359375
11 0.3875 0.075 0.0203125 0.028125
11 0.428125 0.065625 0.0171875 0.0359375
11 0.778125 0.05625 0.0171875 0.028125
13 0.840625 0.059375 0.0140625 0.034375
13 0.8578125 0.0625 0.009375 0.03125
11 0.871875 0.0625 0.0109375 0.028125
11 0.43125 0.340625 0.0140625 0.0328125
11 0.465625 0.3390625 0.015625 0.028125
11 0.128125 0.4171875 0.0203125 0.025
11 0.4296875 0.409375 0.0171875 0.0375
3 0.553125 0.41875 0.015625 0.0515625
11 0.603125 0.409375 0.0203125 0.0328125
11 0.778125 0.40625 0.0203125 0.0359375
11 0.3140625 0.575 0.0171875 0.0265625
13 0.375 0.578125 0.01875 0.040625
13 0.3953125 0.58125 0.0140625 0.0390625
11 0.4125 0.5875 0.0140625 0.03125
3 0.6875 0.5875 0.0203125 0.034375
3 0.7125 0.5875 0.0234375 0.03125
11 0.7375 0.575 0.0234375 0.0328125
1 0.103125 0.790625 0.0140625 0.025
11 0.1328125 0.91875 0.01875 0.0265625
11 0.315625 0.925 0.01875 0.034375
11 0.5109375 0.9203125 0.0140625 0.040625
3 0.5578125 0.925 0.0203125 0.0265625
11 0.6125 0.921875 0.0203125 0.04375
11 0.653125 0.925 0.0171875 0.04375
11 0.771875 0.9265625 0.03125 0.04375
11 0.81875 0.9265625 0.0234375 0.03125
11 0.740625 0.8640625 0.015625 0.034375
11 0.609375 0.859375 0.025 0.0296875
11 0.653125 0.853125 0.01875 0.0375
11 0.134375 0.209375 0.025 0.0328125
5 0.1390625 0.265625 0.0203125 0.0203125
11 0.1375 0.221875 0.0015625 0.003125
3 0.1640625 0.21875 0.01875 0.0265625
3 0.1875 0.215625 0.0109375 0.0234375
11 0.20625 0.209375 0.021875 0.03125
11 0.234375 0.215625 0.0203125 0.040625
11 0.390625 0.203125 0.015625 0.034375
11 0.39375 0.271875 0.0171875 0.0296875
11 0.6859375 0.271875 0.025 0.0296875
11 0.7296875 0.271875 0.0203125 0.028125
11 0.875 0.2703125 0.0140625 0.0328125
11 0.915625 0.271875 0.015625 0.03125
1 0.09375 0.3328125 0.0140625 0.021875
11 0.2375 0.34375 0.025 0.0359375
11 0.3875 0.346875 0.0203125 0.0296875
11 0.5359375 0.3390625 0.01875 0.028125
3 0.1828125 0.415625 0.0171875 0.03125
11 0.2046875 0.40625 0.021875 0.03125
11 0.2359375 0.40625 0.021875 0.028125
11 0.2890625 0.421875 0.01875 0.0328125
3 0.328125 0.4203125 0.01875 0.034375
11 0.3609375 0.41875 0.0203125 0.0359375
11 0.3890625 0.41875 0.0125 0.0328125
3 0.6609375 0.4 0.0203125 0.028125
11 0.6875 0.4 0.015625 0.0296875
11 0.73125 0.403125 0.015625 0.0265625
3 0.834375 0.403125 0.0234375 0.021875
11 0.871875 0.4 0.01875 0.0296875
11 0.915625 0.40625 0.0296875 0.053125
11 0.6546875 0.584375 0.015625 0.0328125
3 0.4578125 0.71875 0.015625 0.0390625
4 0.478125 0.71875 0.0171875 0.03125
11 0.509375 0.71875 0.0203125 0.0328125
11 0.54375 0.7140625 0.0203125 0.028125
11 0.8234375 0.728125 0.0234375 0.025
11 0.853125 0.728125 0.025 0.0375
11 0.89375 0.728125 0.0234375 0.046875
11 0.928125 0.71875 0.0203125 0.034375
11 0.5125 0.8578125 0.009375 0.0265625
11 0.5375 0.85625 0.0203125 0.0328125
11 0.58125 0.859375 0.0125 0.04375
11 0.9296875 0.85625 0.01875 0.0421875
3 0.19375 0.9140625 0.0234375 0.0328125
11 0.221875 0.915625 0.015625 0.046875
11 0.26875 0.928125 0.0328125 0.053125
3 0.3765625 0.915625 0.021875 0.0234375
11 0.4171875 0.9140625 0.021875 0.0359375
11 0.45625 0.921875 0.0265625 0.05
11 0.58125 0.9234375 0.0171875 0.0375
3 0.8671875 0.915625 0.021875 0.0328125
11 0.890625 0.9078125 0.0171875 0.0390625
11 0.921875 0.9296875 0.0265625 0.0421875
11 0.21875 0.784375 0.0234375 0.034375
11 0.2625 0.7875 0.025 0.03125
11 0.4125 0.7875 0.025 0.040625
3 0.46875 0.06875 0.015625 0.0421875
3 0.490625 0.06875 0.0171875 0.0421875
3 0.5109375 0.065625 0.0203125 0.03125
3 0.534375 0.06875 0.0171875 0.040625
3 0.55625 0.0625 0.015625 0.0359375
3 0.9328125 0.06875 0.0234375 0.03125
3 0.66875 0.215625 0.0125 0.0234375
3 0.6875 0.2140625 0.0125 0.0375
3 0.7140625 0.2125 0.0109375 0.0390625
3 0.7375 0.20625 0.0203125 0.0328125
4 0.81875 0.20625 0.021875 0.025
3 0.85 0.2125 0.0234375 0.0296875
3 0.8734375 0.2125 0.0171875 0.0359375
3 0.89375 0.2046875 0.0125 0.0328125
3 0.91875 0.203125 0.0125 0.0328125
3 0.465625 0.40625 0.0140625 0.0328125
3 0.4859375 0.4078125 0.015625 0.03125
3 0.50625 0.4109375 0.0125 0.04375
3 0.53125 0.409375 0.0203125 0.0265625
3 0.478125 0.590625 0.0140625 0.0359375
3 0.79375 0.5875 0.01875 0.046875
4 0.1765625 0.71875 0.0171875 0.0265625
3 0.196875 0.7234375 0.0203125 0.0375
3 0.3828125 0.7265625 0.01875 0.0359375
6 0.1921875 0.134375 0.03125 0.0296875
6 0.346875 0.128125 0.0359375 0.034375
6 0.4921875 0.1296875 0.025 0.0375
6 0.678125 0.1359375 0.040625 0.0359375
6 0.865625 0.140625 0.0625 0.0375
6 0.203125 0.640625 0.053125 0.0265625
6 0.40625 0.65 0.0375 0.028125
6 0.575 0.640625 0.0421875 0.03125
6 0.73125 0.64375 0.040625 0.034375
6 0.884375 0.64375 0.0515625 0.0265625
5 0.43125 0.2109375 0.0234375 0.0265625
5 0.4359375 0.259375 0.0234375 0.01875
5 0.140625 0.575 0.021875 0.0328125
5 0.515625 0.575 0.0203125 0.0203125
5 0.825 0.58125 0.01875 0.0328125
5 0.8296875 0.7875 0.0328125 0.03125
3 0.225 0.721875 0.021875 0.0390625
3 0.2453125 0.71875 0.0203125 0.0328125
3 0.265625 0.71875 0.0171875 0.03125
3 0.41875 0.7265625 0.021875 0.0328125
3 0.4375 0.728125 0.01875 0.0390625
4 0.2875 0.7171875 0.0171875 0.028125
4 0.359375 0.71875 0.015625 0.0203125
4 0.646875 0.203125 0.0171875 0.0125
4 0.7515625 0.2046875 0.0140625 0.01875