0 0.028125 0.0515625 0.028125 0.0421875
0 0.028125 0.1125 0.0296875 0.0453125
1 0.0484375 0.05 0.0125 0.0171875
1 0.046875 0.109375 0.015625 0.021875
2 0.06875 0.05 0.0125 0.01875
2 0.06875 0.1109375 0.0125 0.01875
12 0.1171875 0.034375 0.0140625 0.0203125
12 0.340625 0.028125 0.015625 0.01875
5 0.340625 0.04375 0.015625 0.015625
11 0.0796875 0.040625 0.0109375 0.021875
5 0.09375 0.05 0.0140625 0.0078125
5 0.0828125 0.1125 0.0125 0.0125
5 0.33125 0.109375 0.0125 0.0078125
5 0.34375 0.1046875 0.0125 0.009375
4 0.3796875 0.03125 0.015625 0.0125
3 0.39375 0.053125 0.01875 0.028125
3 0.41875 0.046875 0.0125 0.028125
2 0.40625 0.05625 0.0109375 0.0171875
3 0.4375 0.04375 0.0125 0.021875
3 0.453125 0.0375 0.0125 0.025
3 0.465625 0.0359375 0.0125 0.0265625
3 0.490625 0.03125 0.0140625 0.021875
2 0.478125 0.0375 0.0109375 0.01875
3 0.5109375 0.0265625 0.0125 0.0203125
11 0.525 0.01875 0.0125 0.0203125
2 0.575 0.040625 0.0109375 0.0171875
2 0.584375 0.0484375 0.009375 0.0171875
2 0.59375 0.0375 0.0109375 0.0171875
4 0.646875 0.040625 0.0125 0.0125
12 0.784375 0.040625 0.0109375 0.0203125
12 0.8015625 0.0390625 0.0125 0.01875
4 0.8375 0.040625 0.0125 0.0109375
3 0.853125 0.053125 0.015625 0.0234375
3 0.875 0.046875 0.0109375 0.021875
3 0.890625 0.046875 0.0109375 0.0234375
3 0.9046875 0.04375 0.0140625 0.028125
3 0.91875 0.0390625 0.0140625 0.034375
12 0.8375 0.103125 0.015625 0.021875
12 0.871875 0.1015625 0.015625 0.0203125
12 0.903125 0.103125 0.0140625 0.021875
4 0.6453125 0.103125 0.0125 0.0109375
2 0.59375 0.1 0.009375 0.0171875
2 0.584375 0.1125 0.009375 0.0203125
2 0.575 0.103125 0.0125 0.01875
0 0.028125 0.16875 0.028125 0.0453125
2 0.05 0.1625 0.0140625 0.0203125
1 0.0671875 0.16875 0.0125 0.021875
5 0.08125 0.171875 0.0171875 0.00625
5 0.0828125 0.178125 0.0171875 0.0078125
2 0.3296875 0.16875 0.0125 0.0203125
5 0.34375 0.1625 0.015625 0.00625
5 0.34375 0.16875 0.015625 0.00625
2 0.575 0.159375 0.0109375 0.0203125
2 0.5859375 0.16875 0.0125 0.0171875
2 0.609375 0.165625 0.0125 0.01875
4 0.646875 0.159375 0.0125 0.015625
12 0.784375 0.1609375 0.015625 0.021875
4 0.8 0.159375 0.0171875 0.0140625
3 0.821875 0.1828125 0.0171875 0.021875
3 0.8375 0.178125 0.0140625 0.025
3 0.8515625 0.171875 0.0140625 0.0265625
3 0.871875 0.171875 0.0125 0.0359375
2 0.878125 0.175 0.0109375 0.0171875
3 0.8890625 0.18125 0.0109375 0.0203125
3 0.9046875 0.178125 0.0140625 0.0265625
3 0.9203125 0.175 0.0125 0.03125
2 0.684375 0.25 0.0109375 0.01875
2 0.69375 0.240625 0.0109375 0.0171875
2 0.703125 0.246875 0.0109375 0.0171875
11 0.721875 0.259375 0.0125 0.021875
4 0.74375 0.25625 0.0109375 0.0125
12 0.784375 0.234375 0.009375 0.0234375
4 0.803125 0.234375 0.0109375 0.0109375
3 0.821875 0.2484375 0.0140625 0.0234375
3 0.8359375 0.24375 0.0171875 0.025
3 0.85 0.2375 0.015625 0.034375
11 0.875 0.23125 0.0140625 0.0328125
12 0.903125 0.234375 0.015625 0.0203125
2 0.584375 0.2375 0.0125 0.0171875
2 0.5765625 0.25 0.0078125 0.01875
2 0.59375 0.2484375 0.0109375 0.01875
2 0.575 0.296875 0.0109375 0.0171875
2 0.584375 0.3046875 0.009375 0.01875
2 0.59375 0.29375 0.0078125 0.0171875
5 0.4546875 0.253125 0.015625 0.0078125
4 0.39375 0.2328125 0.009375 0.0140625
11 0.340625 0.21875 0.015625 0.0203125
11 0.296875 0.21875 0.0140625 0.01875
1 0.284375 0.221875 0.0125 0.01875
3 0.275 0.225 0.0109375 0.0203125
3 0.259375 0.2296875 0.0140625 0.021875
3 0.2375 0.234375 0.0140625 0.028125
3 0.215625 0.240625 0.0125 0.0296875
1 0.225 0.2421875 0.009375 0.015625
1 0.246875 0.234375 0.0078125 0.0140625
11 0.2078125 0.2375 0.015625 0.01875
3 0.178125 0.2375 0.0140625 0.025
3 0.153125 0.24375 0.0125 0.028125
3 0.1296875 0.246875 0.0171875 0.0296875
1 0.1421875 0.25 0.009375 0.015625
1 0.165625 0.240625 0.009375 0.015625
4 0.11875 0.2234375 0.0140625 0.015625
12 0.078125 0.21875 0.0140625 0.021875
1 0.0484375 0.240625 0.0125 0.01875
12 0.2578125 0.271875 0.0125 0.021875
12 0.11875 0.4359375 0.0171875 0.025
1 0.0671875 0.4171875 0.0140625 0.01875
0 0.028125 0.428125 0.021875 0.046875
0 0.0296875 0.371875 0.025 0.046875
5 0.34375 0.421875 0.0140625 0.0078125
5 0.34375 0.3828125 0.015625 0.009375
1 0.609375 0.4125 0.0125 0.01875
11 0.6203125 0.3890625 0.0140625 0.0203125
12 0.6375 0.359375 0.0125 0.0203125
12 0.6375 0.4171875 0.009375 0.0203125
11 0.6203125 0.425 0.0140625 0.025
2 0.575 0.534375 0.0109375 0.0203125
2 0.584375 0.5421875 0.009375 0.015625
2 0.59375 0.5296875 0.0109375 0.0171875
2 0.575 0.590625 0.0109375 0.0171875
2 0.584375 0.603125 0.0078125 0.0171875
2 0.59375 0.590625 0.009375 0.0171875
1 0.0484375 0.603125 0.009375 0.0203125
1 0.053125 0.5453125 0.021875 0.0203125
0 0.03125 0.48125 0.040625 0.0484375
0 0.028125 0.725 0.028125 0.0453125
0 0.028125 0.784375 0.0265625 0.0453125
1 0.0484375 0.7234375 0.0109375 0.01875
1 0.065625 0.71875 0.0140625 0.0171875
1 0.0921875 0.725 0.009375 0.015625
3 0.08125 0.715625 0.0140625 0.021875
3 0.103125 0.71875 0.0140625 0.028125
3 0.11875 0.7140625 0.0140625 0.0203125
3 0.13125 0.71875 0.0140625 0.03125
3 0.1546875 0.7140625 0.0171875 0.0203125
3 0.175 0.71875 0.01875 0.0296875
3 0.2109375 0.7125 0.0171875 0.0203125
3 0.2359375 0.7203125 0.0171875 0.0328125
3 0.2578125 0.7140625 0.015625 0.0203125
3 0.275 0.7203125 0.01875 0.03125
3 0.29375 0.7125 0.015625 0.0203125
3 0.309375 0.71875 0.0140625 0.0296875
3 0.34375 0.71875 0.015625 0.0203125
3 0.365625 0.7203125 0.015625 0.028125
3 0.3796875 0.7171875 0.015625 0.025
3 0.39375 0.721875 0.0140625 0.028125
3 0.4171875 0.71875 0.0171875 0.0234375
3 0.4375 0.721875 0.015625 0.028125
3 0.453125 0.7171875 0.015625 0.0234375
3 0.4671875 0.7203125 0.0125 0.0296875
3 0.4875 0.71875 0.01875 0.0234375
3 0.509375 0.721875 0.0171875 0.0296875
3 0.525 0.71875 0.015625 0.021875
3 0.5390625 0.721875 0.0109375 0.0296875
2 0.353125 0.73125 0.009375 0.01875
2 0.5765625 0.7140625 0.009375 0.01875
2 0.584375 0.721875 0.0109375 0.0171875
2 0.59375 0.7125 0.0125 0.0171875
2 0.575 0.771875 0.0109375 0.0171875
2 0.584375 0.7796875 0.009375 0.015625
2 0.59375 0.76875 0.0109375 0.015625
11 0.6203125 0.7328125 0.0125 0.0265625
8 0.6390625 0.73125 0.015625 0.0234375
8 0.721875 0.73125 0.0171875 0.028125
11 0.75625 0.73125 0.0125 0.025
12 0.940625 0.725 0.015625 0.0203125
12 0.9390625 0.7828125 0.0140625 0.021875
12 0.940625 0.8375 0.0125 0.0203125
8 0.875 0.8484375 0.0171875 0.025
8 0.875 0.778125 0.0203125 0.028125
8 0.7859375 0.8484375 0.01875 0.025
8 0.7375 0.8421875 0.01875 0.025
8 0.6203125 0.8375 0.0171875 0.025
8 0.6578125 0.8375 0.0171875 0.0265625
2 0.575 0.8296875 0.0109375 0.0171875
2 0.584375 0.8390625 0.0078125 0.015625
2 0.59375 0.828125 0.0125 0.0171875
1 0.046875 0.840625 0.0109375 0.01875
2 0.06875 0.8546875 0.0125 0.021875
3 0.08125 0.84375 0.015625 0.028125
3 0.103125 0.840625 0.0140625 0.021875
3 0.11875 0.84375 0.0125 0.0265625
3 0.13125 0.840625 0.0140625 0.021875
3 0.153125 0.84375 0.0171875 0.0265625
3 0.178125 0.840625 0.01875 0.021875
2 0.09375 0.846875 0.0109375 0.01875
3 0.209375 0.84375 0.021875 0.0296875
3 0.234375 0.840625 0.0203125 0.0203125
3 0.25625 0.84375 0.0171875 0.0265625
3 0.271875 0.840625 0.0140625 0.021875
3 0.29375 0.84375 0.0203125 0.028125
3 0.309375 0.840625 0.0109375 0.021875
3 0.3390625 0.84375 0.021875 0.0296875
3 0.365625 0.840625 0.0109375 0.0234375
3 0.38125 0.84375 0.0140625 0.028125
3 0.39375 0.840625 0.0125 0.021875
3 0.4171875 0.84375 0.0171875 0.0296875
3 0.4375 0.840625 0.0125 0.0234375
3 0.453125 0.84375 0.0125 0.0296875
3 0.465625 0.840625 0.0140625 0.0234375
3 0.4875 0.8421875 0.01875 0.028125
3 0.509375 0.8421875 0.015625 0.021875
3 0.525 0.84375 0.0125 0.0265625
3 0.540625 0.840625 0.0125 0.0234375
2 0.3546875 0.846875 0.0125 0.021875
2 0.575 0.890625 0.0125 0.0171875
2 0.584375 0.9 0.0109375 0.0203125
2 0.59375 0.8875 0.0125 0.01875
8 0.6203125 0.89375 0.0203125 0.0265625
8 0.65625 0.896875 0.01875 0.0234375
8 0.7375 0.8953125 0.0171875 0.0265625
8 0.7875 0.8953125 0.0171875 0.0234375
8 0.875 0.896875 0.01875 0.028125
12 0.940625 0.896875 0.0140625 0.025
12 0.378125 0.89375 0.0140625 0.0203125
11 0.340625 0.903125 0.015625 0.025
12 0.115625 0.8953125 0.0109375 0.0203125
11 0.08125 0.9 0.0171875 0.028125
1 0.0484375 0.896875 0.0125 0.021875
1 0.0484375 0.95625 0.0125 0.01875
11 0.0796875 0.95625 0.015625 0.0265625
12 0.115625 0.9515625 0.0140625 0.0203125
11 0.340625 0.95625 0.0171875 0.025
12 0.3765625 0.953125 0.0125 0.025
2 0.575 0.946875 0.0125 0.01875
2 0.584375 0.95625 0.0078125 0.0171875
2 0.59375 0.94375 0.0109375 0.015625
1 0.0484375 0.303125 0.015625 0.0171875
1 0.0484375 0.78125 0.0125 0.0203125
1 0.0671875 0.7828125 0.009375 0.01875
1 0.0921875 0.79375 0.0109375 0.015625
3 0.08125 0.778125 0.015625 0.0234375
3 0.103125 0.784375 0.01875 0.0328125
3 0.11875 0.778125 0.0125 0.0234375
3 0.1328125 0.784375 0.0140625 0.0328125
3 0.153125 0.778125 0.015625 0.0203125
3 0.178125 0.784375 0.0171875 0.0359375
3 0.2125 0.7796875 0.01875 0.0203125
3 0.2375 0.784375 0.021875 0.034375
3 0.259375 0.778125 0.01875 0.021875
3 0.275 0.784375 0.0140625 0.0328125
3 0.2921875 0.7765625 0.021875 0.0234375
3 0.309375 0.784375 0.0140625 0.0328125
3 0.3421875 0.78125 0.0171875 0.021875
3 0.365625 0.784375 0.01875 0.0359375
3 0.3796875 0.78125 0.0171875 0.028125
3 0.39375 0.784375 0.0140625 0.034375
3 0.415625 0.78125 0.01875 0.0265625
3 0.4375 0.784375 0.0171875 0.034375
3 0.453125 0.78125 0.0125 0.0234375
3 0.4671875 0.784375 0.015625 0.0328125
3 0.4875 0.7796875 0.01875 0.0234375
3 0.509375 0.784375 0.01875 0.03125
3 0.525 0.778125 0.0125 0.0265625
3 0.540625 0.784375 0.0125 0.0328125
2 0.328125 0.7890625 0.0125 0.0234375