14 0.0234375 0.1125 0.0375 0.0578125
14 0.021875 0.03125 0.0359375 0.05625
0 0.021875 0.340625 0.028125 0.040625
0 0.021875 0.265625 0.03125 0.0484375
14 0.01875 0.61171875 0.0375 0.0671875
6 0.803125 0.025 0.0421875 0.0296875
3 0.221875 0.1890625 0.0234375 0.04375
13 0.140625 0.1140625 0.0203125 0.05625
13 0.159375 0.1109375 0.015625 0.0484375
11 0.225 0.1125 0.021875 0.0484375
3 0.25 0.190625 0.0265625 0.053125
5 0.2828125 0.16875 0.0265625 0.0234375
11 0.28125 0.109375 0.021875 0.0359375
8 0.3125 0.109375 0.0203125 0.034375
11 0.3796875 0.10625 0.0234375 0.046875
11 0.4359375 0.1 0.0234375 0.04375
8 0.471875 0.109375 0.0203125 0.034375
11 0.54375 0.1125 0.0203125 0.046875
5 0.596875 0.175 0.028125 0.021875
11 0.59375 0.1125 0.0234375 0.0484375
8 0.625 0.1140625 0.021875 0.0359375
11 0.690625 0.109375 0.0234375 0.0390625
11 0.7359375 0.103125 0.01875 0.05
8 0.7734375 0.115625 0.0296875 0.046875
11 0.8453125 0.1125 0.0328125 0.0421875
5 0.903125 0.184375 0.0265625 0.0234375
11 0.8984375 0.1171875 0.0203125 0.040625
8 0.9359375 0.11875 0.015625 0.0421875
8 0.0984375 0.2625 0.01875 0.053125
8 0.1 0.1875 0.025 0.0453125
3 0.14375 0.328125 0.025 0.0375
11 0.228125 0.2609375 0.0265625 0.046875
11 0.278125 0.265625 0.01875 0.040625
8 0.3125 0.265625 0.03125 0.053125
11 0.278125 0.3515625 0.025 0.04375
3 0.321875 0.34375 0.025 0.05
11 0.375 0.340625 0.028125 0.0421875
11 0.4375 0.340625 0.0328125 0.04375
3 0.371875 0.265625 0.0203125 0.040625
3 0.4 0.271875 0.025 0.0390625
11 0.4359375 0.26875 0.0234375 0.040625
3 0.478125 0.334375 0.025 0.0546875
8 0.471875 0.26875 0.0359375 0.0421875
11 0.51875 0.3390625 0.028125 0.0578125
11 0.546875 0.3453125 0.0359375 0.053125
11 0.59375 0.3390625 0.0234375 0.0515625
11 0.546875 0.265625 0.0234375 0.034375
8 0.59375 0.271875 0.0265625 0.0484375
3 0.634375 0.340625 0.0265625 0.046875
11 0.659375 0.3421875 0.025 0.0515625
8 0.659375 0.275 0.0328125 0.046875
8 0.265625 0.5234375 0.0234375 0.0375
8 0.565625 0.534375 0.0234375 0.0515625
3 0.6640625 0.5359375 0.028125 0.046875
3 0.690625 0.534375 0.0234375 0.0546875
11 0.71875 0.528125 0.0234375 0.0359375
11 0.7484375 0.540625 0.0203125 0.04375
11 0.7765625 0.534375 0.028125 0.059375
6 0.7890625 0.609375 0.0390625 0.034375
11 0.8078125 0.540625 0.025 0.04375
11 0.840625 0.534375 0.0265625 0.05
11 0.890625 0.5375 0.0359375 0.053125
8 0.9234375 0.53125 0.0203125 0.0421875
0 0.021875 0.8453125 0.040625 0.053125
11 0.096875 0.76875 0.028125 0.040625
8 0.134375 0.765625 0.025 0.046875
14 0.021875 0.6953125 0.0328125 0.05625
11 0.1 0.6984375 0.028125 0.04375
8 0.1453125 0.696875 0.0296875 0.0359375
11 0.5 0.6875 0.0296875 0.0421875
11 0.5671875 0.68125 0.028125 0.0484375
8 0.6 0.684375 0.028125 0.0390625
3 0.6109375 0.9125 0.0203125 0.0390625
3 0.6640625 0.84375 0.021875 0.0359375
3 0.6625 0.771875 0.025 0.046875
3 0.6875 0.8453125 0.0203125 0.046875
3 0.684375 0.76875 0.025 0.0421875
11 0.7203125 0.771875 0.01875 0.05625
11 0.75 0.76875 0.01875 0.053125
11 0.78125 0.765625 0.03125 0.0515625
11 0.6671875 0.684375 0.025 0.04375
11 0.721875 0.6875 0.0265625 0.046875
8 0.76875 0.6890625 0.025 0.04375
11 0.721875 0.846875 0.0234375 0.0546875
11 0.753125 0.84375 0.0203125 0.0484375
3 0.784375 0.921875 0.0265625 0.040625
11 0.809375 0.853125 0.0265625 0.0625
11 0.778125 0.8390625 0.0265625 0.04375
11 0.840625 0.853125 0.021875 0.04375
11 0.89375 0.8359375 0.021875 0.046875
8 0.9265625 0.840625 0.0203125 0.0515625
11 0.84375 0.7640625 0.0203125 0.05
11 0.8875 0.7640625 0.028125 0.046875
8 0.9234375 0.775 0.0296875 0.0421875
11 0.809375 0.7625 0.0203125 0.0515625
11 0.840625 0.6984375 0.028125 0.040625
11 0.884375 0.696875 0.0265625 0.04375
8 0.921875 0.69375 0.0265625 0.034375
0 0.021875 0.921875 0.0359375 0.040625
11 0.1046875 0.925 0.021875 0.0375
3 0.14375 0.9296875 0.021875 0.0421875
11 0.171875 0.9265625 0.021875 0.0484375
11 0.20625 0.91875 0.021875 0.0484375
11 0.265625 0.9109375 0.0234375 0.04375
11 0.3265625 0.9078125 0.0234375 0.04375
11 0.3609375 0.9171875 0.0171875 0.05
11 0.403125 0.9171875 0.028125 0.05
3 0.4453125 0.9171875 0.025 0.0421875
11 0.46875 0.9171875 0.0203125 0.046875
11 0.503125 0.915625 0.025 0.04375
11 0.203125 0.853125 0.0234375 0.0484375
11 0.2640625 0.85 0.0171875 0.0390625
11 0.30625 0.85 0.025 0.0484375
11 0.3609375 0.85 0.025 0.0375
11 0.403125 0.8421875 0.021875 0.0375
11 0.45 0.8515625 0.0296875 0.0484375
11 0.5 0.85 0.0265625 0.04375
8 0.559375 0.840625 0.025 0.0421875
11 0.496875 0.7625 0.0203125 0.0359375
8 0.5625 0.7640625 0.01875 0.028125
8 0.1015625 0.8515625 0.0234375 0.04375
11 0.5625 0.925 0.0203125 0.04375
11 0.6671875 0.9265625 0.0203125 0.0546875
11 0.6375 0.909375 0.0234375 0.0421875
11 0.725 0.915625 0.0203125 0.0484375
11 0.809375 0.91875 0.028125 0.0484375
11 0.8453125 0.91875 0.01875 0.040625
11 0.8875 0.928125 0.01875 0.0484375
3 0.93125 0.928125 0.028125 0.05
11 0.95625 0.9265625 0.0234375 0.0515625
11 0.9921875 0.925 0.015625 0.0484375
11 0.2625 0.76875 0.0265625 0.05
11 0.303125 0.76875 0.025 0.0421875
11 0.3609375 0.765625 0.025 0.046875
11 0.403125 0.7640625 0.021875 0.0421875
11 0.44375 0.7625 0.021875 0.040625
3 0.2015625 0.696875 0.0265625 0.05
3 0.228125 0.7 0.028125 0.0578125
11 0.265625 0.684375 0.0203125 0.0546875
11 0.3078125 0.6875 0.0140625 0.0484375
11 0.3625 0.684375 0.0265625 0.0390625
11 0.40625 0.6953125 0.0234375 0.0390625
11 0.4453125 0.6875 0.025 0.0359375
11 0.990625 0.6859375 0.01875 0.053125
11 0.69375 0.340625 0.0265625 0.05
11 0.7375 0.3390625 0.01875 0.0546875
3 0.775 0.340625 0.034375 0.0484375
11 0.8125 0.34375 0.0359375 0.053125
11 0.8453125 0.3359375 0.01875 0.05
11 0.9 0.3453125 0.0203125 0.0625
3 0.94375 0.3484375 0.0234375 0.0421875
11 0.965625 0.340625 0.028125 0.06875
11 0.99375 0.346875 0.0125 0.0484375
11 0.2265625 0.35 0.034375 0.0578125
11 0.346875 0.3421875 0.0265625 0.0515625
11 0.1 0.3390625 0.0234375 0.040625
11 0.1765625 0.33125 0.0265625 0.046875
11 0.103125 0.10625 0.0203125 0.0359375
11 0.178125 0.1171875 0.0203125 0.0515625
11 0.99375 0.1125 0.0125 0.0484375
9 0.40625 0.5359375 0.025 0.04375
3 0.496875 0.5375 0.0234375 0.0328125
3 0.521875 0.5359375 0.0265625 0.0625
5 0.10625 0.515625 0.028125 0.034375
5 0.740625 0.2625 0.0359375 0.025
5 0.903125 0.265625 0.034375 0.0265625
5 0.7375 0.184375 0.0234375 0.021875
5 0.4390625 0.18125 0.0234375 0.025
6 0.1640625 0.028125 0.0328125 0.021875
6 0.3390625 0.028125 0.040625 0.0234375
6 0.5 0.0328125 0.040625 0.0375
6 0.65 0.025 0.040625 0.0234375
6 0.9515625 0.034375 0.0296875 0.028125
6 0.159375 0.60625 0.0421875 0.0328125
6 0.315625 0.60625 0.0375 0.021875
6 0.45625 0.6109375 0.034375 0.028125
6 0.628125 0.60625 0.046875 0.028125
6 0.953125 0.60625 0.0484375 0.0328125
12 0.353125 0.534375 0.025 0.0359375