0 0.065625 0.06875 0.028125 0.0390625
0 0.065625 0.128125 0.028125 0.04375
1 0.084375 0.06875 0.0109375 0.0171875
1 0.0828125 0.125 0.0140625 0.021875
2 0.103125 0.0671875 0.0125 0.0171875
2 0.103125 0.128125 0.0125 0.01875
12 0.15 0.053125 0.0140625 0.0203125
12 0.3640625 0.0484375 0.0140625 0.0171875
5 0.365625 0.0625 0.015625 0.0140625
11 0.1140625 0.059375 0.0109375 0.0203125
5 0.1265625 0.06875 0.0125 0.009375
5 0.115625 0.128125 0.0125 0.0109375
5 0.35625 0.125 0.0125 0.0078125
5 0.36875 0.121875 0.0125 0.009375
4 0.4015625 0.05 0.015625 0.0125
3 0.415625 0.0703125 0.01875 0.0265625
3 0.4375 0.065625 0.0109375 0.0265625
2 0.4265625 0.075 0.0109375 0.015625
3 0.45625 0.0625 0.0125 0.0203125
3 0.471875 0.05625 0.0125 0.025
3 0.484375 0.05625 0.0125 0.025
3 0.5078125 0.05 0.0125 0.0203125
2 0.496875 0.05625 0.0109375 0.0171875
3 0.528125 0.046875 0.0125 0.01875
11 0.5421875 0.0375 0.0125 0.01875
2 0.5890625 0.059375 0.009375 0.0171875
2 0.596875 0.0671875 0.009375 0.0171875
2 0.60625 0.05625 0.0109375 0.0171875
4 0.65625 0.059375 0.0125 0.0125
12 0.790625 0.059375 0.0109375 0.0203125
12 0.80625 0.059375 0.0125 0.0171875
4 0.840625 0.059375 0.0125 0.0109375
3 0.85625 0.071875 0.015625 0.021875
3 0.875 0.065625 0.0109375 0.021875
3 0.890625 0.065625 0.0109375 0.0234375
3 0.9046875 0.0625 0.0125 0.0265625
3 0.91875 0.0578125 0.0125 0.0328125
12 0.840625 0.11875 0.015625 0.0203125
12 0.8734375 0.11875 0.015625 0.01875
12 0.9046875 0.11875 0.0140625 0.0203125
4 0.65625 0.11875 0.0109375 0.0109375
2 0.60625 0.115625 0.009375 0.015625
2 0.596875 0.128125 0.009375 0.01875
2 0.590625 0.11875 0.0109375 0.0171875
0 0.0640625 0.18125 0.0265625 0.04375
2 0.0859375 0.175 0.0140625 0.0203125
1 0.103125 0.1828125 0.0125 0.0203125
5 0.115625 0.184375 0.015625 0.00625
5 0.115625 0.190625 0.0171875 0.0078125
2 0.353125 0.1828125 0.0125 0.01875
5 0.36875 0.178125 0.015625 0.00625
5 0.36875 0.1828125 0.015625 0.00625
2 0.5890625 0.175 0.0109375 0.01875
2 0.6 0.18125 0.0109375 0.015625
2 0.621875 0.1796875 0.0109375 0.01875
4 0.65625 0.175 0.0125 0.0140625
12 0.790625 0.175 0.0140625 0.0203125
4 0.80625 0.175 0.015625 0.0140625
3 0.825 0.196875 0.015625 0.021875
3 0.840625 0.190625 0.0140625 0.0234375
3 0.853125 0.1859375 0.0140625 0.025
3 0.875 0.184375 0.0125 0.034375
2 0.8796875 0.1875 0.0109375 0.0171875
3 0.890625 0.19375 0.0109375 0.01875
3 0.9046875 0.190625 0.0140625 0.025
3 0.9203125 0.1875 0.0125 0.0296875
2 0.69375 0.259375 0.0109375 0.0171875
2 0.703125 0.25 0.009375 0.0171875
2 0.7125 0.2578125 0.0109375 0.015625
11 0.728125 0.26875 0.0125 0.0203125
4 0.75 0.265625 0.0109375 0.0125
12 0.7890625 0.24375 0.009375 0.021875
4 0.80625 0.24375 0.0109375 0.0109375
3 0.8265625 0.259375 0.0140625 0.021875
3 0.8390625 0.253125 0.015625 0.0234375
3 0.853125 0.2484375 0.015625 0.0328125
11 0.8765625 0.24375 0.0140625 0.03125
12 0.903125 0.24375 0.015625 0.0203125
2 0.596875 0.2484375 0.0125 0.015625
2 0.590625 0.2609375 0.0078125 0.0171875
2 0.60625 0.259375 0.009375 0.01875
2 0.5890625 0.303125 0.0109375 0.015625
2 0.596875 0.3125 0.009375 0.0171875
2 0.60625 0.3015625 0.0078125 0.015625
5 0.4734375 0.2625 0.0140625 0.0078125
4 0.4140625 0.24375 0.0109375 0.0125
11 0.3640625 0.23125 0.015625 0.0203125
11 0.321875 0.23125 0.0140625 0.01875
1 0.309375 0.234375 0.0125 0.0171875
3 0.3 0.2359375 0.0109375 0.01875
3 0.2875 0.240625 0.0140625 0.0203125
3 0.265625 0.246875 0.0140625 0.0265625
3 0.24375 0.2515625 0.0125 0.028125
1 0.253125 0.253125 0.0078125 0.0140625
1 0.275 0.24375 0.0078125 0.0140625
11 0.2375 0.246875 0.0140625 0.0171875
3 0.2078125 0.2484375 0.0125 0.025
3 0.184375 0.25625 0.0125 0.028125
3 0.1625 0.2578125 0.0171875 0.028125
1 0.175 0.259375 0.009375 0.015625
1 0.196875 0.253125 0.009375 0.0140625
4 0.1515625 0.234375 0.0125 0.0140625
12 0.1125 0.228125 0.0140625 0.0203125
1 0.084375 0.2515625 0.0125 0.0171875
12 0.284375 0.28125 0.0125 0.0203125
12 0.15 0.4375 0.0171875 0.0234375
1 0.103125 0.4203125 0.0140625 0.01875
0 0.065625 0.43125 0.0203125 0.04375
0 0.065625 0.378125 0.0234375 0.0453125
5 0.36875 0.425 0.0140625 0.0078125
5 0.365625 0.3875 0.015625 0.0078125
1 0.621875 0.415625 0.0125 0.01875
11 0.63125 0.39375 0.0140625 0.0203125
12 0.646875 0.365625 0.0125 0.01875
12 0.6484375 0.4203125 0.009375 0.01875
11 0.6328125 0.428125 0.0140625 0.0234375
2 0.5890625 0.5328125 0.0109375 0.01875
2 0.5984375 0.540625 0.009375 0.0171875
2 0.60625 0.528125 0.0109375 0.0171875
2 0.5890625 0.5875 0.0109375 0.015625
2 0.6 0.5984375 0.0078125 0.015625
2 0.60625 0.5875 0.0078125 0.0171875
1 0.084375 0.5984375 0.009375 0.0203125
1 0.0875 0.54375 0.0203125 0.0203125
0 0.06875 0.48125 0.0375 0.046875
0 0.0640625 0.715625 0.0265625 0.04375
0 0.0640625 0.771875 0.025 0.0421875
1 0.084375 0.7140625 0.0109375 0.01875
1 0.1 0.709375 0.0125 0.0171875
1 0.125 0.715625 0.009375 0.015625
3 0.115625 0.70625 0.0125 0.0203125
3 0.1375 0.709375 0.0140625 0.0265625
3 0.1515625 0.7046875 0.0125 0.0203125
3 0.1640625 0.709375 0.0140625 0.0296875
3 0.184375 0.70625 0.0171875 0.0203125
3 0.20625 0.709375 0.01875 0.028125
3 0.240625 0.7046875 0.0171875 0.01875
3 0.2640625 0.7109375 0.015625 0.0328125
3 0.284375 0.70625 0.015625 0.0203125
3 0.3015625 0.7125 0.01875 0.03125
3 0.31875 0.7046875 0.015625 0.0203125
3 0.334375 0.709375 0.0125 0.028125
3 0.365625 0.709375 0.015625 0.0203125
3 0.3875 0.7125 0.0140625 0.0265625
3 0.4015625 0.7078125 0.0140625 0.0234375
3 0.415625 0.7125 0.0140625 0.028125
3 0.4375 0.709375 0.0171875 0.0234375
3 0.45625 0.7125 0.015625 0.028125
3 0.471875 0.709375 0.0140625 0.0234375
3 0.4859375 0.7109375 0.0109375 0.0296875
3 0.50625 0.709375 0.01875 0.021875
3 0.525 0.7125 0.0171875 0.028125
3 0.540625 0.709375 0.015625 0.0203125
3 0.5546875 0.7125 0.0109375 0.028125
2 0.3765625 0.721875 0.009375 0.01875
2 0.590625 0.70625 0.0078125 0.0171875
2 0.5984375 0.7140625 0.0109375 0.015625
2 0.60625 0.703125 0.0109375 0.0171875
2 0.590625 0.759375 0.0109375 0.015625
2 0.5984375 0.76875 0.0078125 0.015625
2 0.60625 0.759375 0.0109375 0.015625
11 0.63125 0.7234375 0.0125 0.0234375
8 0.65 0.721875 0.015625 0.0234375
8 0.728125 0.721875 0.0171875 0.0265625
11 0.7625 0.721875 0.0125 0.0234375
12 0.940625 0.715625 0.0140625 0.0203125
12 0.9375 0.771875 0.0140625 0.0203125
12 0.940625 0.825 0.0125 0.0203125
8 0.8765625 0.834375 0.015625 0.025
8 0.875 0.7671875 0.01875 0.028125
8 0.790625 0.834375 0.0171875 0.025
8 0.7453125 0.828125 0.01875 0.0234375
8 0.63125 0.821875 0.015625 0.025
8 0.66875 0.821875 0.015625 0.025
2 0.590625 0.815625 0.0109375 0.0171875
2 0.5984375 0.825 0.0078125 0.015625
2 0.60625 0.815625 0.0109375 0.015625
1 0.0828125 0.825 0.009375 0.0171875
2 0.103125 0.840625 0.0125 0.0203125
3 0.115625 0.8296875 0.015625 0.0265625
3 0.1375 0.828125 0.0140625 0.0203125
3 0.1515625 0.83125 0.0125 0.0265625
3 0.1640625 0.828125 0.0125 0.021875
3 0.184375 0.83125 0.015625 0.0265625
3 0.20625 0.828125 0.01875 0.021875
2 0.1265625 0.8328125 0.009375 0.0171875
3 0.2375 0.83125 0.021875 0.0296875
3 0.2625 0.825 0.0203125 0.01875
3 0.284375 0.8296875 0.0171875 0.025
3 0.3 0.828125 0.0140625 0.0203125
3 0.31875 0.83125 0.01875 0.0265625
3 0.334375 0.8265625 0.0109375 0.021875
3 0.3625 0.8296875 0.0203125 0.028125
3 0.3890625 0.828125 0.0109375 0.021875
3 0.403125 0.8296875 0.0125 0.028125
3 0.415625 0.8265625 0.0125 0.021875
3 0.4375 0.8296875 0.015625 0.028125
3 0.45625 0.828125 0.0109375 0.021875
3 0.471875 0.8296875 0.0125 0.028125
3 0.484375 0.828125 0.0140625 0.021875
3 0.5046875 0.828125 0.0171875 0.0265625
3 0.525 0.828125 0.015625 0.021875
3 0.5421875 0.8296875 0.0125 0.0265625
3 0.5546875 0.828125 0.0125 0.021875
2 0.378125 0.8328125 0.0125 0.0203125
2 0.590625 0.875 0.0109375 0.015625
2 0.596875 0.8828125 0.0109375 0.01875
2 0.6078125 0.871875 0.0125 0.01875
8 0.6328125 0.878125 0.0203125 0.0265625
8 0.66875 0.88125 0.0171875 0.0234375
8 0.7453125 0.878125 0.015625 0.025
8 0.790625 0.878125 0.015625 0.0234375
8 0.875 0.88125 0.01875 0.0265625
12 0.940625 0.88125 0.0125 0.0234375
12 0.4 0.878125 0.0140625 0.01875
11 0.365625 0.8859375 0.015625 0.0234375
12 0.15 0.878125 0.0109375 0.0203125
11 0.115625 0.884375 0.0171875 0.028125
1 0.084375 0.88125 0.0125 0.0203125
1 0.084375 0.9375 0.0125 0.0171875
11 0.1140625 0.9375 0.015625 0.025
12 0.1484375 0.9328125 0.0125 0.0203125
11 0.3625 0.9375 0.0171875 0.0234375
12 0.4 0.934375 0.0125 0.0234375
2 0.5890625 0.928125 0.0125 0.01875
2 0.6 0.9375 0.0078125 0.0171875
2 0.60625 0.925 0.0109375 0.015625
1 0.084375 0.3109375 0.0140625 0.015625
1 0.084375 0.771875 0.0125 0.0203125
1 0.103125 0.771875 0.009375 0.0171875
1 0.125 0.78125 0.009375 0.015625
3 0.115625 0.7671875 0.015625 0.021875
3 0.1375 0.771875 0.0171875 0.03125
3 0.1515625 0.765625 0.0109375 0.021875
3 0.165625 0.7734375 0.0140625 0.03125
3 0.184375 0.7671875 0.015625 0.0203125
3 0.2078125 0.771875 0.0171875 0.034375
3 0.240625 0.76875 0.0171875 0.0203125
3 0.265625 0.7734375 0.0203125 0.0328125
3 0.2859375 0.765625 0.0171875 0.0203125
3 0.3 0.771875 0.0140625 0.03125
3 0.31875 0.765625 0.0203125 0.0234375
3 0.334375 0.771875 0.0140625 0.03125
3 0.365625 0.76875 0.0171875 0.0203125
3 0.3875 0.7734375 0.01875 0.034375
3 0.4015625 0.76875 0.0171875 0.0265625
3 0.415625 0.7734375 0.0140625 0.0328125
3 0.434375 0.7703125 0.0171875 0.0234375
3 0.45625 0.771875 0.0171875 0.0328125
3 0.471875 0.76875 0.0125 0.0234375
3 0.484375 0.7734375 0.015625 0.03125
3 0.50625 0.76875 0.0171875 0.0234375
3 0.5265625 0.771875 0.01875 0.03125
3 0.540625 0.7671875 0.0125 0.025
3 0.55625 0.771875 0.0125 0.03125
2 0.353125 0.778125 0.0125 0.0234375