13 0.1609375 0.04375 0.015625 0.0296875
13 0.125 0.04375 0.015625 0.0296875
13 0.1421875 0.05625 0.0140625 0.046875
13 0.1765625 0.05625 0.0203125 0.0296875
13 0.196875 0.040625 0.0171875 0.0296875
13 0.209375 0.05625 0.0171875 0.028125
13 0.228125 0.04375 0.01875 0.03125
13 0.24375 0.05625 0.0140625 0.0375
13 0.2625 0.040625 0.0140625 0.0234375
13 0.278125 0.05625 0.01875 0.0265625
13 0.296875 0.0421875 0.015625 0.021875
13 0.321875 0.05625 0.0140625 0.028125
13 0.340625 0.04375 0.021875 0.0203125
13 0.353125 0.059375 0.021875 0.028125
13 0.378125 0.040625 0.015625 0.021875
13 0.390625 0.065625 0.021875 0.0296875
13 0.421875 0.059375 0.0234375 0.028125
13 0.4078125 0.0375 0.025 0.025
13 0.44375 0.040625 0.03125 0.0234375
13 0.459375 0.0578125 0.0171875 0.0359375
13 0.475 0.04375 0.0234375 0.025
13 0.490625 0.059375 0.015625 0.0375
13 0.509375 0.04375 0.01875 0.03125
13 0.5375 0.0625 0.0234375 0.0359375
13 0.5703125 0.059375 0.0203125 0.028125
13 0.6046875 0.0625 0.01875 0.0390625
13 0.6375 0.0625 0.021875 0.028125
13 0.66875 0.065625 0.015625 0.025
13 0.7046875 0.059375 0.0125 0.0328125
13 0.725 0.05 0.0234375 0.0484375
13 0.753125 0.059375 0.015625 0.0328125
13 0.784375 0.0625 0.0109375 0.015625
13 0.81875 0.065625 0.025 0.034375
13 0.771875 0.040625 0.028125 0.025
13 0.65625 0.04375 0.01875 0.0359375
13 0.621875 0.046875 0.0203125 0.034375
13 0.5875 0.046875 0.0125 0.03125
13 0.553125 0.04375 0.025 0.03125
13 0.803125 0.040625 0.01875 0.0359375
13 0.8375 0.040625 0.0109375 0.03125
13 0.86875 0.04375 0.009375 0.025
13 0.9 0.04375 0.0171875 0.028125
13 0.9375 0.04375 0.025 0.025
13 0.91875 0.0625 0.015625 0.03125
13 0.884375 0.0671875 0.01875 0.0265625
13 0.85 0.065625 0.01875 0.0296875
13 0.91875 0.134375 0.0171875 0.03125
13 0.8875 0.134375 0.015625 0.025
13 0.85625 0.13125 0.021875 0.0328125
13 0.821875 0.128125 0.0140625 0.0265625
13 0.78125 0.140625 0.0234375 0.028125
13 0.753125 0.1515625 0.0125 0.00625
13 0.70625 0.13125 0.015625 0.021875
13 0.678125 0.13125 0.0203125 0.03125
13 0.6359375 0.128125 0.01875 0.0390625
13 0.6 0.13125 0.015625 0.0203125
13 0.56875 0.140625 0.0203125 0.021875
13 0.5390625 0.146875 0.0203125 0.0328125
13 0.49375 0.13125 0.015625 0.0296875
13 0.4578125 0.1328125 0.009375 0.0328125
13 0.425 0.125 0.01875 0.025
13 0.390625 0.13125 0.01875 0.03125
13 0.359375 0.14375 0.0140625 0.0171875
13 0.325 0.15 0.015625 0.025
13 0.28125 0.134375 0.015625 0.01875
13 0.240625 0.128125 0.015625 0.0359375
13 0.2078125 0.1328125 0.0125 0.0390625
13 0.140625 0.1375 0.0140625 0.040625
13 0.1765625 0.134375 0.0125 0.034375
13 0.1125 0.146875 0.0296875 0.0296875
13 0.3875 0.2140625 0.0234375 0.028125
13 0.315625 0.20625 0.01875 0.021875
13 0.246875 0.209375 0.0234375 0.025
13 0.171875 0.2140625 0.021875 0.0375
13 0.10625 0.2234375 0.0296875 0.0265625
13 0.45625 0.2109375 0.0234375 0.034375
13 0.54375 0.20625 0.03125 0.040625
13 0.60625 0.2125 0.01875 0.0328125
13 0.678125 0.2125 0.028125 0.040625
13 0.740625 0.209375 0.021875 0.0453125
13 0.81875 0.2109375 0.0171875 0.034375
13 0.884375 0.21875 0.0171875 0.025
13 0.140625 0.190625 0.0421875 0.03125
13 0.209375 0.19375 0.0296875 0.04375
13 0.278125 0.1890625 0.028125 0.034375
13 0.353125 0.1875 0.034375 0.03125
13 0.4203125 0.190625 0.0328125 0.0328125
13 0.4859375 0.190625 0.0265625 0.028125
13 0.578125 0.190625 0.0234375 0.0375
13 0.640625 0.1875 0.025 0.040625
13 0.715625 0.190625 0.028125 0.0375
13 0.78125 0.19375 0.01875 0.040625
13 0.853125 0.190625 0.021875 0.0375
13 0.921875 0.1953125 0.021875 0.03125
1 0.084375 0.0421875 0.009375 0.0125
1 0.078125 0.053125 0.021875 0.015625
1 0.0828125 0.11875 0.015625 0.021875
1 0.075 0.128125 0.0140625 0.0234375
1 0.084375 0.2 0.0125 0.015625
1 0.0796875 0.20625 0.015625 0.01875