0 0.0625 0.059375 0.025 0.046875
2 0.0890625 0.046875 0.0125 0.0203125
2 0.0984375 0.05625 0.009375 0.01875
2 0.109375 0.04375 0.0109375 0.0203125
5 0.1375 0.06875 0.01875 0.0078125
5 0.4546875 0.06875 0.021875 0.0078125
0 0.0625 0.1609375 0.0265625 0.0484375
2 0.0875 0.15 0.0125 0.0203125
2 0.0984375 0.159375 0.0125 0.01875
2 0.109375 0.146875 0.009375 0.01875
0 0.065625 0.2640625 0.0265625 0.046875
2 0.0890625 0.253125 0.0125 0.01875
2 0.0984375 0.2625 0.0125 0.01875
2 0.109375 0.2484375 0.0125 0.01875
2 0.0875 0.340625 0.0125 0.01875
2 0.096875 0.35 0.0109375 0.01875
2 0.109375 0.3375 0.0109375 0.01875
0 0.0640625 0.459375 0.025 0.0484375
5 0.1375 0.45625 0.0203125 0.0078125
5 0.4546875 0.45625 0.01875 0.0078125
5 0.1375 0.571875 0.0203125 0.0078125
5 0.4546875 0.571875 0.01875 0.0078125
5 0.1375 0.6578125 0.01875 0.0078125
5 0.45625 0.6578125 0.01875 0.0078125
5 0.1375 0.765625 0.0203125 0.0078125
0 0.0640625 0.5625 0.025 0.046875
2 0.0875 0.446875 0.0125 0.01875
2 0.0984375 0.45625 0.0109375 0.01875
2 0.109375 0.44375 0.0109375 0.01875
2 0.0890625 0.55 0.0125 0.0203125
2 0.0984375 0.559375 0.0125 0.0171875
2 0.109375 0.5453125 0.0125 0.0203125
2 0.0890625 0.6578125 0.0109375 0.01875
2 0.0984375 0.66875 0.0109375 0.0203125
2 0.109375 0.6546875 0.0125 0.01875
2 0.0890625 0.8625 0.0109375 0.0203125
2 0.1 0.871875 0.0109375 0.01875
2 0.109375 0.859375 0.0125 0.01875