0 0.9453125 0.0359375 0.0234375 0.04375
0 0.94375 0.1046875 0.0234375 0.0453125
0 0.9453125 0.171875 0.025 0.0453125
1 0.921875 0.03125 0.009375 0.015625
1 0.915625 0.021875 0.009375 0.015625
1 0.9078125 0.0359375 0.0109375 0.0171875
1 0.921875 0.1 0.009375 0.0171875
1 0.915625 0.090625 0.009375 0.015625
1 0.909375 0.103125 0.009375 0.015625
1 0.921875 0.1671875 0.009375 0.0171875
1 0.915625 0.1578125 0.009375 0.0171875
1 0.909375 0.1703125 0.009375 0.0171875
1 0.921875 0.240625 0.009375 0.015625
1 0.915625 0.23125 0.0078125 0.015625
1 0.9078125 0.24375 0.009375 0.015625
8 0.8765625 0.2375 0.0140625 0.0265625
8 0.740625 0.2375 0.015625 0.0265625
8 0.590625 0.240625 0.015625 0.0265625
8 0.453125 0.240625 0.0140625 0.0265625
8 0.25625 0.171875 0.0140625 0.0265625
8 0.209375 0.1125 0.015625 0.0265625
5 0.09375 0.234375 0.0171875 0.0078125
5 0.0921875 0.1828125 0.0171875 0.00625
5 0.09375 0.109375 0.01875 0.0078125
5 0.0921875 0.0265625 0.015625 0.0078125
11 0.1625 0.0359375 0.0140625 0.0265625
11 0.209375 0.0328125 0.0140625 0.0265625
11 0.25625 0.0375 0.0140625 0.0265625
11 0.303125 0.0484375 0.0140625 0.0265625
11 0.303125 0.10625 0.0140625 0.0265625
11 0.25625 0.1 0.0140625 0.0265625
11 0.3046875 0.171875 0.0140625 0.0265625
11 0.3859375 0.103125 0.0140625 0.0265625
11 0.453125 0.10625 0.0140625 0.0265625
11 0.521875 0.109375 0.0140625 0.0265625
11 0.590625 0.1125 0.0140625 0.0265625
11 0.671875 0.1 0.0125 0.0265625
11 0.740625 0.103125 0.0140625 0.0265625
11 0.809375 0.10625 0.0140625 0.0265625
11 0.8765625 0.109375 0.0125 0.0265625
3 0.8765625 0.0359375 0.0140625 0.025
3 0.84375 0.0375 0.0140625 0.03125
3 0.809375 0.0328125 0.0140625 0.0203125
3 0.775 0.0390625 0.0125 0.0328125
3 0.7390625 0.0359375 0.015625 0.025
3 0.70625 0.0390625 0.0140625 0.0328125
3 0.671875 0.0328125 0.0140625 0.0203125
3 0.6375 0.0390625 0.0125 0.0328125
3 0.590625 0.0375 0.015625 0.0296875
3 0.55625 0.040625 0.015625 0.0359375
3 0.521875 0.034375 0.0140625 0.0234375
3 0.4875 0.040625 0.015625 0.0359375
3 0.453125 0.0375 0.0171875 0.0296875
3 0.4203125 0.040625 0.0140625 0.0359375
3 0.384375 0.034375 0.015625 0.0234375
3 0.3515625 0.040625 0.015625 0.0375
13 0.878125 0.1734375 0.0140625 0.025
13 0.8609375 0.171875 0.0140625 0.0296875
13 0.8421875 0.1703125 0.0140625 0.03125
13 0.828125 0.171875 0.015625 0.025
13 0.809375 0.171875 0.0140625 0.0265625
13 0.790625 0.16875 0.0140625 0.0296875
13 0.7765625 0.171875 0.015625 0.025
13 0.759375 0.171875 0.0171875 0.028125
13 0.740625 0.16875 0.0125 0.0296875
13 0.725 0.171875 0.015625 0.025
13 0.709375 0.171875 0.015625 0.028125
13 0.6921875 0.16875 0.0171875 0.03125
13 0.6734375 0.1734375 0.0125 0.025
13 0.65625 0.1703125 0.0140625 0.025
13 0.640625 0.16875 0.01875 0.028125
13 0.590625 0.178125 0.0125 0.0265625
13 0.575 0.175 0.0140625 0.03125
13 0.5578125 0.175 0.015625 0.034375
13 0.5421875 0.178125 0.015625 0.028125
13 0.521875 0.175 0.0125 0.025
13 0.50625 0.171875 0.0171875 0.0296875
13 0.490625 0.175 0.0140625 0.0234375
13 0.4734375 0.175 0.01875 0.028125
13 0.4546875 0.171875 0.015625 0.0296875
13 0.4375 0.175 0.0140625 0.0234375
13 0.421875 0.175 0.015625 0.028125
13 0.40625 0.171875 0.0171875 0.03125
13 0.3875 0.178125 0.0140625 0.028125
13 0.371875 0.175 0.0171875 0.03125
13 0.353125 0.175 0.0203125 0.0328125
3 0.303125 0.246875 0.015625 0.0265625
3 0.2796875 0.2453125 0.0140625 0.0265625
3 0.25625 0.24375 0.0140625 0.025
3 0.23125 0.240625 0.0125 0.025
3 0.2078125 0.234375 0.0140625 0.028125
3 0.184375 0.2328125 0.0140625 0.025
3 0.1625 0.2296875 0.0140625 0.0234375
3 0.140625 0.228125 0.0140625 0.0234375
12 0.1640625 0.1703125 0.0109375 0.0203125