0 0.034375 0.975 0.0234375 0.0484375
2 0.059375 0.9875 0.0125 0.0203125
2 0.0703125 0.9765625 0.009375 0.0203125
2 0.08125 0.990625 0.0109375 0.01875
5 0.109375 0.965625 0.0203125 0.0078125
5 0.43125 0.965625 0.021875 0.0078125
0 0.034375 0.871875 0.028125 0.0484375
2 0.059375 0.8828125 0.0125 0.0203125
2 0.06875 0.8734375 0.0125 0.01875
2 0.08125 0.8875 0.009375 0.0203125
0 0.0359375 0.7671875 0.0265625 0.046875
2 0.059375 0.778125 0.0125 0.0203125
2 0.06875 0.76875 0.0125 0.01875
2 0.08125 0.7828125 0.0125 0.01875
2 0.059375 0.6875 0.0125 0.0203125
2 0.06875 0.678125 0.0109375 0.01875
2 0.08125 0.690625 0.0109375 0.01875
0 0.034375 0.56875 0.0265625 0.0484375
5 0.1109375 0.571875 0.0203125 0.0078125
5 0.43125 0.571875 0.01875 0.0078125
5 0.109375 0.4546875 0.0203125 0.0078125
5 0.43125 0.4546875 0.0203125 0.0078125
5 0.109375 0.365625 0.0203125 0.0078125
5 0.4328125 0.365625 0.01875 0.0078125
5 0.109375 0.25625 0.0203125 0.0078125
0 0.034375 0.4640625 0.0265625 0.0484375
2 0.059375 0.58125 0.0125 0.0203125
2 0.0703125 0.571875 0.0109375 0.01875
2 0.08125 0.584375 0.0109375 0.01875
2 0.0609375 0.4765625 0.0125 0.0203125
2 0.0703125 0.4671875 0.0125 0.0171875
2 0.08125 0.48125 0.0125 0.0203125
2 0.059375 0.365625 0.0109375 0.01875
2 0.06875 0.35625 0.0109375 0.0203125
2 0.08125 0.36875 0.0125 0.01875
2 0.059375 0.15625 0.0109375 0.0203125
2 0.0703125 0.146875 0.0109375 0.01875
2 0.08125 0.1609375 0.0125 0.01875