8 0.00625 0.25546875 0.0125 0.0296875
8 0.159375 0.259375 0.0171875 0.028125
8 0.325 0.2625 0.0171875 0.0296875
8 0.475 0.2609375 0.015625 0.0296875
8 0.6921875 0.184375 0.0140625 0.0296875
8 0.7453125 0.11875 0.015625 0.028125
5 0.875 0.2546875 0.01875 0.0078125
5 0.875 0.196875 0.01875 0.0078125
5 0.875 0.115625 0.0203125 0.0078125
5 0.875 0.025 0.0171875 0.0078125
11 0.7984375 0.034375 0.015625 0.0296875
11 0.7453125 0.03125 0.0140625 0.0296875
11 0.69375 0.0375 0.015625 0.0296875
11 0.640625 0.0484375 0.015625 0.0296875
11 0.640625 0.1125 0.015625 0.0296875
11 0.69375 0.10625 0.015625 0.0296875
11 0.640625 0.184375 0.015625 0.0296875
11 0.55 0.109375 0.015625 0.028125
11 0.475 0.1125 0.015625 0.028125
11 0.4 0.115625 0.015625 0.0296875
11 0.3234375 0.11875 0.015625 0.0296875
11 0.234375 0.10625 0.015625 0.028125
11 0.159375 0.109375 0.015625 0.028125
11 0.08125 0.1125 0.0140625 0.0296875
11 0.00625 0.11484375 0.0125 0.0296875
3 0.00625 0.034375 0.0125 0.028125
3 0.04375 0.0375 0.015625 0.0359375
3 0.08125 0.03125 0.015625 0.021875
3 0.1203125 0.0375 0.0140625 0.0359375
3 0.159375 0.034375 0.0171875 0.028125
3 0.196875 0.0375 0.015625 0.0359375
3 0.234375 0.03125 0.015625 0.021875
3 0.271875 0.0375 0.0140625 0.0359375
3 0.325 0.0375 0.0171875 0.0328125
3 0.3625 0.040625 0.0171875 0.0390625
3 0.4 0.0328125 0.015625 0.025
3 0.4375 0.0390625 0.0171875 0.0390625
3 0.4765625 0.0375 0.01875 0.0328125
3 0.5125 0.040625 0.015625 0.040625
3 0.55 0.034375 0.0171875 0.0265625
3 0.5875 0.040625 0.0171875 0.040625
13 0.00625 0.18671875 0.0125 0.0265625
13 0.025 0.184375 0.015625 0.03125
13 0.0453125 0.184375 0.015625 0.034375
13 0.0625 0.1859375 0.0171875 0.028125
13 0.08125 0.184375 0.0140625 0.0296875
13 0.1015625 0.1828125 0.015625 0.0328125
13 0.11875 0.1859375 0.0171875 0.0265625
13 0.1359375 0.184375 0.01875 0.03125
13 0.1578125 0.18125 0.015625 0.0328125
13 0.175 0.1859375 0.0171875 0.0265625
13 0.19375 0.184375 0.0171875 0.0296875
13 0.2109375 0.1828125 0.0203125 0.0328125
13 0.23125 0.1875 0.0140625 0.0265625
13 0.25 0.184375 0.015625 0.0296875
13 0.26875 0.18125 0.0203125 0.0296875
13 0.321875 0.190625 0.0140625 0.0296875
13 0.340625 0.190625 0.015625 0.034375
13 0.359375 0.1875 0.015625 0.0375
13 0.378125 0.190625 0.015625 0.03125
13 0.3984375 0.1875 0.0140625 0.0296875
13 0.415625 0.1859375 0.01875 0.0328125
13 0.434375 0.1890625 0.015625 0.0265625
13 0.453125 0.1875 0.0203125 0.0296875
13 0.475 0.1859375 0.0171875 0.0328125
13 0.4921875 0.1890625 0.015625 0.0265625
13 0.509375 0.1875 0.0171875 0.0296875
13 0.528125 0.1859375 0.01875 0.0359375
13 0.55 0.190625 0.015625 0.0296875
13 0.565625 0.190625 0.01875 0.034375
13 0.5859375 0.1875 0.021875 0.0359375
3 0.640625 0.26875 0.01875 0.0296875
3 0.6671875 0.265625 0.015625 0.028125
3 0.69375 0.2625 0.015625 0.0265625
3 0.7203125 0.259375 0.0125 0.028125
3 0.746875 0.2546875 0.015625 0.03125
3 0.771875 0.253125 0.015625 0.028125
3 0.7984375 0.25 0.015625 0.0265625
3 0.821875 0.246875 0.015625 0.025
12 0.796875 0.184375 0.0109375 0.021875