14 0.134375 0.221875 0.0484375 0.096875
2 0.1671875 0.1984375 0.0140625 0.0390625
11 0.23125 0.225 0.0265625 0.0453125
11 0.2984375 0.209375 0.0375 0.0375
11 0.3546875 0.21875 0.0484375 0.05
11 0.4375 0.21875 0.040625 0.0453125
11 0.490625 0.228125 0.034375 0.04375
11 0.55 0.228125 0.04375 0.0375
11 0.6359375 0.21875 0.0265625 0.0453125
11 0.69375 0.2078125 0.0265625 0.04375
11 0.75 0.2140625 0.028125 0.0328125
11 0.8234375 0.21875 0.0328125 0.0421875
11 0.8796875 0.228125 0.053125 0.05
11 0.946875 0.221875 0.0234375 0.0375
0 0.125 0.31875 0.034375 0.0484375
2 0.165625 0.30625 0.021875 0.0453125
3 0.2375 0.3171875 0.0296875 0.0609375
3 0.275 0.309375 0.0234375 0.0453125
3 0.3 0.31875 0.0140625 0.053125
3 0.321875 0.315625 0.0171875 0.0515625
3 0.35 0.328125 0.0234375 0.0421875
3 0.384375 0.31875 0.0203125 0.0515625
3 0.4296875 0.3328125 0.028125 0.0375
3 0.465625 0.315625 0.01875 0.046875
3 0.4984375 0.31875 0.01875 0.0515625
3 0.5296875 0.309375 0.0171875 0.0453125
3 0.553125 0.3171875 0.0203125 0.0625
3 0.5796875 0.3109375 0.0203125 0.0421875
3 0.634375 0.3328125 0.01875 0.04375
3 0.659375 0.3203125 0.0125 0.05625
3 0.6890625 0.321875 0.015625 0.0484375
3 0.725 0.315625 0.0125 0.034375
3 0.746875 0.328125 0.0265625 0.0328125
3 0.7796875 0.309375 0.015625 0.0625
3 0.828125 0.334375 0.015625 0.0390625
3 0.85625 0.3125 0.0109375 0.06875
3 0.89375 0.328125 0.0140625 0.053125
3 0.921875 0.3109375 0.0203125 0.03125
3 0.95 0.31875 0.0171875 0.046875
3 0.9828125 0.3125 0.015625 0.028125
14 0.0671875 0.41875 0.03125 0.084375
2 0.1 0.4 0.0296875 0.0328125
11 0.146875 0.4171875 0.028125 0.0453125
11 0.2078125 0.415625 0.025 0.0609375
11 0.26875 0.428125 0.0375 0.053125
11 0.3578125 0.4328125 0.0328125 0.040625
11 0.428125 0.421875 0.0328125 0.0453125
11 0.5 0.4234375 0.0453125 0.0515625
11 0.596875 0.41875 0.053125 0.0453125
11 0.6609375 0.415625 0.0375 0.0328125
11 0.71875 0.428125 0.025 0.0375
11 0.8046875 0.4296875 0.040625 0.04375
11 0.88125 0.415625 0.0421875 0.04375
3 0.94375 0.421875 0.03125 0.0453125
3 0.1390625 0.528125 0.034375 0.046875
3 0.175 0.509375 0.025 0.0859375
3 0.20625 0.515625 0.025 0.05
3 0.240625 0.50625 0.025 0.0609375
3 0.275 0.50625 0.0140625 0.0625
3 0.303125 0.5015625 0.009375 0.0515625
3 0.371875 0.528125 0.0171875 0.065625
3 0.3984375 0.509375 0.0140625 0.0375
3 0.428125 0.528125 0.021875 0.0453125
3 0.4625 0.5234375 0.0140625 0.04375
3 0.4984375 0.5328125 0.0171875 0.0375
3 0.528125 0.521875 0.028125 0.0546875
3 0.578125 0.525 0.0203125 0.05
3 0.6171875 0.509375 0.0390625 0.0625
3 0.6578125 0.5171875 0.0203125 0.053125
3 0.6875 0.50625 0.015625 0.0578125
3 0.71875 0.515625 0.0203125 0.0609375
3 0.75 0.528125 0.015625 0.0359375
3 0.815625 0.51875 0.0203125 0.046875
3 0.8421875 0.509375 0.015625 0.034375
3 0.875 0.528125 0.025 0.0359375
3 0.915625 0.5203125 0.01875 0.046875
3 0.94375 0.515625 0.015625 0.046875
11 0.978125 0.528125 0.025 0.0609375
11 0.1375 0.6359375 0.04375 0.046875
11 0.203125 0.615625 0.0359375 0.040625
2 0.25 0.6265625 0.01875 0.0265625
11 0.646875 0.6125 0.0203125 0.05
2 0.69375 0.628125 0.0359375 0.03125
11 0.275 0.6125 0.0265625 0.05
11 0.3640625 0.63125 0.0171875 0.04375
11 0.4390625 0.6265625 0.025 0.0546875
11 0.5 0.634375 0.03125 0.046875
11 0.5765625 0.634375 0.034375 0.0375
11 0.73125 0.61875 0.025 0.046875
11 0.809375 0.628125 0.0296875 0.0375
11 0.8859375 0.625 0.025 0.0375
3 0.9484375 0.63125 0.028125 0.0484375
0 0.053125 0.71875 0.0203125 0.0515625
2 0.096875 0.7125 0.01875 0.040625
3 0.1328125 0.71875 0.01875 0.0515625
3 0.1703125 0.709375 0.015625 0.0578125
3 0.20625 0.725 0.0203125 0.0421875
3 0.2375 0.7078125 0.0234375 0.0671875
3 0.275 0.71875 0.0265625 0.0359375
3 0.3125 0.7125 0.0171875 0.05
3 0.365625 0.73125 0.0140625 0.034375
3 0.396875 0.71875 0.0171875 0.0515625
2 0.4203125 0.728125 0.0234375 0.03125
3 0.440625 0.734375 0.0140625 0.034375
3 0.471875 0.7234375 0.021875 0.034375
3 0.496875 0.7375 0.03125 0.028125
3 0.534375 0.728125 0.025 0.053125
3 0.58125 0.7234375 0.021875 0.0375
3 0.6140625 0.70625 0.025 0.05
3 0.6484375 0.71875 0.021875 0.04375
3 0.6875 0.709375 0.0359375 0.05625
3 0.715625 0.721875 0.0234375 0.046875
3 0.7578125 0.7125 0.0296875 0.0625
3 0.8125 0.7328125 0.0296875 0.0421875
3 0.846875 0.721875 0.0296875 0.0625
2 0.8625 0.725 0.021875 0.0359375
3 0.884375 0.734375 0.0171875 0.034375
3 0.91875 0.725 0.0203125 0.0421875
3 0.95 0.7375 0.0140625 0.04375
3 0.984375 0.7234375 0.015625 0.046875
2 0.290625 0.6875 0.021875 0.03125
2 0.7328125 0.690625 0.021875 0.0375
14 0.0484375 0.621875 0.05625 0.09375
2 0.09375 0.6015625 0.0234375 0.0375
0 0.0515625 0.5109375 0.0296875 0.0609375
2 0.09375 0.50625 0.021875 0.0375
14 0.059375 0.825 0.0484375 0.0765625
2 0.096875 0.8046875 0.028125 0.0359375
0 0.053125 0.9125 0.028125 0.0671875
2 0.0921875 0.9125 0.0203125 0.040625
2 0.121875 0.925 0.0203125 0.040625
3 0.375 0.91875 0.034375 0.075
3 0.34375 0.934375 0.01875 0.053125
3 0.40625 0.928125 0.0296875 0.0515625
2 0.428125 0.89375 0.0265625 0.0328125
3 0.565625 0.9125 0.021875 0.0546875
3 0.596875 0.903125 0.0234375 0.065625
2 0.628125 0.909375 0.01875 0.0265625
3 0.646875 0.91875 0.0140625 0.0609375
3 0.678125 0.9140625 0.028125 0.0703125
3 0.7125 0.915625 0.0140625 0.0421875
2 0.728125 0.8953125 0.0203125 0.0359375
3 0.759375 0.903125 0.0234375 0.05625
3 0.809375 0.91875 0.0171875 0.0546875
2 0.8265625 0.890625 0.0203125 0.0265625
11 0.140625 0.828125 0.0234375 0.06875
11 0.2 0.83125 0.0484375 0.0484375
11 0.259375 0.83125 0.03125 0.0625
11 0.346875 0.834375 0.0234375 0.0671875
11 0.4 0.828125 0.0390625 0.0609375
11 0.478125 0.828125 0.0328125 0.0625
11 0.565625 0.8296875 0.0390625 0.0875
11 0.64375 0.81875 0.01875 0.065625
11 0.7125 0.8140625 0.0296875 0.0578125
11 0.8 0.8125 0.04375 0.059375
11 0.88125 0.8125 0.0421875 0.0578125
11 0.94375 0.8125 0.040625 0.0546875
3 0.140625 0.93125 0.021875 0.0578125
3 0.165625 0.915625 0.0171875 0.0625
3 0.196875 0.925 0.0328125 0.0578125
3 0.23125 0.921875 0.01875 0.0796875
3 0.265625 0.928125 0.0234375 0.0671875
3 0.290625 0.925 0.03125 0.0828125
3 0.45 0.90625 0.028125 0.0703125
3 0.478125 0.915625 0.0171875 0.053125
3 0.509375 0.903125 0.028125 0.0625
3 0.85 0.9078125 0.015625 0.0515625
3 0.88125 0.925 0.0171875 0.0453125
3 0.909375 0.9125 0.0265625 0.0734375
3 0.9453125 0.93125 0.01875 0.0515625
3 0.978125 0.9265625 0.021875 0.0546875