14 0.871875 0.78125 0.05 0.096875
2 0.8375 0.80625 0.015625 0.0390625
11 0.775 0.778125 0.028125 0.0453125
11 0.70625 0.79375 0.0390625 0.0375
11 0.6484375 0.784375 0.05 0.0515625
11 0.5640625 0.784375 0.040625 0.0453125
11 0.5109375 0.775 0.034375 0.04375
11 0.45 0.775 0.04375 0.0375
11 0.3640625 0.784375 0.028125 0.046875
11 0.30625 0.7953125 0.0265625 0.0453125
11 0.2484375 0.7890625 0.0296875 0.0328125
11 0.175 0.784375 0.0328125 0.04375
11 0.11875 0.775 0.053125 0.05
11 0.05 0.78125 0.0234375 0.0375
0 0.88125 0.684375 0.034375 0.05
2 0.840625 0.6953125 0.021875 0.046875
3 0.765625 0.684375 0.0296875 0.0625
3 0.73125 0.69375 0.025 0.0453125
3 0.7046875 0.684375 0.0140625 0.053125
3 0.68125 0.6875 0.01875 0.0515625
3 0.653125 0.675 0.025 0.0421875
3 0.61875 0.68125 0.0203125 0.0515625
3 0.571875 0.66875 0.028125 0.0359375
3 0.5375 0.6875 0.01875 0.0484375
3 0.503125 0.684375 0.0203125 0.0515625
3 0.471875 0.69375 0.0171875 0.0453125
3 0.446875 0.684375 0.0203125 0.0640625
3 0.421875 0.690625 0.0203125 0.0421875
3 0.365625 0.66875 0.01875 0.04375
3 0.340625 0.68125 0.0140625 0.05625
3 0.309375 0.678125 0.015625 0.05
3 0.275 0.6875 0.0140625 0.034375
3 0.25 0.675 0.0265625 0.0328125
3 0.21875 0.6921875 0.015625 0.0640625
3 0.16875 0.6671875 0.0171875 0.0390625
3 0.1421875 0.690625 0.0109375 0.0671875
3 0.103125 0.675 0.0140625 0.053125
3 0.075 0.690625 0.0203125 0.0328125
3 0.0453125 0.684375 0.0171875 0.046875
3 0.0125 0.690625 0.015625 0.028125
14 0.940625 0.584375 0.0328125 0.0859375
2 0.90625 0.6 0.03125 0.0328125
11 0.859375 0.584375 0.028125 0.0453125
11 0.796875 0.584375 0.025 0.0609375
11 0.734375 0.575 0.0359375 0.053125
11 0.646875 0.56875 0.034375 0.040625
11 0.5734375 0.578125 0.0328125 0.046875
11 0.503125 0.578125 0.046875 0.0515625
11 0.403125 0.58125 0.0546875 0.0453125
11 0.3390625 0.5875 0.0375 0.034375
11 0.28125 0.571875 0.025 0.0359375
11 0.19375 0.571875 0.040625 0.04375
11 0.1171875 0.584375 0.0421875 0.04375
3 0.053125 0.5796875 0.03125 0.046875
3 0.8671875 0.471875 0.034375 0.046875
3 0.83125 0.490625 0.025 0.0859375
3 0.8 0.484375 0.0265625 0.0515625
3 0.765625 0.49375 0.025 0.0609375
3 0.73125 0.49375 0.0140625 0.0625
3 0.7 0.5 0.009375 0.0515625
3 0.63125 0.471875 0.0171875 0.0671875
3 0.6046875 0.490625 0.0125 0.0390625
3 0.575 0.471875 0.021875 0.046875
3 0.540625 0.4765625 0.0140625 0.04375
3 0.503125 0.4671875 0.0171875 0.0390625
3 0.4734375 0.478125 0.0296875 0.05625
3 0.421875 0.475 0.021875 0.0515625
3 0.3828125 0.490625 0.0390625 0.0625
3 0.3421875 0.4828125 0.021875 0.0546875
3 0.3109375 0.49375 0.015625 0.059375
3 0.28125 0.484375 0.021875 0.0609375
3 0.246875 0.471875 0.0171875 0.0375
3 0.1828125 0.48125 0.0203125 0.0484375
3 0.15625 0.490625 0.0140625 0.034375
3 0.121875 0.471875 0.025 0.0375
3 0.08125 0.4796875 0.01875 0.0484375
3 0.053125 0.484375 0.015625 0.0484375
11 0.01875 0.471875 0.025 0.0609375
11 0.8671875 0.3625 0.04375 0.0484375
11 0.8 0.3828125 0.0359375 0.0421875
2 0.7546875 0.371875 0.01875 0.028125
11 0.353125 0.3875 0.021875 0.05
2 0.3046875 0.371875 0.0375 0.03125
11 0.728125 0.3859375 0.0265625 0.05
11 0.6390625 0.36875 0.0171875 0.0453125
11 0.5625 0.371875 0.025 0.0546875
11 0.503125 0.365625 0.0328125 0.0484375
11 0.425 0.365625 0.034375 0.0375
11 0.2671875 0.38125 0.025 0.046875
11 0.1890625 0.3703125 0.03125 0.0390625
11 0.1109375 0.375 0.025 0.0375
3 0.046875 0.36875 0.028125 0.05
0 0.953125 0.2796875 0.021875 0.0515625
2 0.909375 0.284375 0.01875 0.040625
3 0.8734375 0.2796875 0.01875 0.0515625
3 0.8359375 0.2890625 0.015625 0.0578125
3 0.7984375 0.2734375 0.0203125 0.04375
3 0.76875 0.290625 0.0234375 0.0671875
3 0.7296875 0.278125 0.028125 0.0359375
3 0.6921875 0.2875 0.01875 0.05
3 0.6375 0.2671875 0.0140625 0.034375
3 0.60625 0.2796875 0.0171875 0.053125
2 0.5828125 0.2703125 0.0234375 0.03125
3 0.5625 0.2625 0.0140625 0.034375
3 0.5296875 0.275 0.0203125 0.034375
3 0.5046875 0.259375 0.03125 0.028125
3 0.4671875 0.271875 0.025 0.053125
3 0.41875 0.275 0.021875 0.0375
3 0.3875 0.290625 0.0265625 0.0515625
3 0.3515625 0.2796875 0.021875 0.0453125
3 0.3125 0.290625 0.0375 0.0546875
3 0.284375 0.275 0.0234375 0.046875
3 0.240625 0.284375 0.0296875 0.0625
3 0.1859375 0.265625 0.0296875 0.0421875
3 0.1515625 0.278125 0.0296875 0.0625
2 0.134375 0.271875 0.021875 0.0375
3 0.1125 0.2640625 0.01875 0.0359375
3 0.078125 0.271875 0.0203125 0.04375
3 0.046875 0.259375 0.0140625 0.04375
3 0.0125 0.275 0.015625 0.046875
2 0.7140625 0.309375 0.021875 0.0328125
2 0.265625 0.309375 0.021875 0.0390625
14 0.959375 0.378125 0.05625 0.0953125
2 0.9125 0.396875 0.0234375 0.0375
0 0.95625 0.4890625 0.03125 0.0609375
2 0.9125 0.49375 0.021875 0.0375
14 0.946875 0.171875 0.0484375 0.078125
2 0.909375 0.19375 0.0296875 0.0375
0 0.9546875 0.0828125 0.0296875 0.0671875
2 0.915625 0.0828125 0.021875 0.040625
2 0.884375 0.071875 0.0203125 0.040625
3 0.628125 0.078125 0.034375 0.075
3 0.6609375 0.0625 0.01875 0.053125
3 0.596875 0.06875 0.03125 0.0515625
2 0.575 0.1015625 0.0265625 0.034375
3 0.4359375 0.084375 0.021875 0.0546875
3 0.403125 0.09375 0.025 0.065625
2 0.371875 0.0859375 0.0171875 0.0265625
3 0.353125 0.075 0.015625 0.0609375
3 0.321875 0.08125 0.0296875 0.071875
3 0.2875 0.08125 0.0140625 0.0421875
2 0.271875 0.1 0.021875 0.0359375
3 0.240625 0.0921875 0.0234375 0.05625
3 0.1890625 0.0765625 0.0171875 0.0546875
2 0.171875 0.1046875 0.0203125 0.0265625
11 0.865625 0.16875 0.0234375 0.06875
11 0.80625 0.165625 0.05 0.0484375
11 0.74375 0.165625 0.03125 0.0625
11 0.65625 0.1625 0.025 0.0671875
11 0.603125 0.16875 0.0390625 0.0625
11 0.525 0.16875 0.0328125 0.0625
11 0.434375 0.1671875 0.0390625 0.0875
11 0.35625 0.178125 0.0203125 0.065625
11 0.2859375 0.1828125 0.0296875 0.0578125
11 0.196875 0.184375 0.04375 0.0609375
11 0.115625 0.184375 0.0421875 0.0578125
11 0.053125 0.184375 0.040625 0.05625
3 0.865625 0.065625 0.021875 0.0578125
3 0.840625 0.08125 0.0171875 0.0640625
3 0.8078125 0.071875 0.034375 0.0578125
3 0.775 0.075 0.01875 0.08125
3 0.740625 0.06875 0.0234375 0.0671875
3 0.7125 0.071875 0.03125 0.084375
3 0.553125 0.090625 0.028125 0.0703125
3 0.525 0.08125 0.015625 0.053125
3 0.490625 0.09375 0.028125 0.0640625
3 0.146875 0.0875 0.015625 0.0515625
3 0.115625 0.071875 0.0171875 0.046875
3 0.0875 0.084375 0.0265625 0.0734375
3 0.05 0.065625 0.01875 0.0515625
3 0.01875 0.06875 0.021875 0.05625