14 0.090625 0.2125 0.065625 0.321875
11 0.2234375 0.253125 0.0375 0.1625
11 0.271875 0.2375 0.0375 0.16875
11 0.31875 0.221875 0.03125 0.175
11 0.365625 0.221875 0.0421875 0.1703125
11 0.440625 0.2234375 0.04375 0.18125
11 0.528125 0.25625 0.04375 0.175
11 0.575 0.225 0.0421875 0.1796875
11 0.65 0.178125 0.034375 0.1734375
3 0.753125 0.2015625 0.0515625 0.175
3 0.79375 0.203125 0.04375 0.175
5 0.915625 0.159375 0.0546875 0.1296875
12 0.48125 0.209375 0.0296875 0.1296875
12 0.690625 0.2125 0.0296875 0.11875
12 0.83125 0.2109375 0.03125 0.121875