1 0.06875 0.765625 0.0078125 0.0328125
1 0.078125 0.7875 0.0078125 0.034375
1 0.06875 0.5640625 0.0078125 0.034375
1 0.078125 0.5875 0.009375 0.0359375
1 0.06875 0.3625 0.0078125 0.0328125
1 0.078125 0.3828125 0.0078125 0.0328125
1 0.078125 0.178125 0.0078125 0.0328125
1 0.06875 0.159375 0.009375 0.034375
14 0.053125 0.15625 0.021875 0.10625
14 0.05 0.359375 0.0234375 0.10625
14 0.05 0.559375 0.0234375 0.1015625
14 0.053125 0.7625 0.021875 0.103125
3 0.1125 0.759375 0.015625 0.059375
3 0.1375 0.76875 0.0171875 0.0703125
3 0.165625 0.7640625 0.0171875 0.059375
3 0.190625 0.7671875 0.01875 0.078125
3 0.221875 0.76875 0.015625 0.0546875
3 0.2484375 0.775 0.01875 0.0703125
3 0.275 0.76875 0.015625 0.05625
3 0.303125 0.78125 0.01875 0.0796875
3 0.3484375 0.74375 0.0140625 0.053125
3 0.3734375 0.75 0.015625 0.071875
3 0.4 0.74375 0.015625 0.05625
3 0.428125 0.7484375 0.0171875 0.0703125
3 0.45625 0.746875 0.0140625 0.0578125
3 0.48125 0.7546875 0.015625 0.0703125
3 0.5109375 0.746875 0.015625 0.0546875
3 0.534375 0.7546875 0.015625 0.0703125
3 0.5765625 0.759375 0.015625 0.059375
3 0.6 0.76875 0.0171875 0.0703125
3 0.6296875 0.7625 0.015625 0.05625
3 0.6546875 0.771875 0.01875 0.075
3 0.6859375 0.7703125 0.015625 0.0546875
3 0.7125 0.778125 0.0203125 0.0671875
3 0.7390625 0.76875 0.01875 0.05625
3 0.765625 0.778125 0.0203125 0.075
3 0.759375 0.553125 0.0203125 0.071875
3 0.7328125 0.546875 0.0171875 0.05625
3 0.70625 0.55 0.0171875 0.0703125
3 0.6796875 0.546875 0.0140625 0.0546875
3 0.65 0.54375 0.0171875 0.0703125
3 0.625 0.540625 0.015625 0.053125
3 0.5984375 0.546875 0.015625 0.0703125
3 0.571875 0.540625 0.015625 0.05625
3 0.521875 0.540625 0.0171875 0.0671875
3 0.496875 0.534375 0.015625 0.0515625
3 0.46875 0.540625 0.0140625 0.06875
3 0.44375 0.534375 0.0171875 0.05
3 0.415625 0.575 0.0140625 0.053125
3 0.390625 0.56875 0.0140625 0.0625
3 0.3625 0.5765625 0.0140625 0.0578125
3 0.334375 0.56875 0.015625 0.065625
3 0.29375 0.5515625 0.015625 0.0703125
3 0.26875 0.5453125 0.015625 0.0578125
3 0.240625 0.55 0.015625 0.0703125
3 0.215625 0.5453125 0.015625 0.0546875
3 0.1859375 0.546875 0.0125 0.0671875
3 0.159375 0.540625 0.0140625 0.0515625
3 0.13125 0.546875 0.0140625 0.0671875
3 0.10625 0.540625 0.0171875 0.0515625
3 0.1 0.35625 0.015625 0.0546875
3 0.125 0.3671875 0.0203125 0.0765625
3 0.153125 0.35625 0.0171875 0.0609375
3 0.178125 0.36875 0.0171875 0.08125
3 0.2109375 0.35 0.015625 0.053125
3 0.2375 0.3609375 0.0140625 0.0734375
3 0.2640625 0.353125 0.015625 0.053125
3 0.290625 0.3640625 0.015625 0.078125
3 0.33125 0.35625 0.0171875 0.0546875
3 0.359375 0.365625 0.01875 0.078125
3 0.3875 0.359375 0.015625 0.059375
3 0.4140625 0.365625 0.0171875 0.078125
3 0.440625 0.365625 0.0125 0.053125
3 0.46875 0.3734375 0.015625 0.0703125
3 0.496875 0.365625 0.015625 0.053125
3 0.521875 0.375 0.0171875 0.078125
3 0.5625 0.35625 0.015625 0.05625
3 0.5890625 0.365625 0.0203125 0.075
3 0.615625 0.3578125 0.015625 0.053125
3 0.64375 0.36875 0.0203125 0.078125
3 0.678125 0.3515625 0.015625 0.0546875
3 0.703125 0.3625 0.015625 0.075
3 0.73125 0.353125 0.0171875 0.053125
3 0.75625 0.3625 0.0171875 0.0703125
3 0.740625 0.140625 0.015625 0.06875
3 0.715625 0.13125 0.015625 0.05
3 0.6875 0.140625 0.015625 0.071875
3 0.6625 0.1296875 0.015625 0.05
3 0.6328125 0.14375 0.0171875 0.0703125
3 0.60625 0.134375 0.0140625 0.053125
3 0.578125 0.1453125 0.015625 0.06875
3 0.553125 0.134375 0.015625 0.053125
3 0.5125 0.1390625 0.0125 0.06875
3 0.4875 0.1296875 0.01875 0.0453125
3 0.4609375 0.140625 0.015625 0.06875
3 0.434375 0.1296875 0.015625 0.0453125
3 0.40625 0.134375 0.0140625 0.06875
3 0.3796875 0.125 0.0140625 0.0484375
3 0.3515625 0.1328125 0.0140625 0.0671875
3 0.325 0.1234375 0.015625 0.046875
3 0.2875 0.140625 0.015625 0.0703125
3 0.259375 0.13125 0.0140625 0.0453125
3 0.234375 0.1390625 0.0140625 0.0671875
3 0.20625 0.1296875 0.0140625 0.046875
3 0.1796875 0.14375 0.015625 0.071875
3 0.153125 0.1359375 0.0140625 0.05
3 0.125 0.1453125 0.0140625 0.06875
3 0.0984375 0.134375 0.0171875 0.0515625
8 0.871875 0.1546875 0.0203125 0.0703125
11 0.834375 0.159375 0.021875 0.08125
11 0.7796875 0.165625 0.0171875 0.075
8 0.8859375 0.359375 0.015625 0.0765625
11 0.834375 0.3546875 0.0171875 0.08125
11 0.7953125 0.346875 0.0140625 0.078125
11 0.8 0.571875 0.015625 0.0703125
11 0.8359375 0.540625 0.0171875 0.065625
8 0.8875 0.546875 0.015625 0.0671875
8 0.884375 0.7625 0.015625 0.0703125
11 0.846875 0.75625 0.0171875 0.0734375