14 0.103125 0.2125 0.059375 0.296875
11 0.2265625 0.2484375 0.034375 0.15
11 0.2703125 0.2359375 0.034375 0.1546875
11 0.3125 0.221875 0.0296875 0.1609375
11 0.35625 0.221875 0.0390625 0.1578125
11 0.428125 0.221875 0.040625 0.1671875
11 0.5078125 0.253125 0.040625 0.1609375
11 0.55 0.2234375 0.0390625 0.165625
11 0.61875 0.18125 0.0328125 0.159375
3 0.7125 0.2015625 0.0484375 0.1609375
3 0.753125 0.203125 0.040625 0.1609375
5 0.8640625 0.1625 0.0515625 0.1203125
12 0.4640625 0.209375 0.0265625 0.1203125
12 0.65625 0.2125 0.028125 0.109375
12 0.7859375 0.2109375 0.0296875 0.1125