11 0.159375 0.0921875 0.015625 0.0515625
11 0.2046875 0.071875 0.0109375 0.0421875
11 0.278125 0.0859375 0.0140625 0.05625
11 0.340625 0.065625 0.0125 0.0625
3 0.3765625 0.0625 0.0203125 0.0609375
11 0.41875 0.0625 0.0140625 0.0640625
11 0.4453125 0.0625 0.021875 0.059375
11 0.46875 0.06875 0.0125 0.0625
11 0.49375 0.06875 0.0203125 0.0515625
11 0.54375 0.078125 0.009375 0.0515625
3 0.575 0.0578125 0.025 0.059375
11 0.596875 0.05625 0.0125 0.0625
11 0.634375 0.0359375 0.028125 0.059375
11 0.6765625 0.0671875 0.0125 0.0578125
11 0.7296875 0.06875 0.0109375 0.0421875
11 0.8140625 0.071875 0.0125 0.04375
11 0.878125 0.065625 0.015625 0.0546875
11 0.9203125 0.065625 0.025 0.05625
11 0.8875 0.178125 0.0171875 0.046875
11 0.815625 0.209375 0.021875 0.0640625
11 0.76875 0.20625 0.0203125 0.0625
11 0.734375 0.1875 0.0171875 0.0453125
11 0.6 0.2140625 0.0140625 0.053125
11 0.534375 0.1875 0.0125 0.0484375
11 0.471875 0.19375 0.0125 0.05
3 0.45 0.196875 0.025 0.053125
11 0.4171875 0.1953125 0.015625 0.0515625
11 0.334375 0.18125 0.015625 0.0421875
11 0.26875 0.1953125 0.015625 0.04375
11 0.2046875 0.190625 0.0125 0.0484375
11 0.159375 0.228125 0.0125 0.05
11 0.159375 0.3046875 0.0109375 0.0515625
11 0.209375 0.29375 0.0125 0.0515625
11 0.2703125 0.2921875 0.0125 0.0421875
3 0.309375 0.271875 0.028125 0.0578125
11 0.3375 0.26875 0.0171875 0.059375
3 0.3828125 0.2875 0.0265625 0.0625
11 0.41875 0.3 0.0125 0.0515625
3 0.453125 0.290625 0.0234375 0.0578125
11 0.475 0.290625 0.0125 0.0609375
3 0.5125 0.259375 0.021875 0.0640625
11 0.540625 0.26875 0.0171875 0.059375
3 0.575 0.2671875 0.0234375 0.0546875
11 0.603125 0.3 0.0125 0.0546875
3 0.646875 0.278125 0.0296875 0.05625
11 0.7375 0.2875 0.015625 0.046875
11 0.76875 0.290625 0.0125 0.0578125
11 0.8875 0.290625 0.015625 0.053125
3 0.9375 0.2921875 0.025 0.0578125
3 0.9421875 0.365625 0.0265625 0.053125
11 0.89375 0.3875 0.0171875 0.0453125
11 0.7703125 0.4 0.01875 0.0484375
11 0.7421875 0.3890625 0.0140625 0.0421875
11 0.60625 0.396875 0.0171875 0.05
11 0.54375 0.384375 0.0140625 0.0609375
3 0.5125 0.40625 0.0265625 0.053125
11 0.48125 0.396875 0.0171875 0.059375
3 0.45625 0.3921875 0.0265625 0.0546875
11 0.425 0.396875 0.0125 0.0640625
3 0.3875 0.415625 0.025 0.0515625
11 0.3421875 0.4140625 0.0125 0.0546875
3 0.315625 0.403125 0.028125 0.0640625
11 0.2796875 0.409375 0.015625 0.0546875
11 0.1203125 0.6375 0.015625 0.065625
3 0.1546875 0.63125 0.025 0.05625
11 0.178125 0.64375 0.015625 0.0609375
11 0.40625 0.6234375 0.0140625 0.0546875
3 0.440625 0.6125 0.025 0.0625
11 0.465625 0.615625 0.0109375 0.0546875
11 0.5375 0.60625 0.0125 0.059375
11 0.584375 0.6234375 0.0125 0.05
11 0.60625 0.6046875 0.0140625 0.0515625
11 0.65 0.6171875 0.0109375 0.0578125
11 0.7015625 0.60625 0.0125 0.0484375
11 0.7046875 0.7390625 0.0140625 0.0515625
11 0.653125 0.728125 0.015625 0.053125
11 0.59375 0.759375 0.0140625 0.0625
11 0.534375 0.71875 0.015625 0.05
11 0.45625 0.740625 0.0125 0.0484375
11 0.428125 0.7421875 0.0140625 0.0546875
11 0.403125 0.75 0.015625 0.04375
11 0.3515625 0.74375 0.0140625 0.046875
11 0.321875 0.7375 0.015625 0.04375
11 0.2109375 0.73125 0.0125 0.0484375
11 0.18125 0.73125 0.015625 0.053125
11 0.115625 0.73125 0.009375 0.0515625
11 0.18125 0.8546875 0.0203125 0.05625
11 0.21875 0.85 0.015625 0.0609375
11 0.33125 0.8515625 0.0140625 0.0546875
11 0.3625 0.8375 0.015625 0.040625
11 0.409375 0.840625 0.015625 0.059375
11 0.434375 0.8265625 0.015625 0.0640625
11 0.4609375 0.840625 0.0140625 0.05
11 0.4921875 0.83125 0.0125 0.053125
11 0.540625 0.84375 0.015625 0.0546875
11 0.5984375 0.8375 0.0171875 0.059375
11 0.659375 0.83125 0.0203125 0.05
11 0.709375 0.83125 0.0171875 0.0546875
11 0.86875 0.9359375 0.0125 0.05625
11 0.8375 0.934375 0.015625 0.0578125
11 0.7140625 0.93125 0.015625 0.0453125
11 0.6625 0.9359375 0.0125 0.0453125
3 0.809375 0.928125 0.028125 0.05625
11 0.775 0.934375 0.0125 0.05
11 0.596875 0.93125 0.0140625 0.0453125
3 0.578125 0.9546875 0.0265625 0.059375
11 0.540625 0.953125 0.015625 0.0625
11 0.4625 0.9375 0.0125 0.053125
11 0.434375 0.9515625 0.0171875 0.053125
11 0.409375 0.940625 0.0140625 0.05
11 0.36875 0.9375 0.015625 0.046875
11 0.33125 0.965625 0.0140625 0.0609375
11 0.265625 0.940625 0.009375 0.04375
11 0.2125 0.959375 0.015625 0.0640625
11 0.18125 0.95 0.0140625 0.0640625
3 0.2328125 0.075 0.025 0.05
11 0.184375 0.090625 0.028125 0.05625
3 0.70625 0.0609375 0.0203125 0.05
3 0.7625 0.075 0.0234375 0.053125
3 0.8484375 0.05625 0.021875 0.053125
3 0.934375 0.175 0.0296875 0.0484375
3 0.8546875 0.1796875 0.0265625 0.046875
3 0.640625 0.2 0.0265625 0.05625
3 0.571875 0.203125 0.0203125 0.053125
3 0.5046875 0.1734375 0.021875 0.05625
3 0.378125 0.171875 0.021875 0.0515625
3 0.309375 0.1984375 0.0203125 0.05625
3 0.2375 0.196875 0.021875 0.0515625
3 0.184375 0.1859375 0.01875 0.0453125
3 0.190625 0.3 0.0234375 0.0578125
3 0.2453125 0.290625 0.021875 0.0515625
3 0.646875 0.40625 0.0234375 0.0578125
3 0.578125 0.396875 0.0234375 0.0515625
3 0.21875 0.61875 0.0296875 0.05
3 0.3125 0.6125 0.0109375 0.046875
3 0.340625 0.609375 0.0109375 0.05
3 0.5609375 0.61875 0.0203125 0.046875
3 0.68125 0.60625 0.021875 0.05
3 0.734375 0.603125 0.0234375 0.05
3 0.815625 0.6015625 0.0078125 0.0453125
3 0.85625 0.6375 0.0125 0.053125
3 0.74375 0.746875 0.021875 0.053125
3 0.68125 0.721875 0.0203125 0.053125
3 0.628125 0.73125 0.01875 0.0515625
3 0.56875 0.759375 0.025 0.0609375
3 0.271875 0.7328125 0.0125 0.05
3 0.25 0.728125 0.009375 0.04375
3 0.153125 0.725 0.021875 0.0515625
3 0.2515625 0.85 0.009375 0.065625
3 0.28125 0.8546875 0.0109375 0.059375
3 0.6296875 0.83125 0.0203125 0.04375
3 0.675 0.834375 0.009375 0.05
3 0.6890625 0.8375 0.0140625 0.05625
3 0.746875 0.934375 0.0234375 0.0515625
3 0.6875 0.93125 0.01875 0.0453125
3 0.63125 0.9265625 0.0265625 0.0484375
3 0.3 0.95 0.0234375 0.0546875
8 0.6796875 0.196875 0.028125 0.0640625
8 0.684375 0.278125 0.025 0.06875
8 0.825 0.290625 0.0296875 0.0546875
8 0.825 0.38125 0.028125 0.05625
8 0.690625 0.3921875 0.0265625 0.0515625
8 0.178125 0.4234375 0.034375 0.06875
8 0.2671875 0.6171875 0.028125 0.059375
8 0.784375 0.6015625 0.0265625 0.0515625
8 0.7859375 0.75 0.0234375 0.059375
8 0.790625 0.8375 0.021875 0.0671875
3 0.7515625 0.8328125 0.028125 0.065625
8 0.128125 0.8546875 0.0296875 0.0796875
5 0.134375 0.953125 0.025 0.078125
5 0.9390625 0.95 0.03125 0.04375
5 0.940625 0.8125 0.0296875 0.040625
5 0.9375 0.75625 0.0265625 0.0390625
5 0.940625 0.6046875 0.028125 0.0421875
2 0.115625 0.053125 0.015625 0.0421875
2 0.2625 0.075 0.0125 0.0421875
2 0.296875 0.0765625 0.0125 0.0390625
2 0.528125 0.0671875 0.0109375 0.040625
2 0.75 0.221875 0.0109375 0.0359375
2 0.553125 0.221875 0.0125 0.034375
2 0.4875 0.196875 0.0078125 0.0359375
2 0.403125 0.184375 0.009375 0.0375
2 0.115625 0.1703125 0.015625 0.0328125
2 0.1125 0.28125 0.0140625 0.0375
2 0.4921875 0.246875 0.0109375 0.0296875
2 0.7171875 0.40625 0.0203125 0.0421875
2 0.4125 0.378125 0.0109375 0.0328125
2 0.09375 0.603125 0.0171875 0.034375
2 0.0953125 0.715625 0.021875 0.0390625
2 0.725 0.771875 0.015625 0.03125
2 0.91875 0.7625 0.0125 0.0390625
2 0.840625 0.65625 0.0109375 0.034375
2 0.8671875 0.646875 0.0078125 0.025
2 0.2921875 0.8484375 0.009375 0.034375
2 0.2515625 0.959375 0.015625 0.0390625
2 0.09375 0.83125 0.0171875 0.0453125
2 0.1125 0.9375 0.0140625 0.040625
2 0.0921875 0.94375 0.0125 0.046875
13 0.5109375 0.95 0.0171875 0.0546875
13 0.4953125 0.946875 0.0125 0.065625
13 0.265625 0.853125 0.009375 0.0734375
13 0.303125 0.8609375 0.0125 0.05625
13 0.5015625 0.71875 0.009375 0.053125
13 0.4890625 0.7125 0.0109375 0.0546875
13 0.2625 0.7296875 0.009375 0.046875
13 0.2890625 0.734375 0.0125 0.0578125
13 0.328125 0.609375 0.009375 0.0515625
13 0.359375 0.6109375 0.0171875 0.053125
13 0.4859375 0.621875 0.009375 0.0578125
13 0.5 0.6125 0.0125 0.0625
13 0.828125 0.625 0.009375 0.096875
13 0.878125 0.63125 0.0125 0.0515625
13 0.3078125 0.09375 0.009375 0.0609375
13 0.321875 0.0984375 0.0140625 0.0578125
3 0.571875 0.8421875 0.025 0.0578125
9 0.85 0.834375 0.021875 0.0234375
9 0.8515625 0.7203125 0.025 0.0234375
9 0.2234375 0.4078125 0.01875 0.028125
14 0.096875 0.1 0.0171875 0.096875
14 0.0953125 0.2125 0.0203125 0.0859375
14 0.071875 0.64375 0.01875 0.09375
14 0.0734375 0.75625 0.0203125 0.0890625
0 0.053125 0.9484375 0.0390625 0.08125
0 0.08125 0.403125 0.0375 0.071875
4 0.103125 0.328125 0.021875 0.0515625
4 0.075 0.8765625 0.0265625 0.0546875