0 0.053125 0.9 0.0390625 0.0453125
0 0.053125 0.103125 0.0375 0.0453125
11 0.171875 0.8125 0.028125 0.05
3 0.146875 0.275 0.0296875 0.05
3 0.4484375 0.5296875 0.03125 0.046875
11 0.2640625 0.8125 0.0296875 0.05
3 0.959375 0.8125 0.0296875 0.05
3 0.54375 0.53125 0.0328125 0.046875
3 0.725 0.546875 0.0296875 0.0515625
0 0.053125 0.375 0.0375 0.046875
0 0.053125 0.640625 0.0390625 0.046875
3 0.3890625 0.815625 0.0296875 0.05
3 0.640625 0.5296875 0.034375 0.046875
11 0.390625 0.528125 0.028125 0.05
7 0.5875 0.115625 0.0359375 0.0515625
3 0.721875 0.275 0.0296875 0.0515625
11 0.9078125 0.8125 0.0296875 0.05
3 0.3109375 0.8140625 0.0296875 0.05
11 0.43125 0.809375 0.0296875 0.0515625
11 0.484375 0.53125 0.028125 0.046875
3 0.140625 0.8140625 0.0296875 0.0515625
3 0.390625 0.278125 0.028125 0.0484375
3 0.571875 0.796875 0.0359375 0.05
3 0.79375 0.8125 0.028125 0.0515625
3 0.484375 0.8125 0.0296875 0.0515625
11 0.0953125 0.8125 0.028125 0.05
14 0.053125 0.26875 0.0390625 0.0796875
7 0.775 0.646875 0.03125 0.05
3 0.21875 0.815625 0.0296875 0.05
11 0.0953125 0.2734375 0.028125 0.05
11 0.3390625 0.26875 0.028125 0.05
11 0.971875 0.2734375 0.0296875 0.05
11 0.5875 0.5296875 0.0265625 0.046875
14 0.053125 0.5375 0.0375 0.078125
7 0.615625 0.90625 0.034375 0.0515625
7 0.265625 0.8984375 0.034375 0.05
7 0.775 0.10625 0.0359375 0.053125
14 0.046875 0.803125 0.0375 0.0796875
7 0.775 0.375 0.0359375 0.0546875
11 0.259375 0.2671875 0.03125 0.0515625
10 0.83125 0.8125 0.0375 0.0515625
10 0.2640625 0.3703125 0.03125 0.05
7 0.4359375 0.9140625 0.034375 0.05
11 0.5140625 0.815625 0.028125 0.0484375
11 0.340625 0.8125 0.028125 0.0484375
10 0.0984375 0.378125 0.0390625 0.053125
11 0.671875 0.546875 0.028125 0.046875
7 0.421875 0.1 0.034375 0.05
7 0.1 0.896875 0.034375 0.05
10 0.309375 0.534375 0.0328125 0.0515625
11 0.6671875 0.271875 0.03125 0.0484375
7 0.775 0.540625 0.0328125 0.05
7 0.6171875 0.796875 0.034375 0.053125
12 0.5 0.375 0.021875 0.040625
3 0.30625 0.275 0.0296875 0.0515625
10 0.1875 0.278125 0.0375 0.0484375
7 0.778125 0.25625 0.0328125 0.046875
12 0.5 0.2640625 0.021875 0.040625
10 0.1828125 0.378125 0.0375 0.0515625
11 0.746875 0.809375 0.028125 0.0484375
7 0.24375 0.0984375 0.0328125 0.0484375
10 0.909375 0.909375 0.034375 0.053125
7 0.90625 0.378125 0.0359375 0.0515625
10 0.4375 0.36875 0.0328125 0.05
10 0.4375 0.271875 0.034375 0.0484375
7 0.2328125 0.6375 0.0328125 0.05
12 0.665625 0.378125 0.0265625 0.04375
10 0.603125 0.3671875 0.0328125 0.0484375
9 0.15 0.1 0.0296875 0.0234375
7 0.1 0.5296875 0.034375 0.05
10 0.915625 0.64375 0.0375 0.05
7 0.1 0.634375 0.034375 0.046875
12 0.9828125 0.64375 0.021875 0.0375
10 0.909375 0.0984375 0.034375 0.05
12 0.98125 0.534375 0.021875 0.0390625
10 0.48125 0.65625 0.0359375 0.05
10 0.746875 0.8953125 0.0359375 0.0484375
10 0.9140625 0.5390625 0.0359375 0.05
10 0.390625 0.65625 0.0359375 0.0484375
10 0.5875 0.65625 0.0328125 0.0484375
10 0.34375 0.375 0.0359375 0.053125
10 0.23125 0.5328125 0.0328125 0.05
10 0.6078125 0.271875 0.0359375 0.0453125
10 0.9109375 0.25625 0.034375 0.0484375
10 0.675 0.65625 0.0359375 0.05
10 0.83125 0.896875 0.034375 0.0484375