11 0.909375 0.7796875 0.0421875 0.0796875
3 0.7875 0.790625 0.0703125 0.090625
3 0.696875 0.7953125 0.0359375 0.06875
3 0.625 0.8015625 0.0453125 0.0703125
3 0.7015625 0.58125 0.05 0.0703125
3 0.61875 0.571875 0.0546875 0.0765625
3 0.53125 0.5796875 0.0390625 0.0953125
3 0.2453125 0.5625 0.046875 0.0765625
3 0.165625 0.5640625 0.0375 0.0703125
3 0.075 0.58125 0.0515625 0.08125
3 0.3140625 0.4 0.0484375 0.09375
3 0.1984375 0.40625 0.034375 0.0765625
3 0.096875 0.4078125 0.040625 0.06875
11 0.346875 0.190625 0.05625 0.0734375
3 0.21875 0.1890625 0.05 0.0890625
3 0.146875 0.18125 0.05 0.078125
3 0.0671875 0.1984375 0.0625 0.0890625
3 0.94375 0.015625 0.0421875 0.0296875
3 0.85234375 0.009375 0.0234375 0.01875
8 0.4875 0.75625 0.0671875 0.1015625
8 0.1796875 0.790625 0.078125 0.09375
8 0.778125 0.2 0.0703125 0.078125
8 0.5625 0.203125 0.059375 0.0796875
3 0.771875 0.015625 0.046875 0.03125
8 0.6375 0.015625 0.05 0.03125
11 0.346875 0.75625 0.059375 0.0875
11 0.840625 0.5953125 0.0328125 0.08125
11 0.3875 0.58125 0.0375 0.078125
11 0.4875 0.390625 0.0453125 0.08125
11 0.940625 0.1671875 0.0484375 0.084375
11 0.25546875 0.009375 0.0546875 0.01875
11 0.140625 0.01875 0.053125 0.0375
11 0.3765625 0.015625 0.053125 0.0296875
6 0.6875 0.3921875 0.075 0.0390625