14 0.0484375 0.209375 0.08125 0.13125
11 0.209375 0.203125 0.0359375 0.06875
3 0.3125 0.19375 0.0609375 0.078125
3 0.390625 0.190625 0.03125 0.059375
3 0.453125 0.184375 0.0390625 0.0609375
3 0.3875 0.375 0.0421875 0.0609375
3 0.45625 0.38125 0.046875 0.0671875
3 0.534375 0.375 0.0328125 0.0828125
3 0.778125 0.390625 0.040625 0.0671875
3 0.846875 0.390625 0.03125 0.0609375
3 0.925 0.375 0.04375 0.0703125
3 0.71875 0.53125 0.0421875 0.08125
3 0.81875 0.525 0.0296875 0.0671875
3 0.90625 0.525 0.0359375 0.059375
11 0.690625 0.7125 0.0484375 0.0625
3 0.8015625 0.7140625 0.0421875 0.0765625
3 0.8625 0.7203125 0.0421875 0.0671875
3 0.93125 0.70625 0.053125 0.0765625
3 0.1796875 0.8890625 0.0390625 0.0703125
3 0.25625 0.8953125 0.0203125 0.071875
8 0.571875 0.221875 0.0578125 0.0875
8 0.8359375 0.19375 0.0671875 0.08125
8 0.05625 0.3578125 0.0328125 0.05625
8 0.046875 0.553125 0.040625 0.0625
8 0.05 0.715625 0.0453125 0.0859375
8 0.3203125 0.703125 0.0609375 0.0671875
8 0.50625 0.7015625 0.05 0.06875
3 0.328125 0.8859375 0.040625 0.0671875
8 0.44375 0.8875 0.0453125 0.0765625
11 0.6921875 0.225 0.0515625 0.0765625
11 0.265625 0.3625 0.028125 0.0703125
11 0.6578125 0.375 0.03125 0.06875
11 0.571875 0.5390625 0.0390625 0.0703125
11 0.18125 0.7328125 0.0421875 0.0734375
11 0.053125 0.88125 0.034375 0.0640625
11 0.771875 0.896875 0.04375 0.071875
11 0.8703125 0.8875 0.046875 0.08125
11 0.66875 0.890625 0.0484375 0.071875
6 0.4 0.5375 0.065625 0.0328125