14 0.0390625 0.209375 0.078125 0.1359375
11 0.203125 0.2046875 0.0375 0.0703125
3 0.309375 0.1953125 0.0609375 0.0796875
3 0.3875 0.190625 0.03125 0.0609375
3 0.453125 0.184375 0.040625 0.0625
3 0.384375 0.38125 0.04375 0.0625
3 0.45625 0.3875 0.0484375 0.0671875
3 0.534375 0.38125 0.034375 0.084375
3 0.784375 0.396875 0.0421875 0.06875
3 0.8546875 0.3953125 0.0328125 0.0625
3 0.934375 0.378125 0.0453125 0.071875
3 0.725 0.540625 0.04375 0.0828125
3 0.825 0.534375 0.03125 0.0671875
3 0.9140625 0.5328125 0.0359375 0.059375
11 0.6953125 0.725 0.05 0.0640625
3 0.8078125 0.725 0.04375 0.078125
3 0.8703125 0.7328125 0.04375 0.06875
3 0.940625 0.71875 0.0546875 0.078125
3 0.1734375 0.9046875 0.0390625 0.071875
3 0.253125 0.9125 0.0203125 0.071875
8 0.571875 0.225 0.059375 0.0890625
8 0.84375 0.19375 0.06875 0.0828125
8 0.046875 0.3625 0.0328125 0.0578125
8 0.0375 0.5625 0.040625 0.0625
8 0.040625 0.728125 0.046875 0.0875
8 0.3171875 0.715625 0.0625 0.0703125
8 0.50625 0.7125 0.0515625 0.0703125
3 0.325 0.9 0.0421875 0.06875
8 0.440625 0.903125 0.046875 0.078125
11 0.696875 0.2265625 0.0515625 0.078125
11 0.2609375 0.3671875 0.0296875 0.071875
11 0.6609375 0.378125 0.03125 0.0703125
11 0.571875 0.546875 0.040625 0.0703125
11 0.175 0.7453125 0.0421875 0.075
11 0.04375 0.896875 0.034375 0.065625
11 0.7765625 0.9125 0.046875 0.0734375
11 0.878125 0.903125 0.0484375 0.0828125
11 0.671875 0.90625 0.05 0.0734375
6 0.396875 0.546875 0.065625 0.034375