4 0.39375 0.078125 0.0359375 0.0421875
4 0.3359375 0.278125 0.0375 0.0359375
3 0.1515625 0.0734375 0.0375 0.08125
8 0.240625 0.08125 0.0296875 0.0640625
3 0.653125 0.084375 0.0328125 0.06875
8 0.7421875 0.090625 0.053125 0.0640625
3 0.025 0.290625 0.0484375 0.0765625
8 0.11875 0.2875 0.0390625 0.0625
3 0.58125 0.26875 0.0359375 0.071875
8 0.6796875 0.284375 0.040625 0.0609375
8 0.6734375 0.465625 0.0375 0.0671875
8 0.671875 0.69375 0.0421875 0.0609375
3 0.4171875 0.26875 0.0375 0.0734375
3 0.48125 0.08125 0.0578125 0.0640625
11 0.1328125 0.49375 0.040625 0.0640625
11 0.259375 0.4703125 0.040625 0.0625
11 0.40625 0.484375 0.03125 0.0609375
11 0.528125 0.4953125 0.0359375 0.05625
3 0.021875 0.66875 0.0421875 0.0609375
11 0.11875 0.6765625 0.0453125 0.065625
11 0.2625 0.678125 0.040625 0.0734375
11 0.4140625 0.684375 0.03125 0.075
11 0.5375 0.684375 0.0390625 0.0703125
3 0.059375 0.0734375 0.0375 0.071875
3 0.571875 0.0828125 0.0328125 0.065625
3 0.50625 0.2640625 0.05625 0.065625
3 0.025 0.4609375 0.0484375 0.06875