4 0.5125 0.396875 0.0359375 0.0375
3 0.596875 0.3875 0.04375 0.078125
3 0.028125 0.403125 0.04375 0.0609375
3 0.0265625 0.590625 0.05 0.059375
3 0.0265625 0.784375 0.040625 0.06875
4 0.571875 0.196875 0.034375 0.0421875
3 0.6515625 0.2 0.04375 0.0671875
4 0.065625 0.196875 0.0296875 0.0375
3 0.13125 0.190625 0.0453125 0.0671875
3 0.196875 0.40625 0.0375 0.071875
8 0.303125 0.403125 0.0484375 0.0640625
8 0.8515625 0.584375 0.03125 0.06875
3 0.825 0.1984375 0.0515625 0.065625
8 0.915625 0.2125 0.0359375 0.0640625
8 0.84375 0.8140625 0.0453125 0.065625
3 0.328125 0.1875 0.040625 0.071875
8 0.415625 0.2 0.0390625 0.0734375
3 0.75625 0.3859375 0.0375 0.078125
8 0.859375 0.403125 0.040625 0.0671875
11 0.296875 0.6078125 0.046875 0.0625
11 0.434375 0.596875 0.0421875 0.0546875
11 0.5796875 0.6015625 0.0375 0.065625
11 0.703125 0.6125 0.0453125 0.0546875
3 0.1953125 0.784375 0.03125 0.08125
11 0.3 0.7921875 0.0359375 0.06875
11 0.4375 0.796875 0.0359375 0.0671875
11 0.590625 0.803125 0.0375 0.065625
11 0.715625 0.8078125 0.046875 0.06875
3 0.2359375 0.1921875 0.04375 0.075
3 0.74375 0.20625 0.0390625 0.0671875
3 0.1125 0.403125 0.0359375 0.0671875
3 0.68125 0.3828125 0.0515625 0.075
3 0.1203125 0.5875 0.0375 0.0640625
3 0.203125 0.578125 0.0359375 0.065625
3 0.1171875 0.7796875 0.040625 0.075