4 0.403125 0.271875 0.0265625 0.0375
3 0.4640625 0.2640625 0.040625 0.059375
3 0.3609375 0.478125 0.046875 0.0625
3 0.359375 0.66875 0.0515625 0.0671875
4 0.265625 0.871875 0.0328125 0.0484375
3 0.35625 0.8625 0.0515625 0.0640625
4 0.846875 0.46875 0.0328125 0.0421875
3 0.9234375 0.465625 0.046875 0.0578125
14 0.21875 0.475 0.0484375 0.0953125
14 0.2171875 0.6765625 0.05625 0.1
14 0.21875 0.878125 0.0515625 0.0953125
14 0.325 0.271875 0.059375 0.096875
4 0.2640625 0.671875 0.034375 0.0484375
4 0.2640625 0.46875 0.0375 0.04375
4 0.9046875 0.271875 0.034375 0.0359375
11 0.634375 0.684375 0.0390625 0.0703125
11 0.7734375 0.6640625 0.046875 0.071875
11 0.9171875 0.678125 0.0375 0.071875
3 0.528125 0.8625 0.0375 0.0703125
11 0.634375 0.8703125 0.04375 0.078125
11 0.765625 0.871875 0.0453125 0.0703125
11 0.9234375 0.878125 0.040625 0.075
3 0.534375 0.48125 0.0546875 0.0859375
8 0.634375 0.478125 0.0484375 0.06875
3 0.6640625 0.26875 0.04375 0.075
8 0.753125 0.275 0.0421875 0.0703125
3 0.575 0.26875 0.05 0.0734375
3 0.45625 0.478125 0.0546875 0.078125
3 0.4625 0.646875 0.05 0.09375
3 0.5375 0.65 0.0453125 0.08125
3 0.453125 0.85625 0.0421875 0.0765625