14 0.359375 0.1703125 0.0484375 0.10625
14 0.25625 0.375 0.0515625 0.10625
14 0.25625 0.5734375 0.05 0.096875
14 0.253125 0.7734375 0.053125 0.090625
4 0.4375 0.1703125 0.0265625 0.03125
4 0.3 0.371875 0.021875 0.0390625
4 0.3 0.56875 0.0328125 0.034375
4 0.3 0.771875 0.0265625 0.0375
4 0.940625 0.16875 0.034375 0.0390625
4 0.88125 0.371875 0.0375 0.040625
3 0.503125 0.159375 0.0484375 0.0671875
3 0.39375 0.375 0.0453125 0.0671875
3 0.396875 0.5609375 0.0421875 0.06875
3 0.3890625 0.759375 0.04375 0.0671875
3 0.69375 0.159375 0.0359375 0.078125
8 0.7875 0.171875 0.0390625 0.0578125
3 0.56875 0.3828125 0.0359375 0.078125
8 0.671875 0.375 0.0328125 0.0640625
11 0.671875 0.578125 0.0296875 0.059375
11 0.80625 0.5625 0.0359375 0.0671875
11 0.946875 0.578125 0.0421875 0.0703125
11 0.66875 0.76875 0.0421875 0.075
11 0.803125 0.7703125 0.0359375 0.078125
11 0.95625 0.7734375 0.0453125 0.06875
3 0.6 0.16875 0.0359375 0.0734375
3 0.4859375 0.371875 0.040625 0.071875
3 0.4875 0.559375 0.0453125 0.075
3 0.565625 0.55 0.0546875 0.065625
3 0.484375 0.753125 0.0375 0.0640625
3 0.559375 0.759375 0.0390625 0.0625
3 0.9625 0.3609375 0.04375 0.065625