14 0.328125 0.196875 0.053125 0.103125
14 0.33125 0.403125 0.0578125 0.10625
3 0.471875 0.190625 0.0453125 0.0625
3 0.4703125 0.38125 0.046875 0.0640625
11 0.7484375 0.203125 0.03125 0.06875
11 0.875 0.184375 0.0375 0.065625
3 0.6375 0.38125 0.0390625 0.0609375
11 0.7421875 0.390625 0.034375 0.065625
11 0.878125 0.39375 0.0390625 0.06875
4 0.371875 0.19375 0.0328125 0.0421875
4 0.375 0.39375 0.0328125 0.0390625
3 0.5625 0.178125 0.0390625 0.0703125
3 0.64375 0.171875 0.040625 0.0734375
3 0.559375 0.378125 0.0328125 0.0609375