11 0.825 0.340625 0.046875 0.0703125
11 0.94375 0.325 0.046875 0.0703125
3 0.709375 0.515625 0.0390625 0.071875
11 0.809375 0.525 0.0421875 0.0765625
11 0.95 0.53125 0.0375 0.075
14 0.4 0.134375 0.0625 0.1
14 0.396875 0.33125 0.0640625 0.1078125
14 0.396875 0.5375 0.046875 0.1046875
4 0.446875 0.1265625 0.0328125 0.046875
4 0.44375 0.328125 0.0359375 0.0421875
4 0.446875 0.53125 0.0265625 0.0390625
3 0.5375 0.134375 0.05 0.059375
3 0.5375 0.325 0.046875 0.0640625
3 0.540625 0.5203125 0.0453125 0.06875
3 0.7109375 0.14375 0.046875 0.0625
8 0.8109375 0.1375 0.040625 0.0640625
3 0.6296875 0.1375 0.05625 0.075
3 0.63125 0.3125 0.0515625 0.0796875
3 0.7171875 0.309375 0.046875 0.06875
3 0.63125 0.515625 0.0515625 0.078125