14 0.08125 0.053125 0.0484375 0.1
14 0.078125 0.25625 0.0484375 0.0921875
14 0.08125 0.45625 0.0484375 0.0953125
4 0.1234375 0.053125 0.028125 0.046875
4 0.121875 0.253125 0.0328125 0.0359375
4 0.125 0.45625 0.0328125 0.0359375
4 0.7078125 0.05 0.034375 0.040625
3 0.221875 0.053125 0.0453125 0.0609375
3 0.221875 0.2453125 0.046875 0.059375
3 0.21875 0.44375 0.0421875 0.0703125
3 0.7875 0.04375 0.0453125 0.0640625
3 0.3890625 0.0625 0.040625 0.0671875
8 0.496875 0.065625 0.0421875 0.0640625
11 0.496875 0.265625 0.028125 0.0609375
11 0.628125 0.246875 0.0359375 0.06875
11 0.7765625 0.2578125 0.04375 0.071875
11 0.89375 0.2671875 0.0421875 0.06875
3 0.3875 0.440625 0.0453125 0.0765625
11 0.4953125 0.446875 0.05 0.0609375
11 0.628125 0.453125 0.046875 0.0765625
11 0.7875 0.459375 0.0390625 0.06875
11 0.903125 0.465625 0.0421875 0.071875
3 0.3171875 0.059375 0.053125 0.0828125
3 0.86875 0.0390625 0.0421875 0.06875
3 0.946875 0.040625 0.040625 0.0703125
3 0.3140625 0.24375 0.04375 0.0765625
3 0.39375 0.234375 0.0359375 0.0734375
3 0.3109375 0.434375 0.053125 0.065625