14 0.065625 0.078125 0.0703125 0.128125
14 0.06875 0.378125 0.065625 0.125
14 0.06875 0.6828125 0.0578125 0.1296875
0 0.06875 0.2015625 0.0640625 0.0671875
0 0.06875 0.503125 0.065625 0.0625
0 0.071875 0.8078125 0.0703125 0.0671875
8 0.1640625 0.0359375 0.0375 0.071875
13 0.221875 0.065625 0.0578125 0.08125
3 0.4953125 0.0640625 0.0359375 0.0875
3 0.5625 0.0375 0.0546875 0.075
13 0.8234375 0.053125 0.046875 0.090625
11 0.890625 0.065625 0.0375 0.08125
8 0.3875 0.359375 0.0359375 0.078125
13 0.609375 0.365625 0.046875 0.0796875
8 0.7796875 0.3375 0.0390625 0.0859375
2 0.51875 0.503125 0.0390625 0.046875
3 0.40625 0.0625 0.053125 0.0796875
3 0.453125 0.0640625 0.0515625 0.078125
3 0.6140625 0.071875 0.0546875 0.0875
3 0.65 0.0671875 0.0421875 0.0828125
2 0.6921875 0.203125 0.0359375 0.0359375
3 0.734375 0.184375 0.0515625 0.0875
3 0.784375 0.1734375 0.046875 0.0890625
3 0.828125 0.1625 0.0484375 0.0875
3 0.296875 0.184375 0.0546875 0.084375
3 0.3453125 0.175 0.0453125 0.08125
3 0.390625 0.165625 0.0390625 0.0828125
3 0.384375 0.5 0.0625 0.0828125
3 0.4375 0.51875 0.0546875 0.0828125
1 0.7109375 0.496875 0.028125 0.0484375
3 0.765625 0.5 0.0515625 0.08125
3 0.846875 0.50625 0.053125 0.0859375
3 0.8921875 0.5015625 0.03125 0.08125
13 0.446875 0.66875 0.0375 0.0796875
3 0.50625 0.640625 0.05625 0.0796875
3 0.546875 0.6390625 0.0390625 0.0828125
3 0.85625 0.6921875 0.059375 0.08125
3 0.7109375 0.8296875 0.04375 0.084375
3 0.759375 0.81875 0.040625 0.084375
3 0.80625 0.809375 0.040625 0.0828125
3 0.853125 0.8 0.0359375 0.084375
1 0.13125 0.2359375 0.03125 0.0546875
11 0.1640625 0.221875 0.0328125 0.0796875
11 0.55 0.221875 0.0296875 0.078125
11 0.603125 0.209375 0.028125 0.084375
11 0.653125 0.2453125 0.034375 0.08125
11 0.90625 0.36875 0.0375 0.08125
11 0.31875 0.48125 0.0375 0.0796875
11 0.9140625 0.8109375 0.0390625 0.0859375
2 0.24375 0.24375 0.046875 0.0453125
3 0.559375 0.375 0.04375 0.0828125
13 0.7375 0.05625 0.059375 0.078125
13 0.7859375 0.05625 0.0546875 0.08125
13 0.175 0.68125 0.0453125 0.0828125
13 0.225 0.66875 0.046875 0.0828125
13 0.278125 0.65625 0.05 0.084375
13 0.315625 0.653125 0.0390625 0.078125
13 0.4078125 0.678125 0.0515625 0.0796875
13 0.7125 0.6671875 0.046875 0.08125
13 0.759375 0.6578125 0.0484375 0.0828125
13 0.8015625 0.646875 0.046875 0.0859375
13 0.175 0.803125 0.0546875 0.075
13 0.275 0.78125 0.0515625 0.0828125
13 0.321875 0.78125 0.0375 0.0921875
13 0.409375 0.8015625 0.0578125 0.0796875
13 0.44375 0.803125 0.0421875 0.0796875
13 0.50625 0.803125 0.0546875 0.084375