14 0.1078125 0.1140625 0.0671875 0.121875
14 0.109375 0.4 0.0625 0.11875
14 0.1109375 0.6875 0.0546875 0.121875
0 0.109375 0.23125 0.0609375 0.0640625
0 0.109375 0.51875 0.0625 0.059375
0 0.1125 0.80625 0.0671875 0.0640625
8 0.2 0.0734375 0.0359375 0.0734375
13 0.25625 0.103125 0.0546875 0.0765625
3 0.515625 0.1015625 0.034375 0.0828125
3 0.578125 0.0765625 0.0515625 0.071875
13 0.825 0.0921875 0.04375 0.0859375
11 0.8890625 0.103125 0.0359375 0.078125
8 0.4125 0.38125 0.034375 0.0734375
13 0.6234375 0.3875 0.0453125 0.0765625
8 0.784375 0.359375 0.0359375 0.08125
2 0.5375 0.51875 0.0390625 0.0453125
3 0.4296875 0.1 0.05 0.0765625
3 0.475 0.1015625 0.0484375 0.075
3 0.628125 0.109375 0.0515625 0.0828125
3 0.6625 0.1046875 0.040625 0.078125
2 0.7 0.234375 0.034375 0.034375
3 0.7421875 0.215625 0.0484375 0.0828125
3 0.7890625 0.2046875 0.04375 0.084375
3 0.8296875 0.1953125 0.0453125 0.0828125
3 0.3265625 0.215625 0.053125 0.0796875
3 0.371875 0.20625 0.0421875 0.078125
3 0.415625 0.1984375 0.0375 0.078125
3 0.409375 0.515625 0.059375 0.078125
3 0.4609375 0.53125 0.053125 0.078125
1 0.71875 0.5125 0.0265625 0.046875
3 0.771875 0.515625 0.0484375 0.078125
3 0.846875 0.521875 0.05 0.0828125
3 0.890625 0.515625 0.0296875 0.078125
13 0.46875 0.675 0.0359375 0.075
3 0.525 0.646875 0.0546875 0.075
3 0.5625 0.646875 0.0375 0.078125
3 0.85625 0.696875 0.05625 0.078125
3 0.71875 0.828125 0.040625 0.0796875
3 0.765625 0.8171875 0.0390625 0.0796875
3 0.809375 0.80625 0.0390625 0.078125
3 0.8546875 0.7984375 0.034375 0.0796875
1 0.1703125 0.265625 0.0296875 0.0515625
11 0.2 0.25 0.03125 0.0765625
11 0.565625 0.25 0.028125 0.075
11 0.615625 0.240625 0.0265625 0.0796875
11 0.6625 0.2734375 0.0328125 0.078125
11 0.903125 0.390625 0.0359375 0.078125
11 0.346875 0.496875 0.0359375 0.075
11 0.9109375 0.809375 0.0375 0.08125
2 0.278125 0.271875 0.04375 0.04375
3 0.575 0.396875 0.0421875 0.078125
13 0.74375 0.09375 0.05625 0.075
13 0.790625 0.09375 0.0515625 0.078125
13 0.2109375 0.6859375 0.04375 0.078125
13 0.2578125 0.675 0.04375 0.078125
13 0.309375 0.6625 0.046875 0.0796875
13 0.34375 0.659375 0.0390625 0.0734375
13 0.43125 0.6828125 0.0484375 0.075
13 0.71875 0.6734375 0.0453125 0.078125
13 0.765625 0.665625 0.0453125 0.078125
13 0.8046875 0.6546875 0.04375 0.08125
13 0.2125 0.8015625 0.0515625 0.0703125
13 0.30625 0.78125 0.046875 0.078125
13 0.35 0.78125 0.0359375 0.0875
13 0.43125 0.8 0.0546875 0.0765625
13 0.465625 0.8015625 0.040625 0.0765625
13 0.525 0.8015625 0.053125 0.0796875