0 0.028125 0.6390625 0.0546875 0.0640625
0 0.10625 0.0640625 0.0609375 0.0640625
14 0.025 0.51796875 0.05 0.1015625
11 0.671875 0.06875 0.04375 0.0671875
11 0.3 0.059375 0.04375 0.0640625
11 0.3875 0.5125 0.04375 0.0625
11 0.403125 0.059375 0.0421875 0.065625
11 0.1875 0.63125 0.04375 0.059375
11 0.5875 0.06875 0.0421875 0.0671875
3 0.240625 0.515625 0.040625 0.0640625
11 0.8515625 0.059375 0.04375 0.065625
11 0.75 0.059375 0.04375 0.065625
3 0.190625 0.5234375 0.04375 0.0640625
3 0.765625 0.515625 0.0421875 0.06875
11 0.1015625 0.521875 0.04375 0.0625
11 0.4875 0.059375 0.04375 0.065625
11 0.9578125 0.0578125 0.0421875 0.0640625
11 0.5125 0.5046875 0.0453125 0.0625
11 0.3875 0.63125 0.04375 0.0609375
11 0.2203125 0.059375 0.0421875 0.0625
3 0.7046875 0.509375 0.046875 0.0703125
11 0.603125 0.6453125 0.0421875 0.0625
11 0.3 0.509375 0.04375 0.0640625
11 0.509375 0.64375 0.040625 0.059375
11 0.946875 0.628125 0.04375 0.0640625
11 0.2984375 0.63125 0.04375 0.0609375
11 0.946875 0.51875 0.0453125 0.065625
11 0.1015625 0.63125 0.04375 0.0609375
11 0.609375 0.50625 0.0453125 0.0640625
11 0.825 0.521875 0.04375 0.0640625
11 0.825 0.63125 0.0453125 0.0625
11 0.70625 0.6296875 0.0453125 0.0625