0 0.1015625 0.621875 0.0640625 0.0625
0 0.103125 0.040625 0.0640625 0.0625
14 0.1015625 0.49375 0.0625 0.1
11 0.5734375 0.628125 0.0421875 0.065625
11 0.659375 0.628125 0.0421875 0.065625
11 0.4609375 0.50625 0.0484375 0.0640625
11 0.85625 0.50625 0.046875 0.0640625
3 0.31875 0.5 0.0390625 0.0703125
11 0.178125 0.496875 0.0453125 0.065625
3 0.803125 0.5015625 0.040625 0.0703125
11 0.465625 0.034375 0.0453125 0.0640625
11 0.375 0.50625 0.0484375 0.0640625
11 0.4625 0.615625 0.04375 0.0625
11 0.378125 0.034375 0.0453125 0.0640625
11 0.903125 0.034375 0.0453125 0.065625
11 0.26875 0.034375 0.0453125 0.0625
11 0.584375 0.046875 0.0421875 0.0609375
11 0.85625 0.615625 0.04375 0.0625
11 0.178125 0.034375 0.0453125 0.0640625
11 0.96875 0.4875 0.0421875 0.0625
3 0.2625 0.49375 0.0453125 0.0703125
11 0.68125 0.046875 0.0421875 0.0625
11 0.7484375 0.615625 0.04375 0.0625
11 0.96875 0.615625 0.0421875 0.0640625
11 0.378125 0.615625 0.0453125 0.0625
11 0.784375 0.03125 0.046875 0.0625
11 0.6640625 0.5 0.046875 0.065625
3 0.75 0.4953125 0.04375 0.0703125
11 0.18125 0.6203125 0.04375 0.0625
11 0.265625 0.6171875 0.0453125 0.0625
11 0.5765625 0.5015625 0.04375 0.0671875