0 0.1765625 0.23125 0.0640625 0.0640625
0 0.096875 0.80625 0.0640625 0.0625
3 0.425 0.1109375 0.0375 0.06875
11 0.578125 0.809375 0.04375 0.0625
14 0.096875 0.6859375 0.0609375 0.1015625
11 0.925 0.1140625 0.0484375 0.0671875
11 0.675 0.8109375 0.04375 0.0640625
11 0.375 0.225 0.0421875 0.0625
11 0.171875 0.690625 0.04375 0.0625
11 0.2921875 0.225 0.0421875 0.0625
11 0.6625 0.234375 0.0421875 0.0671875
14 0.18125 0.1 0.059375 0.1015625
3 0.315625 0.684375 0.040625 0.0625
3 0.375 0.103125 0.0421875 0.0671875
3 0.834375 0.684375 0.0421875 0.06875
11 0.2625 0.8 0.04375 0.0609375
3 0.8734375 0.1125 0.0390625 0.0703125
11 0.925 0.225 0.04375 0.0640625
3 0.775 0.678125 0.046875 0.0703125
11 0.55625 0.225 0.0421875 0.0625
11 0.68125 0.671875 0.04375 0.0640625
11 0.825 0.225 0.04375 0.0625
11 0.29375 0.10625 0.040625 0.0640625
11 0.55625 0.115625 0.0484375 0.065625
11 0.74375 0.234375 0.0421875 0.065625
11 0.5828125 0.675 0.04375 0.0625
11 0.4734375 0.115625 0.046875 0.0640625
3 0.2625 0.6875 0.0421875 0.0671875
11 0.459375 0.8 0.04375 0.0625
11 0.459375 0.6796875 0.04375 0.0640625
3 0.825 0.103125 0.04375 0.06875
11 0.665625 0.109375 0.04375 0.0671875
11 0.896875 0.6875 0.0453125 0.065625
11 0.4765625 0.225 0.04375 0.0625
11 0.3734375 0.678125 0.04375 0.0640625
11 0.7765625 0.7984375 0.046875 0.0640625
11 0.746875 0.109375 0.04375 0.06875
11 0.171875 0.8 0.04375 0.0625
11 0.371875 0.8 0.04375 0.0625
11 0.896875 0.8 0.0453125 0.0640625