11 0.0703125 0.19375 0.046875 0.0640625
8 0.1453125 0.1875 0.04375 0.0609375
11 0.278125 0.2 0.0390625 0.0703125
8 0.35 0.209375 0.04375 0.06875
8 0.790625 0.421875 0.0375 0.0640625
11 0.08125 0.66875 0.0453125 0.0640625
8 0.153125 0.68125 0.0390625 0.059375
11 0.415625 0.6625 0.0421875 0.0765625
8 0.4703125 0.6671875 0.0375 0.065625
8 0.58125 0.684375 0.0390625 0.0578125
8 0.65625 0.6703125 0.0546875 0.065625
8 0.75625 0.675 0.0453125 0.0703125
11 0.8875 0.6703125 0.0484375 0.0625
8 0.959375 0.678125 0.040625 0.059375
8 0.778125 0.8984375 0.04375 0.0625
11 0.01875 0.20625 0.0359375 0.0625
11 0.228125 0.1953125 0.0453125 0.078125
11 0.43125 0.209375 0.0390625 0.0625
11 0.4828125 0.20625 0.040625 0.059375
11 0.55625 0.2 0.0375 0.059375
11 0.609375 0.209375 0.0390625 0.0609375
11 0.6640625 0.2125 0.040625 0.053125
11 0.71875 0.184375 0.0421875 0.0609375
8 0.796875 0.190625 0.040625 0.06875
11 0.86875 0.209375 0.046875 0.0640625
11 0.91875 0.19375 0.0390625 0.0609375
12 0.0171875 0.4328125 0.034375 0.053125
11 0.075 0.428125 0.0484375 0.071875
11 0.14375 0.44375 0.0421875 0.06875
11 0.19375 0.4453125 0.0359375 0.065625
11 0.3453125 0.4390625 0.046875 0.06875
11 0.534375 0.434375 0.0421875 0.0671875
11 0.5890625 0.4359375 0.0375 0.065625
11 0.65 0.428125 0.0484375 0.0640625
11 0.7046875 0.4375 0.04375 0.0671875
11 0.86875 0.440625 0.0390625 0.0640625
11 0.9203125 0.440625 0.04375 0.0671875
11 0.021875 0.665625 0.04375 0.059375
11 0.2390625 0.66875 0.040625 0.0640625
11 0.290625 0.66875 0.0421875 0.0734375
11 0.3625 0.659375 0.040625 0.071875
11 0.8359375 0.665625 0.046875 0.0703125
11 0.05 0.90625 0.0453125 0.0796875
11 0.125 0.921875 0.0390625 0.0578125
11 0.1765625 0.9203125 0.0375 0.0625
11 0.328125 0.915625 0.0453125 0.0703125
11 0.515625 0.915625 0.0390625 0.0703125
11 0.5734375 0.909375 0.040625 0.065625
11 0.63125 0.909375 0.0359375 0.0640625
11 0.690625 0.909375 0.0359375 0.06875
11 0.85625 0.9140625 0.04375 0.065625
11 0.9078125 0.915625 0.0375 0.06875
9 0.240625 0.428125 0.0421875 0.0296875
9 0.225 0.909375 0.0546875 0.0296875
9 0.409375 0.425 0.0640625 0.0328125
9 0.390625 0.903125 0.053125 0.0328125