14 0.0875 0.14375 0.06875 0.0984375
14 0.0796875 0.3875 0.06875 0.0984375
14 0.084375 0.621875 0.0640625 0.0953125
14 0.0828125 0.8625 0.0734375 0.0984375
11 0.153125 0.146875 0.0390625 0.05625
12 0.253125 0.1375 0.03125 0.05625
11 0.315625 0.1375 0.04375 0.0625
11 0.3859375 0.15 0.0390625 0.065625
11 0.4375 0.15 0.0390625 0.0578125
11 0.590625 0.1484375 0.040625 0.059375
11 0.76875 0.140625 0.04375 0.0609375
11 0.83125 0.140625 0.0421875 0.0609375
11 0.8859375 0.1359375 0.0390625 0.0609375
11 0.9453125 0.1375 0.04375 0.0640625
11 0.159375 0.3921875 0.0390625 0.05625
12 0.20625 0.378125 0.03125 0.0546875
11 0.265625 0.371875 0.034375 0.0609375
11 0.31875 0.371875 0.0390625 0.059375
11 0.4765625 0.375 0.0421875 0.0671875
11 0.528125 0.3734375 0.0390625 0.06875
11 0.6078125 0.371875 0.034375 0.0640625
11 0.659375 0.378125 0.0421875 0.071875
11 0.240625 0.615625 0.0453125 0.059375
11 0.2953125 0.6125 0.0375 0.059375
11 0.365625 0.6296875 0.0375 0.0609375
11 0.4171875 0.628125 0.0421875 0.0640625
11 0.56875 0.6234375 0.0421875 0.0625
11 0.7578125 0.61875 0.0390625 0.0625
11 0.815625 0.61875 0.0359375 0.0625
11 0.875 0.615625 0.034375 0.065625
11 0.934375 0.61875 0.04375 0.065625
11 0.1609375 0.86875 0.040625 0.0578125
12 0.203125 0.1375 0.0296875 0.0578125
8 0.39375 0.3875 0.04375 0.0640625
8 0.159375 0.625 0.04375 0.06875
9 0.465625 0.615625 0.0375 0.0265625
9 0.6328125 0.6140625 0.05 0.028125
9 0.646875 0.1375 0.0484375 0.0265625
9 0.484375 0.1375 0.0359375 0.021875
8 0.7125 0.3765625 0.0359375 0.065625
8 0.821875 0.3859375 0.04375 0.0671875
8 0.896875 0.375 0.040625 0.0609375
9 0.2703125 0.853125 0.05625 0.028125