14 0.259375 0.215625 0.065625 0.1046875
14 0.18125 0.4625 0.0640625 0.103125
14 0.1765625 0.69375 0.0625 0.0984375
14 0.1765625 0.934375 0.0625 0.09375
9 0.378125 0.2109375 0.0578125 0.03125
11 0.246875 0.4640625 0.0390625 0.0625
12 0.303125 0.453125 0.0390625 0.053125
11 0.359375 0.453125 0.0484375 0.05625
11 0.409375 0.45 0.04375 0.0640625
11 0.459375 0.2140625 0.046875 0.05625
8 0.53125 0.228125 0.04375 0.0640625
11 0.60625 0.234375 0.0359375 0.0578125
11 0.6515625 0.2265625 0.046875 0.0625
8 0.725 0.221875 0.0515625 0.0640625
11 0.7953125 0.228125 0.04375 0.06875
11 0.8421875 0.21875 0.040625 0.0703125
11 0.9140625 0.21875 0.04375 0.0703125
11 0.965625 0.2171875 0.0359375 0.071875
8 0.484375 0.4625 0.0421875 0.0625
11 0.559375 0.46875 0.04375 0.059375
11 0.60625 0.465625 0.04375 0.0671875
11 0.7578125 0.4625 0.040625 0.0703125
11 0.8046875 0.4578125 0.040625 0.071875
11 0.878125 0.453125 0.034375 0.0625
11 0.93125 0.453125 0.0453125 0.071875
11 0.25 0.70625 0.0421875 0.0609375
12 0.3015625 0.690625 0.040625 0.0578125
11 0.35 0.703125 0.0421875 0.0625
11 0.403125 0.690625 0.040625 0.0671875
11 0.559375 0.690625 0.046875 0.0640625
11 0.6109375 0.6984375 0.04375 0.06875
8 0.6875 0.70625 0.04375 0.059375
11 0.7625 0.7078125 0.046875 0.06875
11 0.81875 0.7 0.0421875 0.0609375
11 0.8921875 0.6984375 0.046875 0.059375
11 0.940625 0.703125 0.0375 0.0640625
11 0.25 0.9375 0.0421875 0.0640625
12 0.296875 0.928125 0.0359375 0.0515625
12 0.35 0.9328125 0.0375 0.053125
11 0.4078125 0.9265625 0.05 0.065625
11 0.48125 0.94375 0.0421875 0.0671875
11 0.53125 0.940625 0.0453125 0.065625
11 0.68125 0.9375 0.0359375 0.0703125
11 0.865625 0.93125 0.040625 0.0765625
11 0.925 0.9328125 0.0390625 0.08125
11 0.98046875 0.92421875 0.0390625 0.0734375
9 0.578125 0.928125 0.0421875 0.0375
9 0.74375 0.928125 0.05625 0.0234375
8 0.68125 0.45625 0.046875 0.065625
8 0.48125 0.678125 0.0421875 0.0671875
11 0.459375 0.159375 0.028125 0.0390625
11 0.99921875 0.92421875 0.0015625 0.0734375