11 0.025 0.065625 0.05 0.0609375
11 0.084375 0.075 0.0453125 0.0671875
11 0.25 0.08125 0.0453125 0.0609375
11 0.3 0.0765625 0.0375 0.065625
8 0.375 0.0828125 0.0359375 0.0625
11 0.4484375 0.08125 0.040625 0.0765625
11 0.5015625 0.084375 0.040625 0.065625
8 0.5734375 0.0875 0.040625 0.0546875
11 0.6578125 0.065625 0.0375 0.0703125
11 0.709375 0.09375 0.0359375 0.0609375
8 0.134375 0.3140625 0.0421875 0.08125
11 0.2140625 0.303125 0.040625 0.0671875
11 0.265625 0.30625 0.040625 0.0640625
11 0.425 0.3125 0.0390625 0.0640625
11 0.4765625 0.309375 0.040625 0.059375
11 0.553125 0.30625 0.04375 0.0703125
11 0.6015625 0.30625 0.0375 0.0640625
11 0.0203125 0.546875 0.040625 0.0703125
11 0.075 0.5484375 0.040625 0.071875
8 0.159375 0.54375 0.0453125 0.0640625
11 0.2375 0.55625 0.0421875 0.05625
11 0.290625 0.55625 0.0390625 0.05625
8 0.3625 0.559375 0.0390625 0.0734375
11 0.440625 0.559375 0.0390625 0.0640625
11 0.49375 0.55625 0.0375 0.0734375
11 0.6546875 0.5390625 0.046875 0.065625
11 0.70625 0.565625 0.046875 0.0640625
8 0.16875 0.0640625 0.0375 0.05625
8 0.03125 0.3078125 0.0390625 0.06875
8 0.340625 0.3171875 0.0453125 0.071875
8 0.653125 0.3109375 0.0421875 0.06875
8 0.7625 0.309375 0.0421875 0.0796875
8 0.840625 0.30625 0.0515625 0.0671875
8 0.571875 0.5671875 0.0421875 0.065625
5 0.7875 0.065625 0.0390625 0.028125
5 0.7875 0.5421875 0.0453125 0.028125