12 0.146875 0.13125 0.040625 0.0578125
11 0.2 0.128125 0.0453125 0.0703125
11 0.25625 0.13125 0.0453125 0.0734375
8 0.3265625 0.1453125 0.0375 0.0625
11 0.4046875 0.1453125 0.034375 0.0625
11 0.4546875 0.14375 0.040625 0.05625
8 0.525 0.134375 0.0421875 0.065625
11 0.603125 0.14375 0.0375 0.0671875
11 0.65 0.140625 0.040625 0.065625
11 0.721875 0.1328125 0.0390625 0.06875
11 0.7828125 0.13125 0.04375 0.0640625
11 0.8375 0.125 0.040625 0.0703125
11 0.890625 0.13125 0.0390625 0.0578125
14 0.0234375 0.134375 0.046875 0.0984375
11 0.096875 0.14375 0.0375 0.059375
14 0.028125 0.378125 0.0546875 0.1015625
11 0.096875 0.38125 0.0390625 0.05625
12 0.1421875 0.36875 0.03125 0.0484375
11 0.196875 0.38125 0.040625 0.05625
11 0.246875 0.371875 0.0390625 0.0609375
8 0.325 0.359375 0.040625 0.0625
11 0.40625 0.36875 0.0375 0.0640625
11 0.45625 0.38125 0.0484375 0.0640625
11 0.60625 0.3875 0.040625 0.0609375
11 0.6625 0.38125 0.0453125 0.0625
11 0.734375 0.375 0.04375 0.0609375
11 0.7875 0.384375 0.0375 0.0578125
11 0.840625 0.3859375 0.0359375 0.059375
11 0.896875 0.3640625 0.040625 0.06875
14 0.025 0.61484375 0.05 0.1015625
11 0.090625 0.6171875 0.0421875 0.065625
12 0.19375 0.609375 0.0359375 0.0546875
11 0.253125 0.609375 0.04375 0.0640625
11 0.321875 0.61875 0.0375 0.0640625
11 0.371875 0.6203125 0.0328125 0.059375
11 0.5234375 0.6171875 0.040625 0.065625
11 0.7109375 0.6125 0.040625 0.0671875
11 0.765625 0.6125 0.04375 0.0609375
11 0.825 0.603125 0.0484375 0.0640625
11 0.8828125 0.6125 0.04375 0.071875
14 0.025 0.8546875 0.05 0.096875
11 0.0921875 0.859375 0.046875 0.059375
12 0.140625 0.8484375 0.0328125 0.053125
11 0.203125 0.8453125 0.0390625 0.05625
11 0.259375 0.840625 0.0453125 0.0640625
8 0.334375 0.859375 0.0421875 0.0609375
11 0.4140625 0.8484375 0.0375 0.075
11 0.4671875 0.8453125 0.040625 0.0625
11 0.5421875 0.840625 0.034375 0.0609375
11 0.59375 0.846875 0.0390625 0.0640625
12 0.140625 0.60625 0.0296875 0.0484375
8 0.9796875 0.121875 0.0375 0.0625
8 0.528125 0.384375 0.0484375 0.05625
8 0.978125 0.36875 0.04375 0.059375
8 0.96875 0.6 0.0359375 0.0640625
8 0.646875 0.84375 0.0421875 0.0609375
8 0.75625 0.85625 0.0390625 0.0609375
8 0.8328125 0.846875 0.0375 0.0703125
8 0.9296875 0.8578125 0.04375 0.065625
9 0.421875 0.60625 0.0375 0.0234375
9 0.5859375 0.60625 0.053125 0.0328125