12 0.03125 0.1046875 0.0359375 0.0625
11 0.090625 0.1046875 0.0453125 0.05625
11 0.1625 0.1203125 0.034375 0.06875
11 0.2125 0.1171875 0.040625 0.0625
11 0.3609375 0.115625 0.046875 0.0578125
11 0.55 0.109375 0.046875 0.0640625
11 0.60625 0.109375 0.040625 0.0734375
11 0.6625 0.103125 0.0390625 0.0640625
11 0.721875 0.109375 0.0390625 0.06875
8 0.8078125 0.0984375 0.034375 0.059375
11 0.8828125 0.109375 0.046875 0.06875
11 0.934375 0.115625 0.040625 0.0640625
11 0.040625 0.346875 0.0421875 0.0671875
11 0.096875 0.34375 0.0453125 0.0640625
11 0.2546875 0.340625 0.04375 0.0765625
11 0.30625 0.3421875 0.0375 0.06875
11 0.3796875 0.334375 0.0375 0.0765625
11 0.434375 0.3390625 0.0359375 0.075
8 0.771875 0.35 0.0390625 0.0734375
11 0.8515625 0.3453125 0.04375 0.065625
11 0.903125 0.346875 0.0421875 0.0640625
11 0.01875 0.584375 0.0375 0.06875
11 0.06875 0.584375 0.0390625 0.0671875
11 0.14375 0.596875 0.0390625 0.0671875
11 0.190625 0.6 0.0421875 0.0625
11 0.3421875 0.59375 0.040625 0.065625
11 0.53125 0.584375 0.040625 0.0734375
11 0.590625 0.5875 0.0421875 0.0734375
11 0.6484375 0.5828125 0.0375 0.075
11 0.70625 0.5875 0.0421875 0.075
11 0.875 0.5953125 0.040625 0.065625
11 0.925 0.5875 0.0375 0.0640625
9 0.2609375 0.10625 0.0375 0.028125
9 0.2390625 0.584375 0.04375 0.0234375
9 0.4234375 0.103125 0.05625 0.034375
9 0.409375 0.58125 0.0484375 0.0296875
9 0.05 0.821875 0.0546875 0.0296875
8 0.4875 0.3453125 0.040625 0.059375
8 0.5921875 0.353125 0.040625 0.059375
8 0.66875 0.34375 0.0484375 0.0671875
8 0.165625 0.35625 0.0484375 0.0671875
8 0.79375 0.5765625 0.0453125 0.0625
8 0.975 0.353125 0.0390625 0.0578125