11 0.278125 0.0875 0.0453125 0.0625
8 0.3484375 0.1015625 0.05 0.0625
11 0.471875 0.1 0.0421875 0.0640625
8 0.55 0.1 0.0421875 0.065625
11 0.26875 0.3328125 0.040625 0.071875
8 0.34375 0.321875 0.04375 0.065625
11 0.4828125 0.340625 0.04375 0.0640625
8 0.553125 0.340625 0.0359375 0.0671875
11 0.2796875 0.809375 0.0375 0.0578125
8 0.35625 0.81875 0.0453125 0.059375
11 0.61875 0.803125 0.0390625 0.0578125
8 0.6703125 0.80625 0.0375 0.0609375
8 0.778125 0.8171875 0.040625 0.065625
8 0.853125 0.8046875 0.0421875 0.06875
8 0.95625 0.815625 0.053125 0.0734375
14 0.046875 0.096875 0.0578125 0.096875
14 0.0484375 0.340625 0.06875 0.0984375
14 0.040625 0.571875 0.0734375 0.0984375
14 0.05 0.815625 0.0671875 0.103125
11 0.11875 0.103125 0.0375 0.0578125
12 0.165625 0.0921875 0.0359375 0.053125
11 0.225 0.0875 0.0453125 0.0671875
11 0.425 0.10625 0.0390625 0.0578125
11 0.621875 0.1046875 0.0453125 0.05625
11 0.675 0.1 0.040625 0.0671875
11 0.74375 0.09375 0.0453125 0.0609375
11 0.803125 0.09375 0.0421875 0.0625
11 0.859375 0.0890625 0.0421875 0.0625
11 0.9171875 0.090625 0.04375 0.0640625
11 0.11875 0.340625 0.0390625 0.0609375
11 0.21875 0.340625 0.0453125 0.071875
11 0.425 0.33125 0.0484375 0.0640625
11 0.634375 0.35 0.040625 0.059375
11 0.6796875 0.340625 0.046875 0.06875
11 0.753125 0.3375 0.0421875 0.065625
11 0.809375 0.3421875 0.04375 0.0625
11 0.8625 0.346875 0.0375 0.0578125
11 0.921875 0.325 0.04375 0.059375
11 0.11875 0.578125 0.0421875 0.0609375
12 0.215625 0.56875 0.0359375 0.046875
11 0.2765625 0.565625 0.046875 0.0578125
11 0.34375 0.58125 0.0390625 0.0671875
11 0.39375 0.58125 0.04375 0.06875
11 0.55 0.578125 0.0390625 0.059375
11 0.728125 0.56875 0.0421875 0.0703125
11 0.790625 0.565625 0.0484375 0.0671875
11 0.846875 0.565625 0.04375 0.0640625
11 0.903125 0.571875 0.0453125 0.0671875
11 0.1171875 0.81875 0.04375 0.0640625
12 0.165625 0.80625 0.0359375 0.053125
11 0.2265625 0.809375 0.040625 0.0578125
11 0.440625 0.80625 0.04375 0.053125
11 0.490625 0.80625 0.0390625 0.065625
11 0.565625 0.8015625 0.04375 0.0625
12 0.165625 0.328125 0.0375 0.0484375
12 0.1671875 0.571875 0.040625 0.05625
9 0.4453125 0.56875 0.046875 0.0265625
9 0.609375 0.565625 0.0578125 0.0296875