11 0.040625 0.1359375 0.040625 0.071875
11 0.090625 0.140625 0.0359375 0.0640625
8 0.16875 0.1484375 0.0390625 0.06875
11 0.246875 0.153125 0.0390625 0.05625
11 0.3 0.146875 0.04375 0.0671875
11 0.3703125 0.1421875 0.04375 0.071875
11 0.425 0.146875 0.0328125 0.0609375
11 0.478125 0.15 0.04375 0.0578125
11 0.5359375 0.128125 0.040625 0.071875
11 0.6828125 0.146875 0.034375 0.0703125
11 0.7375 0.1375 0.04375 0.059375
8 0.8140625 0.13125 0.0375 0.071875
11 0.8921875 0.1375 0.04375 0.0671875
11 0.94375 0.140625 0.0421875 0.075
11 0.1609375 0.384375 0.04375 0.0640625
11 0.346875 0.38125 0.0484375 0.0703125
11 0.4046875 0.38125 0.046875 0.071875
11 0.465625 0.3703125 0.05 0.06875
11 0.521875 0.378125 0.0390625 0.0703125
8 0.609375 0.36875 0.040625 0.053125
11 0.6796875 0.3796875 0.040625 0.075
11 0.7375 0.38125 0.040625 0.0640625
11 0.8875 0.3859375 0.04375 0.065625
11 0.934375 0.3875 0.040625 0.059375
11 0.0515625 0.6109375 0.046875 0.0625
11 0.10625 0.6109375 0.0421875 0.059375
11 0.1828125 0.603125 0.04375 0.0671875
11 0.234375 0.615625 0.034375 0.0609375
8 0.56875 0.61875 0.046875 0.08125
11 0.65 0.6125 0.0421875 0.0609375
11 0.7 0.609375 0.0484375 0.06875
11 0.8625 0.6125 0.040625 0.0671875
11 0.9125 0.6125 0.046875 0.0671875
11 0.9828125 0.603125 0.034375 0.059375
11 0.1421875 0.8578125 0.040625 0.0625
11 0.334375 0.853125 0.0390625 0.0609375
11 0.390625 0.853125 0.04375 0.0703125
11 0.446875 0.8515625 0.04375 0.071875
11 0.5078125 0.8546875 0.040625 0.075
8 0.59375 0.8453125 0.0390625 0.05625
11 0.6703125 0.85625 0.040625 0.0671875
11 0.721875 0.859375 0.040625 0.0703125
8 0.796875 0.8625 0.0421875 0.059375
11 0.878125 0.859375 0.0359375 0.0640625
11 0.928125 0.8625 0.0421875 0.06875
8 0.615625 0.1296875 0.0546875 0.059375
8 0.2859375 0.609375 0.046875 0.0640625
8 0.3921875 0.615625 0.040625 0.08125
8 0.46875 0.609375 0.0390625 0.0671875
8 0.7734375 0.61875 0.046875 0.071875
9 0.040625 0.846875 0.0453125 0.03125
9 0.209375 0.8484375 0.0609375 0.0375
9 0.225 0.371875 0.0609375 0.0328125
9 0.0625 0.3703125 0.0421875 0.03125
8 0.80625 0.384375 0.0484375 0.0578125