11 0.1828125 0.16875 0.040625 0.0625
8 0.2546875 0.1828125 0.04375 0.065625
11 0.378125 0.1828125 0.0421875 0.06875
8 0.4515625 0.175 0.0375 0.06875
8 0.90625 0.159375 0.0453125 0.06875
11 0.1765625 0.409375 0.04375 0.0703125
8 0.2453125 0.3984375 0.04375 0.059375
11 0.384375 0.415625 0.0453125 0.065625
8 0.453125 0.41875 0.0421875 0.0640625
8 0.9 0.40625 0.05 0.0640625
11 0.184375 0.8875 0.0421875 0.0671875
8 0.25625 0.896875 0.046875 0.053125
11 0.51875 0.88125 0.0390625 0.0640625
8 0.571875 0.8828125 0.0453125 0.071875
8 0.678125 0.8890625 0.04375 0.078125
8 0.759375 0.88125 0.0453125 0.059375
8 0.85625 0.89375 0.0390625 0.0625
11 0.8125 0.653125 0.0453125 0.06875
8 0.89375 0.6375 0.0328125 0.0640625
11 0.0203125 0.1875 0.040625 0.0609375
12 0.0703125 0.1703125 0.04375 0.05
11 0.128125 0.16875 0.0453125 0.0640625
11 0.33125 0.1875 0.053125 0.059375
11 0.5296875 0.184375 0.0375 0.0578125
11 0.575 0.1765625 0.040625 0.0625
11 0.646875 0.171875 0.0359375 0.0640625
11 0.7078125 0.171875 0.046875 0.0671875
11 0.7625 0.171875 0.0453125 0.0671875
11 0.8203125 0.171875 0.04375 0.0734375
11 0.9765625 0.178125 0.046875 0.065625
11 0.021875 0.42109375 0.04375 0.0609375
11 0.1203125 0.421875 0.046875 0.0578125
11 0.33125 0.4125 0.046875 0.0609375
11 0.534375 0.421875 0.040625 0.0609375
11 0.5859375 0.41875 0.040625 0.0609375
11 0.659375 0.415625 0.0453125 0.059375
11 0.7125 0.41875 0.0421875 0.075
11 0.76875 0.4234375 0.0484375 0.0625
11 0.8234375 0.409375 0.040625 0.0703125
11 0.978125 0.41875 0.0390625 0.0609375
11 0.021875 0.659375 0.0421875 0.059375
12 0.121875 0.646875 0.034375 0.0546875
11 0.18125 0.646875 0.0515625 0.0734375
11 0.25 0.665625 0.05 0.0671875
11 0.2984375 0.659375 0.040625 0.0765625
11 0.45 0.653125 0.0515625 0.0640625
11 0.6359375 0.65 0.04375 0.0796875
11 0.6953125 0.6484375 0.04375 0.071875
11 0.753125 0.646875 0.0484375 0.0703125
11 0.9671875 0.653125 0.040625 0.0734375
11 0.0203125 0.896875 0.040625 0.0640625
12 0.071875 0.884375 0.0421875 0.059375
11 0.128125 0.878125 0.0453125 0.0703125
11 0.340625 0.884375 0.0453125 0.0625
11 0.39375 0.88125 0.0453125 0.0640625
11 0.475 0.88125 0.0484375 0.065625
11 0.9390625 0.884375 0.040625 0.0625
12 0.06875 0.409375 0.0421875 0.04375
12 0.06875 0.64375 0.0359375 0.0609375
9 0.35 0.646875 0.0546875 0.028125
9 0.515625 0.646875 0.06875 0.0296875