11 0.8265625 0.503125 0.0421875 0.0671875
8 0.7859375 0.259375 0.0453125 0.0703125
11 0.709375 0.503125 0.040625 0.0671875
11 0.8390625 0.028125 0.04375 0.05625
11 0.72421875 0.028125 0.0421875 0.05625
8 0.2890625 0.271875 0.040625 0.0640625
8 0.05625 0.50625 0.0421875 0.06875
8 0.60625 0.259375 0.0421875 0.0671875
11 0.66484375 0.028125 0.0453125 0.05625
11 0.76875 0.496875 0.0421875 0.0671875
11 0.653125 0.503125 0.04375 0.0640625
8 0.9125 0.490625 0.0421875 0.0703125
11 0.971875 0.259375 0.046875 0.0671875
8 0.8875 0.26875 0.0421875 0.06875
8 0.7125 0.26875 0.0421875 0.071875
12 0.1015625 0.2625 0.034375 0.053125
11 0.3734375 0.2609375 0.0421875 0.0671875
11 0.0515625 0.03125 0.04375 0.0625
11 0.2625 0.515625 0.040625 0.0625
11 0.4265625 0.2609375 0.0421875 0.065625
11 0.134375 0.5 0.040625 0.065625
11 0.309375 0.5140625 0.0421875 0.0640625
11 0.1859375 0.5015625 0.040625 0.0640625
12 0.153125 0.025 0.0359375 0.0484375
12 0.1 0.025 0.0359375 0.0484375
11 0.20625 0.0265625 0.04375 0.053125
11 0.33125 0.0375 0.040625 0.0625
11 0.046875 0.2734375 0.0421875 0.059375
11 0.159375 0.2625 0.0421875 0.065625
11 0.2796875 0.0375 0.040625 0.0625
11 0.215625 0.2625 0.0421875 0.065625
11 0.5 0.253125 0.0421875 0.0640625
11 0.4796875 0.03125 0.046875 0.0625
11 0.0484375 0.753125 0.04375 0.059375
11 0.553125 0.259375 0.0390625 0.0640625
11 0.4625 0.509375 0.0453125 0.0625
9 0.528125 0.5 0.05625 0.034375
9 0.3609375 0.5 0.040625 0.0296875
9 0.38125 0.021875 0.040625 0.03125
9 0.5453125 0.021875 0.0578125 0.0375
9 0.16875 0.7375 0.0703125 0.0328125