14 0.021875 0.3046875 0.0421875 0.125
9 0.1375 0.290625 0.0515625 0.0296875
12 0.0546875 0.5296875 0.03125 0.05625
12 0.05625 0.76875 0.0359375 0.0546875
11 0.21875 0.2875 0.0484375 0.05625
8 0.284375 0.303125 0.04375 0.059375
11 0.3609375 0.3078125 0.04375 0.059375
11 0.409375 0.303125 0.0421875 0.0609375
8 0.475 0.296875 0.05 0.0640625
11 0.55 0.303125 0.0453125 0.0625
11 0.6 0.3 0.0390625 0.065625
11 0.671875 0.29375 0.0390625 0.0671875
11 0.728125 0.2890625 0.0390625 0.065625
11 0.7828125 0.2890625 0.040625 0.065625
11 0.834375 0.29375 0.0390625 0.0671875
11 0.115625 0.5296875 0.0421875 0.0625
11 0.165625 0.53125 0.0421875 0.0609375
8 0.2375 0.5390625 0.0390625 0.065625
11 0.31875 0.546875 0.0375 0.0625
11 0.365625 0.54375 0.040625 0.0640625
8 0.434375 0.534375 0.0359375 0.0640625
11 0.515625 0.540625 0.0453125 0.0578125
11 0.5640625 0.540625 0.040625 0.0609375
11 0.6375 0.53125 0.0421875 0.065625
11 0.690625 0.534375 0.0390625 0.0703125
11 0.75 0.5296875 0.04375 0.065625
11 0.803125 0.528125 0.0421875 0.0609375
8 0.89375 0.525 0.0421875 0.0578125
11 0.965625 0.534375 0.0484375 0.0640625
11 0.109375 0.7796875 0.0453125 0.065625
11 0.159375 0.76875 0.046875 0.071875
11 0.31875 0.771875 0.0453125 0.075
11 0.36875 0.778125 0.0390625 0.0703125
8 0.446875 0.778125 0.046875 0.0625
11 0.521875 0.7828125 0.0390625 0.0625
11 0.571875 0.7796875 0.040625 0.065625
11 0.646875 0.771875 0.0453125 0.0640625
11 0.7 0.78125 0.0453125 0.065625
11 0.7515625 0.784375 0.034375 0.05625
11 0.8109375 0.7625 0.040625 0.0640625
8 0.890625 0.76875 0.0484375 0.0625
11 0.9609375 0.78125 0.04375 0.0640625
8 0.9203125 0.28125 0.046875 0.0640625
8 0.2375 0.75625 0.046875 0.0671875
11 0.215625 0.2328125 0.040625 0.053125