11 0.1328125 0.190625 0.03125 0.05625
11 0.184375 0.1625 0.0328125 0.053125
11 0.234375 0.165625 0.03125 0.0546875
11 0.2875 0.171875 0.03125 0.0515625
2 0.346875 0.1953125 0.01875 0.040625
11 0.3703125 0.184375 0.0328125 0.053125
11 0.421875 0.1765625 0.028125 0.053125
11 0.578125 0.1859375 0.03125 0.0515625
11 0.6296875 0.178125 0.025 0.0484375
11 0.6875 0.159375 0.028125 0.0484375
11 0.7421875 0.1625 0.0265625 0.0484375
2 0.8 0.1796875 0.0203125 0.0359375
11 0.81875 0.16875 0.0234375 0.05625
11 0.865625 0.1640625 0.0234375 0.053125
11 0.05625 0.4203125 0.021875 0.0515625
11 0.1125 0.4265625 0.0234375 0.0546875
11 0.175 0.4296875 0.0265625 0.0453125
11 0.234375 0.409375 0.0234375 0.0515625
11 0.309375 0.415625 0.021875 0.0484375
11 0.36875 0.415625 0.021875 0.0515625
11 0.425 0.421875 0.0296875 0.05
11 0.484375 0.4296875 0.0296875 0.0546875
11 0.659375 0.434375 0.0296875 0.0515625
11 0.728125 0.4375 0.03125 0.05
11 0.0578125 0.659375 0.0359375 0.059375
11 0.115625 0.628125 0.028125 0.0515625
11 0.175 0.6328125 0.0265625 0.05
11 0.23125 0.640625 0.0265625 0.0515625
2 0.290625 0.6625 0.0203125 0.0359375
11 0.3125 0.646875 0.028125 0.0625
11 0.371875 0.64375 0.0234375 0.0515625
11 0.54375 0.653125 0.0296875 0.0515625
11 0.596875 0.6453125 0.0234375 0.05
11 0.659375 0.625 0.028125 0.05
11 0.7171875 0.6296875 0.0234375 0.0515625
2 0.7828125 0.646875 0.01875 0.0421875
11 0.8 0.6375 0.021875 0.0546875
11 0.85625 0.63125 0.028125 0.0515625
11 0.0546875 0.8625 0.0234375 0.0515625
11 0.1171875 0.865625 0.0265625 0.046875
11 0.175 0.871875 0.0296875 0.0484375
11 0.2375 0.853125 0.0265625 0.05
11 0.3125 0.8546875 0.0265625 0.0515625
11 0.375 0.8609375 0.0234375 0.0546875
11 0.434375 0.8625 0.0265625 0.0546875
11 0.4953125 0.8703125 0.028125 0.0546875
14 0.059375 0.1703125 0.034375 0.0828125
0 0.059375 0.2875 0.0359375 0.0546875
8 0.478125 0.1578125 0.034375 0.0484375
8 0.91875 0.1734375 0.0265625 0.046875
8 0.1328125 0.284375 0.0234375 0.04375
8 0.234375 0.2859375 0.0359375 0.0484375
8 0.365625 0.309375 0.03125 0.0515625
8 0.471875 0.3046875 0.025 0.0484375
8 0.578125 0.290625 0.0234375 0.046875
8 0.6859375 0.2921875 0.028125 0.053125
8 0.8125 0.284375 0.03125 0.0484375
8 0.921875 0.284375 0.028125 0.046875
8 0.05625 0.5 0.0328125 0.046875
8 0.175 0.521875 0.01875 0.0484375
8 0.309375 0.521875 0.028125 0.05
8 0.4265625 0.51875 0.03125 0.046875
8 0.5578125 0.509375 0.028125 0.0515625
8 0.6609375 0.509375 0.028125 0.053125
8 0.80625 0.5 0.021875 0.0453125
8 0.903125 0.509375 0.028125 0.05625
8 0.059375 0.7265625 0.028125 0.0453125
8 0.171875 0.728125 0.028125 0.05
8 0.3109375 0.75 0.0234375 0.0484375
8 0.428125 0.746875 0.0234375 0.0515625
8 0.54375 0.7375 0.021875 0.0515625
8 0.65625 0.7359375 0.025 0.0546875
8 0.8 0.7265625 0.028125 0.0484375
8 0.9125 0.725 0.0234375 0.04375
8 0.909375 0.63125 0.021875 0.0484375
8 0.05625 0.94375 0.028125 0.046875
8 0.1765625 0.9609375 0.021875 0.0484375
8 0.3171875 0.9625 0.03125 0.05
8 0.4359375 0.9625 0.0328125 0.0453125
8 0.571875 0.95 0.0265625 0.0515625
8 0.6734375 0.953125 0.025 0.0515625
8 0.8 0.940625 0.0265625 0.046875
8 0.903125 0.940625 0.0265625 0.0453125
8 0.675 0.878125 0.028125 0.0484375
8 0.5734375 0.8515625 0.028125 0.05
8 0.43125 0.625 0.028125 0.0453125
8 0.5640625 0.409375 0.0265625 0.0453125
5 0.803125 0.425 0.025 0.0234375
5 0.7984375 0.890625 0.0359375 0.021875
2 0.159375 0.5046875 0.01875 0.0390625
2 0.159375 0.946875 0.01875 0.0359375