8 0.01875 0.05625 0.021875 0.0453125
8 0.1328125 0.06875 0.028125 0.0453125
8 0.26875 0.075 0.025 0.05
8 0.3875 0.071875 0.0296875 0.0421875
8 0.51875 0.0640625 0.0265625 0.053125
8 0.61875 0.059375 0.0203125 0.05
8 0.765625 0.053125 0.0203125 0.05
8 0.8625 0.05625 0.0265625 0.0453125
8 0.021875 0.28125 0.0265625 0.0515625
8 0.13125 0.2828125 0.034375 0.05
8 0.26875 0.296875 0.028125 0.053125
8 0.3875 0.3 0.0296875 0.0546875
11 0.334375 0.196875 0.0265625 0.0578125
8 0.3921875 0.18125 0.03125 0.0484375
8 0.5 0.2875 0.0234375 0.0515625
8 0.615625 0.2875 0.0296875 0.0515625
8 0.759375 0.28125 0.0265625 0.0453125
8 0.871875 0.2796875 0.0328125 0.05
11 0.81875 0.184375 0.0296875 0.0546875
8 0.8734375 0.1859375 0.03125 0.05625
8 0.0203125 0.49375 0.028125 0.0390625
8 0.1375 0.515625 0.021875 0.0515625
8 0.275 0.5140625 0.0234375 0.040625
8 0.39375 0.5125 0.028125 0.04375
8 0.534375 0.503125 0.0328125 0.0515625
8 0.6375 0.50625 0.0296875 0.0484375
11 0.459375 0.4265625 0.0328125 0.05625
8 0.534375 0.40625 0.0296875 0.05
8 0.6390625 0.434375 0.028125 0.053125
8 0.759375 0.5 0.0328125 0.0484375
8 0.865625 0.4953125 0.028125 0.053125
8 0.021875 0.6375 0.0359375 0.046875
8 0.125 0.63125 0.0296875 0.0546875
3 0.7671875 0.621875 0.0296875 0.0421875
11 0.8125 0.6234375 0.0296875 0.053125
8 0.878125 0.625 0.03125 0.0453125
8 0.015625 0.73125 0.0234375 0.0515625
8 0.1203125 0.740625 0.034375 0.046875
8 0.2453125 0.725 0.034375 0.0453125
8 0.34375 0.725 0.0296875 0.046875
8 0.4578125 0.7296875 0.028125 0.05
8 0.58125 0.734375 0.034375 0.0484375
8 0.7265625 0.725 0.028125 0.0484375
8 0.8734375 0.725 0.034375 0.0453125
8 0.015625 0.95 0.0265625 0.0546875
8 0.134375 0.953125 0.0203125 0.0515625
8 0.28125 0.9515625 0.0328125 0.05625
8 0.409375 0.965625 0.0203125 0.0515625
8 0.571875 0.959375 0.028125 0.059375
8 0.66875 0.95625 0.0421875 0.0546875
8 0.775 0.9546875 0.0265625 0.053125
8 0.8703125 0.95625 0.028125 0.0546875
11 0.021875 0.209375 0.0359375 0.0609375
11 0.08125 0.184375 0.0265625 0.0484375
11 0.134375 0.1875 0.025 0.053125
11 0.1921875 0.19375 0.03125 0.0515625
2 0.2546875 0.215625 0.015625 0.0328125
11 0.2734375 0.203125 0.028125 0.0515625
11 0.50625 0.20625 0.0296875 0.0578125
11 0.559375 0.2 0.0265625 0.046875
11 0.6203125 0.178125 0.025 0.0421875
11 0.6796875 0.1828125 0.03125 0.05
2 0.740625 0.2 0.0203125 0.0296875
11 0.7609375 0.1859375 0.028125 0.059375
11 0.015625 0.41875 0.021875 0.0484375
11 0.078125 0.421875 0.0328125 0.0484375
11 0.1359375 0.421875 0.028125 0.0453125
11 0.2 0.40625 0.0234375 0.0453125
11 0.278125 0.409375 0.034375 0.053125
11 0.3375 0.4125 0.0328125 0.0515625
11 0.396875 0.41875 0.0265625 0.0546875
12 0.4546875 0.625 0.028125 0.0484375
11 0.521875 0.6390625 0.0328125 0.05625
11 0.58125 0.6328125 0.021875 0.05
11 0.640625 0.63125 0.0265625 0.046875
12 0.015625 0.8578125 0.0234375 0.04375
11 0.0765625 0.859375 0.03125 0.05625
2 0.121875 0.871875 0.0171875 0.0375
11 0.1421875 0.859375 0.03125 0.0609375
11 0.2 0.8515625 0.0234375 0.05
5 0.759375 0.44375 0.03125 0.0328125
5 0.2375 0.6375 0.0265625 0.025
3 0.51875 0.86875 0.028125 0.0578125
5 0.571875 0.853125 0.034375 0.0265625
5 0.7796875 0.8484375 0.025 0.021875
3 0.31875 0.8453125 0.0234375 0.0453125
10 0.3578125 0.85 0.040625 0.046875
2 0.121875 0.503125 0.015625 0.028125
2 0.265625 0.865625 0.015625 0.0328125
2 0.709375 0.64375 0.0203125 0.03125
3 0.725 0.625 0.0203125 0.0515625
3 0.28125 0.853125 0.0203125 0.0484375
3 0.446875 0.8734375 0.021875 0.0421875
3 0.484375 0.871875 0.028125 0.0484375