11 0.053125 0.1875 0.028125 0.059375
11 0.10625 0.1609375 0.0265625 0.053125
11 0.159375 0.165625 0.0234375 0.053125
11 0.2125 0.171875 0.028125 0.0515625
2 0.26875 0.196875 0.01875 0.0359375
11 0.290625 0.18125 0.028125 0.053125
11 0.340625 0.1765625 0.0296875 0.0578125
11 0.5015625 0.184375 0.03125 0.0515625
11 0.55625 0.18125 0.025 0.0453125
11 0.6078125 0.159375 0.0265625 0.0515625
11 0.6640625 0.1625 0.025 0.0515625
2 0.721875 0.178125 0.015625 0.0359375
11 0.7390625 0.165625 0.0234375 0.05625
11 0.790625 0.1640625 0.0265625 0.053125
11 0.034375 0.421875 0.025 0.0484375
11 0.096875 0.425 0.028125 0.0515625
11 0.159375 0.40625 0.0265625 0.0453125
11 0.234375 0.415625 0.0296875 0.0546875
11 0.2921875 0.415625 0.03125 0.0515625
11 0.346875 0.421875 0.025 0.0515625
11 0.409375 0.425 0.0296875 0.05
11 0.5828125 0.4359375 0.0265625 0.0515625
11 0.64375 0.434375 0.0296875 0.05
11 0.0375 0.628125 0.025 0.0515625
11 0.0953125 0.6328125 0.0265625 0.0515625
11 0.1515625 0.6359375 0.028125 0.05
2 0.215625 0.6625 0.0171875 0.0328125
11 0.234375 0.65 0.028125 0.0578125
11 0.29375 0.640625 0.0265625 0.059375
11 0.465625 0.65 0.03125 0.0515625
11 0.521875 0.6421875 0.034375 0.05
11 0.58125 0.625 0.021875 0.0484375
11 0.6375 0.628125 0.028125 0.0484375
2 0.703125 0.646875 0.01875 0.0359375
11 0.721875 0.63125 0.0265625 0.05
11 0.7765625 0.628125 0.0265625 0.0484375
11 0.0375 0.86875 0.028125 0.053125
11 0.103125 0.871875 0.028125 0.046875
11 0.1625 0.85 0.028125 0.0453125
11 0.2375 0.853125 0.028125 0.05
11 0.2984375 0.8578125 0.03125 0.0546875
11 0.359375 0.859375 0.028125 0.0546875
11 0.421875 0.86875 0.028125 0.053125
8 0.053125 0.28125 0.0234375 0.046875
8 0.1578125 0.2828125 0.028125 0.053125
8 0.2875 0.3046875 0.0234375 0.05
8 0.396875 0.303125 0.0234375 0.046875
8 0.5 0.2890625 0.0234375 0.0515625
8 0.609375 0.2890625 0.0234375 0.053125
8 0.7359375 0.2828125 0.0265625 0.0484375
8 0.84375 0.28125 0.0234375 0.0453125
8 0.840625 0.175 0.025 0.0453125
8 0.396875 0.15625 0.0265625 0.0484375
8 0.4828125 0.4078125 0.0296875 0.046875
8 0.096875 0.521875 0.021875 0.053125
8 0.234375 0.5171875 0.03125 0.05
8 0.3515625 0.5203125 0.0359375 0.046875
8 0.484375 0.5109375 0.034375 0.0546875
8 0.58125 0.50625 0.0328125 0.0515625
8 0.728125 0.5 0.03125 0.0515625
8 0.828125 0.50625 0.0296875 0.0484375
8 0.353125 0.625 0.0234375 0.0453125
8 0.834375 0.63125 0.025 0.0515625
8 0.09375 0.728125 0.0203125 0.05
8 0.23125 0.74375 0.0234375 0.0453125
8 0.353125 0.746875 0.0328125 0.0484375
8 0.4625 0.7328125 0.0265625 0.0484375
8 0.584375 0.7328125 0.034375 0.05
8 0.7203125 0.725 0.0265625 0.0453125
8 0.834375 0.7234375 0.028125 0.046875
8 0.49375 0.85 0.028125 0.046875
8 0.0984375 0.959375 0.021875 0.05625
8 0.234375 0.9609375 0.025 0.053125
8 0.353125 0.9625 0.0359375 0.05625
8 0.49375 0.9484375 0.0296875 0.0515625
8 0.5953125 0.953125 0.0265625 0.0484375
8 0.596875 0.878125 0.028125 0.05
8 0.721875 0.940625 0.0296875 0.0484375
8 0.825 0.9421875 0.028125 0.0484375
5 0.71875 0.8890625 0.03125 0.0234375
5 0.7265625 0.4234375 0.0234375 0.01875
2 0.0828125 0.50625 0.0171875 0.0375
2 0.08125 0.946875 0.021875 0.0390625