14 0.11875 0.090625 0.0359375 0.084375
14 0.065625 0.34375 0.0359375 0.078125
14 0.06875 0.5578125 0.03125 0.078125
14 0.065625 0.7875 0.040625 0.0796875
0 0.1171875 0.2109375 0.0359375 0.0484375
0 0.065625 0.428125 0.034375 0.0484375
0 0.06875 0.6546875 0.0359375 0.0484375
0 0.06875 0.871875 0.03125 0.0453125
11 0.1875 0.115625 0.0328125 0.053125
11 0.240625 0.0875 0.028125 0.0515625
11 0.29375 0.090625 0.028125 0.046875
11 0.3453125 0.1 0.0234375 0.0546875
2 0.403125 0.1234375 0.01875 0.034375
11 0.4234375 0.10625 0.0234375 0.0515625
11 0.478125 0.1 0.0234375 0.0546875
11 0.6375 0.109375 0.0296875 0.053125
11 0.6875 0.103125 0.0265625 0.0453125
11 0.74375 0.084375 0.028125 0.0484375
11 0.796875 0.0875 0.028125 0.05
2 0.85625 0.10625 0.01875 0.03125
11 0.875 0.090625 0.028125 0.05
11 0.925 0.0890625 0.03125 0.046875
11 0.109375 0.346875 0.0265625 0.0515625
11 0.171875 0.35 0.028125 0.046875
11 0.23125 0.353125 0.028125 0.0453125
11 0.290625 0.334375 0.0296875 0.0453125
11 0.365625 0.340625 0.0234375 0.0484375
11 0.425 0.34375 0.028125 0.05625
11 0.484375 0.3453125 0.028125 0.046875
11 0.54375 0.3515625 0.025 0.053125
11 0.7203125 0.3625 0.03125 0.053125
11 0.78125 0.3625 0.03125 0.0515625
11 0.115625 0.58125 0.0328125 0.0625
11 0.1734375 0.553125 0.0234375 0.0515625
11 0.23125 0.5578125 0.0265625 0.05
11 0.2890625 0.5625 0.0421875 0.0546875
2 0.35 0.5875 0.01875 0.0390625
11 0.36875 0.5734375 0.028125 0.05
11 0.428125 0.5671875 0.021875 0.0484375
11 0.6015625 0.578125 0.025 0.0515625
11 0.653125 0.571875 0.0203125 0.046875
11 0.715625 0.5515625 0.0234375 0.05
11 0.7734375 0.5546875 0.03125 0.0484375
2 0.8375 0.575 0.015625 0.0375
11 0.8546875 0.559375 0.0265625 0.0546875
11 0.9109375 0.5546875 0.0296875 0.0484375
11 0.109375 0.790625 0.025 0.0515625
11 0.171875 0.79375 0.01875 0.0453125
11 0.234375 0.7984375 0.0234375 0.04375
11 0.2953125 0.775 0.025 0.0484375
11 0.3703125 0.78125 0.0234375 0.05
11 0.4328125 0.7859375 0.025 0.0484375
11 0.49375 0.790625 0.0203125 0.0484375
11 0.553125 0.796875 0.025 0.0515625
8 0.528125 0.0828125 0.0265625 0.0453125
8 0.1875 0.20625 0.028125 0.0421875
8 0.290625 0.2109375 0.03125 0.0484375
8 0.4234375 0.228125 0.021875 0.0453125
8 0.528125 0.23125 0.0265625 0.046875
8 0.63125 0.2171875 0.03125 0.05625
8 0.7390625 0.215625 0.0265625 0.0515625
8 0.871875 0.2109375 0.0359375 0.0484375
8 0.978125 0.209375 0.021875 0.0484375
8 0.1125 0.425 0.03125 0.05
8 0.228125 0.44375 0.0203125 0.0453125
8 0.3625 0.44375 0.0234375 0.046875
8 0.48125 0.44375 0.0234375 0.0453125
8 0.6125 0.4359375 0.0296875 0.05
8 0.71875 0.4328125 0.021875 0.05
8 0.859375 0.425 0.028125 0.0453125
8 0.959375 0.4328125 0.0234375 0.053125
8 0.115625 0.65 0.028125 0.04375
8 0.228125 0.6515625 0.0234375 0.046875
8 0.365625 0.671875 0.0296875 0.046875
8 0.484375 0.675 0.028125 0.046875
8 0.5984375 0.659375 0.028125 0.0515625
8 0.709375 0.659375 0.028125 0.053125
8 0.85625 0.65 0.028125 0.0484375
8 0.96875 0.653125 0.028125 0.046875
8 0.4875 0.55 0.0265625 0.040625
8 0.965625 0.55625 0.0234375 0.0484375
8 0.1140625 0.86875 0.025 0.0484375
8 0.23125 0.8859375 0.021875 0.04375
8 0.371875 0.890625 0.025 0.0515625
8 0.490625 0.8890625 0.028125 0.05
8 0.625 0.875 0.021875 0.0546875
8 0.628125 0.7796875 0.028125 0.0453125
8 0.73125 0.878125 0.028125 0.046875
8 0.85625 0.86875 0.0234375 0.0453125
8 0.959375 0.8671875 0.025 0.046875
8 0.7328125 0.803125 0.028125 0.0546875
8 0.9765625 0.0984375 0.025 0.0453125
8 0.61875 0.334375 0.025 0.05
5 0.859375 0.3515625 0.021875 0.01875
5 0.8546875 0.8171875 0.028125 0.0234375
2 0.215625 0.434375 0.01875 0.034375
2 0.21875 0.871875 0.01875 0.034375