5 0.73125 0.4484375 0.0234375 0.03125
5 0.54375 0.85625 0.021875 0.028125
5 0.746875 0.853125 0.021875 0.01875
5 0.2078125 0.64375 0.0265625 0.0203125
8 0.10625 0.078125 0.0265625 0.046875
8 0.2375 0.0765625 0.0328125 0.046875
8 0.35625 0.078125 0.0328125 0.0515625
8 0.49375 0.071875 0.025 0.053125
8 0.590625 0.06875 0.0390625 0.0484375
8 0.7390625 0.0609375 0.03125 0.0484375
8 0.834375 0.065625 0.0265625 0.05
8 0.359375 0.1859375 0.03125 0.0421875
8 0.840625 0.19375 0.0296875 0.053125
8 0.1 0.2875 0.03125 0.05
8 0.24375 0.3078125 0.0296875 0.046875
8 0.3625 0.309375 0.0265625 0.046875
8 0.471875 0.29375 0.0296875 0.0484375
8 0.5890625 0.296875 0.028125 0.0546875
8 0.73125 0.284375 0.025 0.0453125
8 0.84375 0.284375 0.0265625 0.0421875
8 0.10625 0.521875 0.01875 0.0453125
8 0.246875 0.521875 0.03125 0.0453125
8 0.365625 0.5203125 0.0265625 0.04375
8 0.503125 0.509375 0.028125 0.05
8 0.503125 0.4125 0.021875 0.0484375
8 0.60625 0.440625 0.034375 0.046875
8 0.603125 0.5140625 0.03125 0.05
8 0.73125 0.5015625 0.0265625 0.053125
8 0.83125 0.503125 0.0265625 0.046875
8 0.090625 0.640625 0.01875 0.053125
8 0.0890625 0.746875 0.021875 0.046875
8 0.2109375 0.73125 0.0296875 0.0453125
8 0.3125 0.73125 0.03125 0.046875
8 0.428125 0.740625 0.034375 0.05
8 0.55 0.7421875 0.0234375 0.0453125
8 0.69375 0.728125 0.03125 0.0484375
8 0.8484375 0.73125 0.0265625 0.040625
8 0.84375 0.63125 0.021875 0.0390625
11 0.0453125 0.1875 0.03125 0.046875
11 0.103125 0.190625 0.0234375 0.05
11 0.1625 0.196875 0.0265625 0.0546875
2 0.225 0.221875 0.0171875 0.03125
11 0.24375 0.20625 0.028125 0.05
11 0.3046875 0.2015625 0.025 0.046875
11 0.475 0.2125 0.028125 0.0453125
11 0.53125 0.20625 0.0234375 0.0453125
11 0.5921875 0.184375 0.03125 0.0484375
11 0.65 0.190625 0.0296875 0.0546875
2 0.7125 0.2078125 0.0171875 0.0375
11 0.73125 0.1921875 0.0234375 0.0484375
11 0.7875 0.190625 0.028125 0.0453125
11 0.046875 0.428125 0.0234375 0.05625
11 0.10625 0.4328125 0.021875 0.04375
11 0.1734375 0.4125 0.025 0.05
11 0.246875 0.415625 0.0265625 0.046875
11 0.30625 0.421875 0.0296875 0.0515625
11 0.36875 0.425 0.03125 0.053125
11 0.428125 0.4296875 0.0265625 0.05
11 0.49375 0.6453125 0.025 0.05
11 0.5484375 0.6390625 0.0234375 0.0515625
11 0.6125 0.634375 0.028125 0.0515625
11 0.778125 0.63125 0.0328125 0.046875
11 0.0515625 0.8703125 0.025 0.05625
2 0.0921875 0.878125 0.0171875 0.0375
11 0.1109375 0.8640625 0.0265625 0.0484375
11 0.16875 0.859375 0.0296875 0.0453125
8 0.1078125 0.9546875 0.0265625 0.0515625
8 0.253125 0.953125 0.0296875 0.0484375
8 0.38125 0.971875 0.0234375 0.0453125
8 0.54375 0.9640625 0.025 0.0484375
8 0.6375 0.9640625 0.0265625 0.0484375
8 0.746875 0.959375 0.0234375 0.0484375
8 0.8375 0.959375 0.0328125 0.0484375
10 0.3296875 0.859375 0.0390625 0.0453125
12 0.428125 0.63125 0.025 0.0375
2 0.090625 0.0671875 0.015625 0.03125
2 0.0921875 0.509375 0.0171875 0.0359375
2 0.678125 0.6484375 0.0203125 0.0375
2 0.234375 0.8734375 0.0171875 0.03125
3 0.696875 0.6328125 0.025 0.053125
3 0.2546875 0.8578125 0.025 0.0484375
3 0.2875 0.8515625 0.0265625 0.0484375
3 0.4171875 0.88125 0.0234375 0.0421875
3 0.453125 0.878125 0.025 0.0484375
3 0.490625 0.8734375 0.0296875 0.0515625
3 0.7375 0.628125 0.028125 0.046875