0 0.171875 0.15 0.0375 0.0625
0 0.121875 0.365625 0.040625 0.0515625
0 0.121875 0.5890625 0.0390625 0.046875
0 0.121875 0.80625 0.0390625 0.0515625
14 0.1234375 0.2796875 0.040625 0.0828125
14 0.125 0.4953125 0.0390625 0.084375
14 0.125 0.721875 0.040625 0.08125
14 0.125 0.9375 0.0390625 0.0828125
11 0.2453125 0.0484375 0.0359375 0.0640625
11 0.296875 0.025 0.0265625 0.05
11 0.3484375 0.025 0.025 0.05
11 0.4015625 0.028125 0.025 0.05625
2 0.4609375 0.05625 0.0171875 0.034375
11 0.4796875 0.04375 0.0265625 0.053125
11 0.534375 0.0359375 0.025 0.0546875
11 0.6921875 0.04375 0.0296875 0.059375
11 0.740625 0.0375 0.0234375 0.04375
2 0.9125 0.04375 0.0171875 0.03125
11 0.9328125 0.025 0.0328125 0.0453125
11 0.1671875 0.278125 0.028125 0.05
11 0.225 0.284375 0.025 0.05
11 0.2875 0.2875 0.028125 0.0453125
11 0.346875 0.26875 0.0296875 0.0484375
11 0.4203125 0.271875 0.0265625 0.04375
11 0.48125 0.275 0.025 0.0515625
11 0.54375 0.2796875 0.034375 0.053125
11 0.596875 0.2859375 0.03125 0.0515625
11 0.775 0.2953125 0.0296875 0.053125
11 0.840625 0.296875 0.03125 0.0484375
11 0.1703125 0.51875 0.03125 0.059375
11 0.228125 0.4890625 0.0265625 0.0515625
11 0.2859375 0.49375 0.0296875 0.05625
11 0.34375 0.4984375 0.0296875 0.0515625
2 0.40625 0.5234375 0.01875 0.0359375
11 0.425 0.509375 0.028125 0.05625
11 0.4875 0.503125 0.025 0.0515625
11 0.653125 0.515625 0.0265625 0.05
11 0.709375 0.50625 0.028125 0.05
11 0.7703125 0.484375 0.025 0.0453125
11 0.828125 0.4890625 0.0234375 0.053125
2 0.896875 0.50625 0.01875 0.0421875
11 0.9125 0.496875 0.025 0.053125
11 0.9671875 0.4875 0.0265625 0.0515625
11 0.165625 0.721875 0.025 0.05
11 0.2296875 0.728125 0.028125 0.0546875
11 0.290625 0.734375 0.028125 0.05
11 0.353125 0.7125 0.03125 0.0515625
11 0.428125 0.715625 0.025 0.05
11 0.4890625 0.721875 0.025 0.0515625
11 0.55 0.725 0.0265625 0.0546875
11 0.609375 0.73125 0.0265625 0.05
11 0.671875 0.9453125 0.025 0.05
11 0.73125 0.940625 0.0234375 0.0515625
11 0.7921875 0.934375 0.028125 0.0484375
3 0.9171875 0.928125 0.025 0.0484375
11 0.959375 0.9296875 0.028125 0.0484375
8 0.16875 0.94375 0.028125 0.0484375
8 0.2734375 0.940625 0.0296875 0.046875
8 0.1671875 0.8 0.0234375 0.04375
8 0.2890625 0.825 0.021875 0.0453125
8 0.425 0.821875 0.0265625 0.04375
8 0.546875 0.81875 0.0265625 0.04375
8 0.6828125 0.8078125 0.0265625 0.046875
8 0.7875 0.8140625 0.0328125 0.05
8 0.909375 0.803125 0.0265625 0.04375
8 0.684375 0.7125 0.025 0.04375
8 0.7890625 0.740625 0.03125 0.046875
8 0.1734375 0.5859375 0.0328125 0.046875
8 0.2828125 0.5875 0.03125 0.04375
8 0.425 0.60625 0.0296875 0.05
8 0.5421875 0.60625 0.0265625 0.0484375
8 0.65625 0.5953125 0.0296875 0.05
8 0.76875 0.59375 0.028125 0.0515625
8 0.909375 0.5859375 0.03125 0.046875
8 0.54375 0.4859375 0.028125 0.0453125
8 0.16875 0.359375 0.025 0.046875
8 0.2875 0.378125 0.025 0.04375
8 0.4203125 0.38125 0.03125 0.0453125
8 0.5390625 0.3796875 0.0234375 0.046875
8 0.675 0.3703125 0.03125 0.046875
8 0.775 0.365625 0.034375 0.0484375
8 0.9203125 0.359375 0.0328125 0.046875
8 0.24375 0.140625 0.03125 0.05
8 0.3484375 0.14375 0.0234375 0.05
8 0.478125 0.1625 0.03125 0.0484375
8 0.5890625 0.1671875 0.0296875 0.0453125
8 0.6890625 0.1515625 0.0265625 0.0515625
8 0.796875 0.1484375 0.034375 0.046875
8 0.925 0.14375 0.03125 0.05
8 0.671875 0.265625 0.0234375 0.046875
5 0.915625 0.284375 0.028125 0.0234375
5 0.9125 0.75 0.0328125 0.0234375
5 0.390625 0.940625 0.0234375 0.0265625
2 0.275 0.8078125 0.0171875 0.0359375
2 0.859375 0.95 0.0203125 0.0359375
2 0.271875 0.3671875 0.01875 0.028125
11 0.853125 0.021875 0.0390625 0.04375
11 0.98125 0.021875 0.0375 0.0421875
12 0.60625 0.93125 0.01875 0.04375
3 0.875 0.934375 0.021875 0.05