5 0.8 0.11875 0.0203125 0.025
8 0.796875 0.634375 0.025 0.0421875
5 0.7953125 0.58125 0.0265625 0.0234375
5 0.275 0.7765625 0.025 0.0234375
5 0.815625 0.984375 0.025 0.01875
5 0.6109375 0.990625 0.0203125 0.0171875
8 0.053125 0.19375 0.028125 0.04375
8 0.16875 0.2109375 0.0203125 0.04375
8 0.3046875 0.2125 0.025 0.04375
8 0.4203125 0.2125 0.03125 0.0453125
8 0.5546875 0.2 0.025 0.0484375
8 0.659375 0.196875 0.028125 0.0453125
8 0.803125 0.190625 0.034375 0.0421875
8 0.896875 0.1953125 0.03125 0.0515625
8 0.5609375 0.1015625 0.028125 0.046875
8 0.4296875 0.3171875 0.028125 0.0453125
8 0.0578125 0.41875 0.028125 0.046875
8 0.1671875 0.4171875 0.028125 0.046875
8 0.309375 0.440625 0.0328125 0.05
8 0.425 0.4390625 0.028125 0.046875
8 0.5375 0.425 0.025 0.05
8 0.65625 0.425 0.028125 0.0578125
8 0.7890625 0.4171875 0.0328125 0.046875
8 0.9109375 0.415625 0.0234375 0.046875
11 0.8546875 0.3203125 0.025 0.0453125
8 0.90625 0.3234375 0.0265625 0.05625
8 0.053125 0.63125 0.028125 0.04375
8 0.309375 0.653125 0.03125 0.0515625
8 0.1734375 0.6515625 0.0203125 0.04375
8 0.434375 0.6546875 0.0328125 0.0515625
8 0.56875 0.6421875 0.0328125 0.0515625
8 0.6703125 0.64375 0.0328125 0.04375
8 0.9 0.6328125 0.03125 0.046875
8 0.05625 0.7765625 0.034375 0.0546875
8 0.15625 0.771875 0.025 0.0546875
8 0.9109375 0.7625 0.025 0.04375
8 0.053125 0.86875 0.025 0.0515625
8 0.153125 0.878125 0.021875 0.046875
8 0.275 0.8625 0.028125 0.0453125
8 0.378125 0.859375 0.028125 0.04375
8 0.49375 0.871875 0.0328125 0.05
8 0.6140625 0.871875 0.0390625 0.046875
8 0.7625 0.8640625 0.028125 0.0484375
8 0.9125 0.8625 0.0296875 0.05
11 0.0515625 0.1125 0.021875 0.046875
11 0.1125 0.115625 0.03125 0.0453125
11 0.16875 0.11875 0.025 0.0453125
11 0.234375 0.096875 0.03125 0.0453125
11 0.3078125 0.10625 0.028125 0.0453125
11 0.365625 0.1078125 0.0234375 0.05
11 0.4234375 0.109375 0.028125 0.05
11 0.484375 0.11875 0.021875 0.05
11 0.6625 0.128125 0.028125 0.046875
11 0.7234375 0.1296875 0.03125 0.05625
11 0.0578125 0.35 0.028125 0.0609375
11 0.115625 0.31875 0.03125 0.0484375
11 0.171875 0.325 0.0296875 0.053125
11 0.228125 0.3296875 0.021875 0.053125
2 0.290625 0.353125 0.015625 0.034375
11 0.309375 0.3375 0.028125 0.046875
11 0.36875 0.334375 0.025 0.053125
11 0.54375 0.3421875 0.034375 0.053125
11 0.5953125 0.3375 0.0265625 0.046875
11 0.6578125 0.3171875 0.0265625 0.0453125
11 0.715625 0.321875 0.021875 0.05
2 0.778125 0.3390625 0.0171875 0.03125
11 0.79375 0.325 0.025 0.05
11 0.0546875 0.55625 0.028125 0.05
11 0.1125 0.559375 0.028125 0.0484375
11 0.175 0.5640625 0.0234375 0.0453125
11 0.2375 0.54375 0.028125 0.0515625
11 0.3125 0.5453125 0.025 0.046875
11 0.371875 0.5515625 0.03125 0.0484375
11 0.434375 0.5546875 0.0359375 0.046875
11 0.49375 0.5625 0.028125 0.0484375
11 0.559375 0.775 0.03125 0.0578125
11 0.6203125 0.7703125 0.025 0.046875
11 0.6796875 0.7671875 0.03125 0.05
3 0.803125 0.759375 0.0234375 0.04375
11 0.846875 0.7625 0.025 0.046875
12 0.490625 0.765625 0.028125 0.0390625
8 0.56875 0.5453125 0.0234375 0.0515625
8 0.675 0.5703125 0.0328125 0.046875
2 0.159375 0.640625 0.0171875 0.034375
2 0.7453125 0.7796875 0.015625 0.0328125
2 0.15625 0.2 0.0171875 0.0296875
3 0.7625 0.765625 0.0265625 0.0515625