14 0.0984375 0.115625 0.040625 0.0796875
14 0.0984375 0.334375 0.0390625 0.084375
14 0.096875 0.5640625 0.0375 0.0828125
14 0.1 0.778125 0.0421875 0.0796875
0 0.096875 0.2046875 0.0421875 0.053125
0 0.096875 0.43125 0.0359375 0.04375
0 0.096875 0.64375 0.03125 0.04375
0 0.096875 0.871875 0.0421875 0.046875
11 0.140625 0.11875 0.03125 0.0515625
11 0.1984375 0.125 0.0234375 0.046875
11 0.259375 0.128125 0.0203125 0.0421875
11 0.321875 0.109375 0.028125 0.0515625
11 0.39375 0.1125 0.0296875 0.046875
11 0.45625 0.115625 0.0296875 0.05
11 0.515625 0.1203125 0.028125 0.0484375
11 0.5734375 0.125 0.0234375 0.046875
11 0.7484375 0.1375 0.03125 0.053125
11 0.8125 0.134375 0.0296875 0.046875
11 0.146875 0.359375 0.0328125 0.0609375
11 0.2 0.328125 0.0296875 0.05
11 0.259375 0.334375 0.0234375 0.0515625
11 0.3171875 0.340625 0.0296875 0.05625
2 0.378125 0.359375 0.0203125 0.0390625
11 0.3984375 0.346875 0.0265625 0.0515625
11 0.459375 0.3453125 0.025 0.0546875
11 0.634375 0.35 0.0359375 0.053125
11 0.684375 0.34375 0.0265625 0.046875
11 0.7453125 0.325 0.028125 0.0515625
11 0.80625 0.3265625 0.028125 0.046875
2 0.86875 0.346875 0.0171875 0.03125
11 0.8859375 0.33125 0.028125 0.05
11 0.9421875 0.328125 0.028125 0.0546875
11 0.140625 0.565625 0.0265625 0.05
11 0.2 0.565625 0.025 0.05
11 0.2609375 0.571875 0.0296875 0.0421875
11 0.325 0.553125 0.0328125 0.046875
11 0.4 0.55625 0.01875 0.053125
11 0.4625 0.5609375 0.0296875 0.0515625
11 0.521875 0.5640625 0.028125 0.0515625
11 0.5828125 0.56875 0.0234375 0.053125
11 0.646875 0.7859375 0.025 0.0453125
11 0.703125 0.78125 0.0234375 0.05
11 0.765625 0.778125 0.0265625 0.0515625
3 0.890625 0.7671875 0.03125 0.046875
11 0.93125 0.771875 0.0296875 0.046875
8 0.14375 0.2 0.0265625 0.04375
8 0.259375 0.215625 0.0171875 0.0453125
8 0.39375 0.215625 0.021875 0.04375
8 0.509375 0.21875 0.0328125 0.0484375
8 0.6453125 0.209375 0.025 0.046875
8 0.746875 0.2046875 0.028125 0.04375
8 0.89375 0.1984375 0.0296875 0.05
8 0.9875 0.20625 0.021875 0.0546875
8 0.146875 0.425 0.0234375 0.04375
8 0.25625 0.428125 0.028125 0.0484375
8 0.3953125 0.4453125 0.0296875 0.046875
8 0.5140625 0.446875 0.0203125 0.0484375
8 0.628125 0.434375 0.025 0.05625
8 0.7421875 0.4359375 0.0265625 0.0578125
8 0.884375 0.428125 0.0265625 0.046875
8 0.140625 0.640625 0.0296875 0.05
8 0.2625 0.6625 0.0203125 0.0421875
8 0.396875 0.659375 0.0296875 0.046875
8 0.5203125 0.6640625 0.0234375 0.0515625
8 0.6578125 0.646875 0.028125 0.053125
8 0.759375 0.653125 0.0265625 0.0515625
8 0.8859375 0.640625 0.025 0.05
8 0.9875 0.640625 0.0203125 0.046875
8 0.1421875 0.7828125 0.028125 0.05
8 0.2484375 0.778125 0.028125 0.046875
8 0.1390625 0.878125 0.028125 0.05
8 0.24375 0.8859375 0.025 0.0453125
8 0.3640625 0.86875 0.0234375 0.046875
8 0.4671875 0.871875 0.025 0.05
8 0.5828125 0.878125 0.0203125 0.05
8 0.703125 0.8796875 0.021875 0.0453125
8 0.85 0.86875 0.034375 0.04375
5 0.3625 0.784375 0.0203125 0.01875
5 0.884375 0.5875 0.0390625 0.01875
5 0.8890625 0.1265625 0.021875 0.01875
12 0.58125 0.7703125 0.0265625 0.0375
8 0.6625 0.55 0.028125 0.04375
8 0.765625 0.5765625 0.0359375 0.046875
8 0.515625 0.3234375 0.0296875 0.046875
8 0.6453125 0.1078125 0.028125 0.0453125
2 0.24375 0.203125 0.0203125 0.0328125
2 0.2484375 0.646875 0.01875 0.0390625
2 0.834375 0.790625 0.01875 0.03125
3 0.8546875 0.771875 0.0328125 0.0546875