14 0.1625 0.09375 0.0375 0.090625
14 0.115625 0.346875 0.0375 0.08125
14 0.115625 0.5625 0.0390625 0.0828125
14 0.1140625 0.790625 0.0359375 0.08125
0 0.1625 0.2140625 0.0328125 0.0453125
0 0.115625 0.434375 0.0390625 0.04375
0 0.115625 0.659375 0.0375 0.05
0 0.115625 0.875 0.0375 0.046875
11 0.2359375 0.11875 0.0328125 0.05625
11 0.2890625 0.0890625 0.0265625 0.0453125
11 0.340625 0.09375 0.025 0.0515625
11 0.390625 0.1015625 0.0296875 0.0484375
2 0.45 0.125 0.0171875 0.0359375
11 0.46875 0.109375 0.0296875 0.0453125
11 0.525 0.103125 0.028125 0.0484375
11 0.6796875 0.1125 0.03125 0.0515625
11 0.7296875 0.10625 0.03125 0.05
11 0.790625 0.0890625 0.0265625 0.05
11 0.8421875 0.0921875 0.028125 0.0484375
2 0.903125 0.1109375 0.0171875 0.0328125
11 0.91875 0.09375 0.0203125 0.0484375
11 0.971875 0.090625 0.0234375 0.0453125
11 0.15625 0.346875 0.025 0.0484375
11 0.21875 0.353125 0.0234375 0.0484375
11 0.275 0.35625 0.03125 0.046875
11 0.3375 0.3359375 0.021875 0.0484375
11 0.4125 0.3421875 0.021875 0.0484375
11 0.471875 0.346875 0.03125 0.0484375
11 0.5296875 0.35 0.028125 0.0484375
11 0.590625 0.35625 0.0265625 0.046875
11 0.7640625 0.365625 0.028125 0.0515625
11 0.828125 0.365625 0.034375 0.0484375
11 0.1625 0.5859375 0.0296875 0.0578125
11 0.21875 0.5578125 0.0234375 0.05
11 0.2765625 0.5625 0.028125 0.05
11 0.33125 0.565625 0.0296875 0.053125
2 0.396875 0.590625 0.01875 0.040625
11 0.415625 0.5765625 0.0296875 0.05
11 0.475 0.571875 0.03125 0.0515625
11 0.6453125 0.58125 0.03125 0.05
11 0.7015625 0.571875 0.0265625 0.046875
11 0.7625 0.55625 0.025 0.05
11 0.81875 0.55625 0.025 0.05
2 0.884375 0.5765625 0.01875 0.0328125
11 0.903125 0.5625 0.028125 0.053125
11 0.959375 0.559375 0.0328125 0.0515625
11 0.15625 0.790625 0.0234375 0.0515625
11 0.2171875 0.79375 0.028125 0.0515625
11 0.2796875 0.8 0.025 0.05
11 0.34375 0.78125 0.0265625 0.0515625
11 0.4171875 0.784375 0.028125 0.0484375
11 0.48125 0.7875 0.0359375 0.053125
11 0.540625 0.79375 0.0359375 0.05
11 0.6 0.7984375 0.025 0.0515625
8 0.2375 0.2125 0.028125 0.05
8 0.3359375 0.2125 0.025 0.05
8 0.465625 0.23125 0.025 0.05
8 0.575 0.23125 0.028125 0.0484375
8 0.68125 0.21875 0.0328125 0.05
8 0.7875 0.21875 0.0203125 0.0515625
8 0.91875 0.2125 0.0234375 0.046875
8 0.5796875 0.0875 0.025 0.05
8 0.159375 0.428125 0.0234375 0.0484375
8 0.275 0.446875 0.021875 0.040625
8 0.409375 0.4484375 0.0234375 0.0453125
8 0.528125 0.446875 0.0203125 0.04375
8 0.6625 0.4390625 0.028125 0.0484375
8 0.7625 0.4359375 0.0328125 0.046875
8 0.9078125 0.428125 0.0203125 0.0453125
8 0.1625 0.653125 0.025 0.046875
8 0.271875 0.65625 0.025 0.046875
8 0.409375 0.678125 0.0328125 0.05
8 0.5296875 0.675 0.028125 0.0453125
8 0.64375 0.6609375 0.025 0.046875
8 0.759375 0.6625 0.025 0.0484375
8 0.8984375 0.653125 0.0296875 0.0484375
8 0.159375 0.86875 0.0296875 0.046875
8 0.28125 0.890625 0.0234375 0.0421875
8 0.4171875 0.8921875 0.0296875 0.0484375
8 0.5375 0.890625 0.0203125 0.0484375
8 0.6734375 0.878125 0.025 0.046875
8 0.7765625 0.878125 0.0203125 0.05
8 0.9015625 0.86875 0.0265625 0.046875
8 0.665625 0.3375 0.03125 0.046875
8 0.534375 0.5546875 0.028125 0.04375
8 0.678125 0.78125 0.03125 0.0546875
8 0.78125 0.80625 0.03125 0.05
5 0.9015625 0.8171875 0.03125 0.01875
5 0.90625 0.353125 0.0234375 0.0203125
2 0.265625 0.878125 0.015625 0.0359375
2 0.2625 0.434375 0.01875 0.0328125