8 0.05625 0.046875 0.0265625 0.0453125
8 0.15625 0.05 0.028125 0.04375
8 0.284375 0.0671875 0.0296875 0.04375
8 0.39375 0.06875 0.0234375 0.04375
8 0.4984375 0.0515625 0.0328125 0.0484375
8 0.60625 0.05625 0.03125 0.0515625
8 0.740625 0.0484375 0.0296875 0.04375
8 0.84375 0.046875 0.034375 0.046875
8 0.228125 0.284375 0.0265625 0.05
8 0.34375 0.2828125 0.0390625 0.0484375
8 0.48125 0.275 0.028125 0.05
8 0.58125 0.271875 0.0265625 0.0515625
8 0.7265625 0.265625 0.025 0.046875
8 0.825 0.271875 0.028125 0.0578125
8 0.0921875 0.49375 0.0265625 0.0484375
8 0.23125 0.5125 0.0203125 0.046875
8 0.35 0.5125 0.0234375 0.046875
8 0.353125 0.390625 0.021875 0.0484375
8 0.4609375 0.4984375 0.025 0.05
8 0.5796875 0.4984375 0.034375 0.0515625
8 0.7203125 0.4875 0.0234375 0.0484375
8 0.834375 0.3953125 0.025 0.053125
8 0.8375 0.490625 0.0234375 0.0453125
8 0.0984375 0.725 0.0203125 0.04375
8 0.2375 0.7265625 0.0296875 0.0484375
8 0.35625 0.725 0.03125 0.04375
8 0.49375 0.7140625 0.028125 0.0484375
8 0.49375 0.615625 0.025 0.046875
8 0.596875 0.715625 0.025 0.046875
8 0.5953125 0.6421875 0.028125 0.0484375
8 0.721875 0.7078125 0.0296875 0.046875
8 0.8265625 0.7078125 0.03125 0.04375
8 0.0828125 0.846875 0.0328125 0.053125
8 0.08125 0.95 0.0328125 0.0515625
8 0.203125 0.934375 0.028125 0.04375
8 0.30625 0.934375 0.03125 0.04375
8 0.41875 0.94375 0.01875 0.05
8 0.5375 0.946875 0.028125 0.0484375
8 0.684375 0.934375 0.0234375 0.0484375
8 0.8375 0.934375 0.028125 0.0421875
8 0.8375 0.8359375 0.0203125 0.046875
12 0.41875 0.8375 0.0234375 0.0390625
8 0.096875 0.284375 0.021875 0.0484375
8 0.4875 0.1765625 0.03125 0.0484375
11 0.0359375 0.1875 0.0265625 0.0484375
11 0.0953125 0.190625 0.025 0.04375
11 0.15625 0.1734375 0.0265625 0.04375
11 0.23125 0.178125 0.034375 0.046875
11 0.290625 0.18125 0.0296875 0.0515625
11 0.35 0.184375 0.025 0.05
11 0.4109375 0.1921875 0.021875 0.05
11 0.5875 0.2015625 0.0328125 0.053125
11 0.6484375 0.2015625 0.034375 0.053125
11 0.0390625 0.39375 0.028125 0.0484375
11 0.0953125 0.396875 0.0234375 0.0515625
11 0.153125 0.403125 0.028125 0.053125
2 0.2125 0.4265625 0.01875 0.0328125
11 0.234375 0.4109375 0.0296875 0.053125
11 0.29375 0.40625 0.028125 0.0484375
11 0.4671875 0.415625 0.028125 0.053125
11 0.521875 0.4109375 0.025 0.0453125
11 0.58125 0.3890625 0.028125 0.046875
11 0.640625 0.39375 0.028125 0.0484375
2 0.703125 0.4125 0.01875 0.0296875
11 0.721875 0.396875 0.025 0.05
11 0.78125 0.39375 0.025 0.053125
11 0.034375 0.63125 0.028125 0.046875
11 0.1 0.6359375 0.025 0.0453125
11 0.1625 0.615625 0.0296875 0.046875
11 0.2390625 0.621875 0.025 0.046875
11 0.3015625 0.625 0.0296875 0.053125
11 0.359375 0.628125 0.021875 0.0546875
11 0.41875 0.634375 0.0265625 0.0453125
11 0.484375 0.8484375 0.0265625 0.0546875
11 0.54375 0.846875 0.0328125 0.0515625
11 0.603125 0.8390625 0.0328125 0.0484375
3 0.725 0.8328125 0.025 0.04375
11 0.7703125 0.834375 0.0328125 0.046875
5 0.71875 0.65625 0.03125 0.021875
5 0.725 0.190625 0.028125 0.025
5 0.2 0.85 0.0234375 0.01875
2 0.084375 0.7125 0.0171875 0.0328125
2 0.6703125 0.8546875 0.0171875 0.0328125
2 0.08125 0.271875 0.0140625 0.034375
3 0.6859375 0.8375 0.0203125 0.053125