5 0.7703125 0.0296875 0.03125 0.025
5 0.765625 0.490625 0.028125 0.025
5 0.24375 0.6875 0.0296875 0.0234375
5 0.7875 0.896875 0.025 0.0203125
5 0.58125 0.9 0.025 0.0203125
11 0.0203125 0.025 0.0296875 0.05
11 0.08125 0.028125 0.034375 0.05
11 0.1375 0.03125 0.0328125 0.046875
11 0.2015625 0.0171875 0.028125 0.034375
11 0.278125 0.01875 0.028125 0.0375
11 0.334375 0.0234375 0.028125 0.046875
11 0.39609375 0.025 0.0234375 0.05
11 0.453125 0.028125 0.03125 0.05
11 0.628125 0.0375 0.03125 0.05
11 0.690625 0.0375 0.0296875 0.053125
11 0.028125 0.2609375 0.0328125 0.0578125
11 0.0859375 0.23125 0.028125 0.05
11 0.140625 0.234375 0.0234375 0.0515625
11 0.196875 0.240625 0.025 0.05
2 0.259375 0.2640625 0.0171875 0.03125
11 0.2796875 0.25 0.03125 0.0515625
11 0.3375 0.2453125 0.0328125 0.0484375
11 0.509375 0.253125 0.028125 0.053125
11 0.565625 0.246875 0.025 0.0484375
11 0.628125 0.228125 0.0296875 0.046875
11 0.684375 0.2328125 0.028125 0.053125
2 0.75 0.25 0.015625 0.03125
11 0.765625 0.2359375 0.0234375 0.0484375
11 0.81875 0.23125 0.0328125 0.0484375
11 0.021875 0.46875 0.0234375 0.05
11 0.0828125 0.471875 0.0203125 0.05
11 0.14375 0.475 0.0203125 0.0484375
11 0.20625 0.4546875 0.028125 0.0484375
11 0.28125 0.45625 0.028125 0.05
11 0.34375 0.4625 0.025 0.05
11 0.403125 0.4671875 0.0234375 0.053125
11 0.4625 0.471875 0.03125 0.0515625
11 0.528125 0.6875 0.028125 0.05
11 0.5890625 0.68125 0.03125 0.0484375
11 0.65 0.678125 0.021875 0.0546875
3 0.7703125 0.66875 0.0203125 0.0484375
11 0.815625 0.675 0.0234375 0.04375
11 0.084375 0.9125 0.0296875 0.0546875
2 0.128125 0.9203125 0.0171875 0.034375
11 0.146875 0.90625 0.025 0.0484375
11 0.2046875 0.9046875 0.025 0.05
12 0.0203125 0.9046875 0.015625 0.04375
8 0.5296875 0.0171875 0.025 0.034375
8 0.025 0.103125 0.0234375 0.0453125
8 0.140625 0.1234375 0.0234375 0.05
8 0.275 0.1234375 0.021875 0.0515625
8 0.39375 0.121875 0.0203125 0.0453125
8 0.5265625 0.1125 0.0234375 0.046875
8 0.628125 0.1078125 0.021875 0.05
8 0.771875 0.1 0.0234375 0.046875
8 0.86875 0.109375 0.0203125 0.0546875
8 0.025 0.328125 0.028125 0.0453125
8 0.1390625 0.33125 0.0265625 0.046875
8 0.28125 0.35 0.03125 0.0484375
8 0.3953125 0.3484375 0.028125 0.0453125
8 0.5109375 0.334375 0.028125 0.0453125
8 0.6234375 0.3375 0.034375 0.05
8 0.76875 0.3296875 0.028125 0.0484375
8 0.878125 0.33125 0.03125 0.0578125
8 0.025 0.54375 0.0265625 0.0515625
8 0.14375 0.559375 0.0234375 0.04375
8 0.28125 0.5609375 0.021875 0.0453125
8 0.403125 0.5640625 0.0265625 0.0484375
8 0.5375 0.55 0.0265625 0.0546875
8 0.540625 0.453125 0.025 0.0453125
8 0.6421875 0.48125 0.028125 0.053125
8 0.64375 0.553125 0.0265625 0.0453125
8 0.765625 0.54375 0.0265625 0.046875
8 0.86875 0.5453125 0.0234375 0.05
8 0.025 0.6859375 0.0234375 0.0484375
8 0.128125 0.684375 0.028125 0.0484375
8 0.884375 0.671875 0.025 0.0484375
8 0.021875 0.78125 0.021875 0.0484375
8 0.125 0.7875 0.0203125 0.04375
8 0.2453125 0.771875 0.0234375 0.040625
8 0.3484375 0.7734375 0.028125 0.05
8 0.4625 0.78125 0.0203125 0.05
8 0.584375 0.784375 0.028125 0.0515625
8 0.73125 0.775 0.0234375 0.0453125
8 0.88125 0.771875 0.021875 0.046875
12 0.465625 0.671875 0.028125 0.0375
3 0.3234375 0.8921875 0.0234375 0.0484375
10 0.365625 0.8984375 0.0328125 0.053125
8 0.4 0.228125 0.0265625 0.053125
8 0.878125 0.234375 0.028125 0.0515625
2 0.125 0.109375 0.01875 0.03125
2 0.1296875 0.553125 0.0171875 0.03125
2 0.715625 0.690625 0.015625 0.0359375
2 0.271875 0.9171875 0.015625 0.0359375
3 0.2875 0.9015625 0.021875 0.0453125
3 0.453125 0.921875 0.021875 0.0453125
3 0.490625 0.921875 0.03125 0.0484375
3 0.525 0.915625 0.0265625 0.053125
3 0.73125 0.678125 0.0234375 0.05