14 0.121875 0.1671875 0.0421875 0.0890625
14 0.071875 0.4171875 0.0328125 0.08125
14 0.071875 0.6375 0.0390625 0.0828125
14 0.071875 0.8625 0.0359375 0.0875
0 0.121875 0.2859375 0.034375 0.046875
0 0.071875 0.5046875 0.0375 0.05625
0 0.071875 0.73125 0.0359375 0.0484375
0 0.0734375 0.946875 0.0375 0.0484375
11 0.19375 0.190625 0.0328125 0.05625
11 0.246875 0.1625 0.034375 0.0453125
11 0.296875 0.165625 0.028125 0.0484375
11 0.35 0.171875 0.025 0.053125
2 0.409375 0.196875 0.0171875 0.03125
11 0.4296875 0.184375 0.028125 0.05
11 0.484375 0.178125 0.0234375 0.053125
11 0.6390625 0.1875 0.03125 0.05
11 0.6921875 0.1796875 0.028125 0.0515625
11 0.746875 0.159375 0.0265625 0.0484375
11 0.8 0.1625 0.0234375 0.0484375
2 0.859375 0.1796875 0.01875 0.034375
11 0.878125 0.16875 0.025 0.053125
11 0.928125 0.1625 0.0265625 0.0484375
11 0.115625 0.421875 0.028125 0.046875
11 0.178125 0.425 0.0265625 0.0484375
11 0.2375 0.428125 0.0265625 0.040625
11 0.3 0.409375 0.028125 0.05
11 0.3703125 0.4140625 0.0234375 0.05
11 0.43125 0.415625 0.0265625 0.05
11 0.490625 0.421875 0.0265625 0.053125
11 0.5484375 0.428125 0.028125 0.053125
11 0.725 0.4375 0.028125 0.0484375
11 0.7859375 0.4359375 0.028125 0.046875
11 0.11875 0.65625 0.034375 0.0578125
11 0.178125 0.6265625 0.0296875 0.0484375
11 0.234375 0.6359375 0.0265625 0.0546875
11 0.290625 0.6375 0.0265625 0.046875
2 0.353125 0.6625 0.015625 0.03125
11 0.3734375 0.6484375 0.025 0.05
11 0.43125 0.6453125 0.0234375 0.0515625
11 0.603125 0.653125 0.03125 0.05
11 0.659375 0.646875 0.0265625 0.0484375
11 0.721875 0.6265625 0.025 0.0453125
11 0.778125 0.6296875 0.0265625 0.046875
2 0.8421875 0.646875 0.0171875 0.034375
11 0.859375 0.63125 0.021875 0.0515625
11 0.91875 0.628125 0.0328125 0.0453125
11 0.115625 0.865625 0.0296875 0.0515625
11 0.178125 0.865625 0.0296875 0.05
11 0.2375 0.871875 0.0296875 0.046875
11 0.3 0.8515625 0.021875 0.0421875
11 0.375 0.85625 0.0265625 0.046875
11 0.4375 0.859375 0.028125 0.0515625
11 0.4984375 0.8640625 0.0234375 0.053125
11 0.559375 0.8703125 0.0234375 0.0484375
8 0.5375 0.159375 0.028125 0.04375
8 0.19375 0.284375 0.025 0.04375
8 0.296875 0.284375 0.0234375 0.0484375
8 0.428125 0.3046875 0.0265625 0.0453125
8 0.534375 0.303125 0.0234375 0.046875
8 0.6390625 0.290625 0.021875 0.046875
8 0.7453125 0.290625 0.0234375 0.05
8 0.878125 0.2828125 0.0265625 0.0453125
8 0.11875 0.5 0.028125 0.04375
8 0.234375 0.51875 0.0203125 0.04375
8 0.36875 0.51875 0.0265625 0.0484375
8 0.4859375 0.5203125 0.025 0.046875
8 0.61875 0.5125 0.025 0.0515625
8 0.621875 0.4078125 0.0234375 0.0453125
8 0.7203125 0.509375 0.025 0.0546875
8 0.8671875 0.4984375 0.0265625 0.0453125
8 0.965625 0.5078125 0.025 0.0484375
8 0.11875 0.725 0.0234375 0.046875
8 0.234375 0.728125 0.028125 0.046875
8 0.3734375 0.75 0.0296875 0.0484375
8 0.490625 0.746875 0.028125 0.0453125
8 0.603125 0.734375 0.025 0.0484375
8 0.71875 0.73125 0.0265625 0.05
8 0.8578125 0.7265625 0.0234375 0.04375
8 0.975 0.725 0.0234375 0.046875
8 0.1203125 0.9421875 0.028125 0.04375
8 0.2375 0.9625 0.025 0.05
8 0.375 0.9625 0.0234375 0.04375
8 0.4984375 0.9625 0.0328125 0.0421875
8 0.63125 0.9515625 0.0234375 0.0515625
8 0.7375 0.953125 0.0234375 0.0484375
8 0.859375 0.9421875 0.03125 0.046875
8 0.9625 0.94375 0.028125 0.046875
8 0.7359375 0.88125 0.028125 0.046875
8 0.6328125 0.85 0.025 0.046875
5 0.859375 0.8875 0.0265625 0.0234375
8 0.490625 0.6265625 0.03125 0.0484375
2 0.2234375 0.9484375 0.0140625 0.0328125
5 0.865625 0.4265625 0.0265625 0.0234375
8 0.975 0.63125 0.0296875 0.0515625
8 0.98125 0.28125 0.0296875 0.046875
8 0.98125 0.1765625 0.0265625 0.0515625
2 0.2203125 0.50625 0.0203125 0.0359375