14 0.0359375 0.0640625 0.0359375 0.0796875
14 0.0390625 0.28125 0.0421875 0.0828125
14 0.0375 0.721875 0.0390625 0.0796875
14 0.0375 0.95 0.0375 0.0796875
11 0.078125 0.065625 0.025 0.0515625
11 0.140625 0.071875 0.028125 0.0515625
11 0.2 0.06875 0.0234375 0.05
11 0.259375 0.05625 0.028125 0.046875
11 0.334375 0.05625 0.0296875 0.053125
11 0.39375 0.0625 0.0265625 0.05625
11 0.453125 0.0671875 0.0234375 0.0578125
11 0.5109375 0.06875 0.0296875 0.05
11 0.6859375 0.078125 0.0265625 0.059375
11 0.7515625 0.078125 0.034375 0.059375
11 0.0875 0.3015625 0.0296875 0.0625
11 0.140625 0.271875 0.021875 0.0515625
11 0.2 0.275 0.0265625 0.05
11 0.2546875 0.28125 0.025 0.05625
2 0.31875 0.30625 0.015625 0.03125
11 0.3375 0.29375 0.025 0.0546875
11 0.3953125 0.290625 0.021875 0.053125
11 0.56875 0.3 0.0328125 0.053125
11 0.625 0.290625 0.0265625 0.046875
11 0.684375 0.2703125 0.025 0.0484375
11 0.740625 0.275 0.0234375 0.0515625
2 0.80625 0.290625 0.0171875 0.04375
11 0.8234375 0.2796875 0.025 0.059375
11 0.8796875 0.275 0.0265625 0.053125
11 0.08125 0.509375 0.025 0.0515625
11 0.14375 0.5140625 0.025 0.05
11 0.2 0.515625 0.028125 0.0546875
11 0.2625 0.496875 0.025 0.0484375
11 0.340625 0.5 0.021875 0.04375
11 0.403125 0.50625 0.0296875 0.05
11 0.459375 0.50625 0.0234375 0.046875
11 0.525 0.5125 0.0265625 0.05
11 0.5875 0.73125 0.028125 0.046875
11 0.646875 0.725 0.0234375 0.0484375
11 0.70625 0.7203125 0.025 0.053125
3 0.828125 0.7140625 0.0265625 0.04375
11 0.8703125 0.7125 0.025 0.05
11 0.140625 0.9546875 0.028125 0.0546875
2 0.1875 0.9625 0.0140625 0.0328125
11 0.203125 0.9515625 0.0203125 0.053125
11 0.2640625 0.9453125 0.028125 0.046875
0 0.0359375 0.1484375 0.0421875 0.05
0 0.0375 0.3765625 0.0390625 0.05
0 0.0375 0.5921875 0.0375 0.0546875
0 0.034375 0.8234375 0.040625 0.0546875
14 0.0375 0.50625 0.040625 0.08125
8 0.5875 0.053125 0.025 0.0484375
8 0.08125 0.14375 0.021875 0.0484375
8 0.203125 0.165625 0.025 0.0484375
8 0.33125 0.165625 0.0296875 0.05625
8 0.4515625 0.165625 0.028125 0.0515625
8 0.5875 0.15625 0.0296875 0.059375
8 0.684375 0.1515625 0.03125 0.0515625
8 0.828125 0.14375 0.0296875 0.0515625
8 0.9265625 0.153125 0.028125 0.0578125
8 0.0875 0.3703125 0.0328125 0.05
8 0.196875 0.375 0.025 0.046875
8 0.334375 0.3921875 0.0234375 0.0546875
8 0.453125 0.3921875 0.028125 0.046875
8 0.56875 0.3796875 0.0328125 0.0546875
8 0.684375 0.378125 0.0234375 0.0515625
8 0.8234375 0.371875 0.025 0.0515625
8 0.9375 0.371875 0.0234375 0.053125
8 0.459375 0.2703125 0.0265625 0.046875
8 0.596875 0.496875 0.025 0.046875
8 0.084375 0.584375 0.0265625 0.04375
8 0.2 0.609375 0.0203125 0.05
8 0.3390625 0.60625 0.0265625 0.05
8 0.459375 0.6078125 0.0234375 0.05
8 0.596875 0.59375 0.0234375 0.0546875
8 0.7 0.6 0.025 0.046875
8 0.7015625 0.521875 0.028125 0.04375
8 0.828125 0.5875 0.0296875 0.05
8 0.925 0.5859375 0.0265625 0.0453125
8 0.084375 0.728125 0.028125 0.05
8 0.1875 0.725 0.0328125 0.05
8 0.0796875 0.825 0.021875 0.0546875
8 0.184375 0.8296875 0.0265625 0.0484375
8 0.303125 0.8125 0.025 0.046875
8 0.40625 0.8140625 0.0265625 0.0453125
8 0.521875 0.821875 0.0265625 0.05
8 0.64375 0.8265625 0.03125 0.046875
8 0.7890625 0.815625 0.0296875 0.046875
8 0.9375 0.815625 0.0265625 0.04375
8 0.940625 0.7125 0.0265625 0.0453125
8 0.9375 0.2765625 0.0296875 0.046875
5 0.828125 0.06875 0.0265625 0.021875
5 0.821875 0.534375 0.034375 0.021875
5 0.3015625 0.728125 0.03125 0.0234375
5 0.640625 0.9421875 0.0234375 0.0234375
5 0.8421875 0.9359375 0.0265625 0.021875
12 0.0796875 0.946875 0.021875 0.04375
12 0.51875 0.715625 0.025 0.0390625
2 0.775 0.73125 0.0203125 0.0390625
2 0.3296875 0.95625 0.015625 0.0375
2 0.1875 0.5921875 0.015625 0.0328125
2 0.184375 0.1515625 0.01875 0.0421875
3 0.346875 0.94375 0.0234375 0.05
3 0.38125 0.9375 0.0234375 0.046875
3 0.5125 0.9640625 0.025 0.0421875
3 0.55 0.9625 0.0234375 0.053125
3 0.584375 0.959375 0.028125 0.0515625
3 0.790625 0.71875 0.0265625 0.0546875