3 0.096875 0.39375 0.046875 0.0828125
3 0.79375 0.7953125 0.059375 0.078125
3 0.784375 0.384375 0.059375 0.0734375
3 0.4375 0.80625 0.05 0.08125
3 0.240625 0.8140625 0.046875 0.0828125
8 0.2 0.159375 0.0453125 0.0765625
8 0.196875 0.3875 0.04375 0.078125
8 0.5375 0.14375 0.046875 0.084375
8 0.2 0.5625 0.0421875 0.0828125
11 0.5125 0.8125 0.05 0.08125
8 0.4390625 0.5625 0.046875 0.0828125
12 0.4375 0.378125 0.04375 0.065625
11 0.11875 0.7859375 0.0453125 0.075
11 0.6671875 0.79375 0.0484375 0.0765625
11 0.628125 0.38125 0.0515625 0.0765625
11 0.3125 0.8125 0.0484375 0.084375