11 0.071875 0.36875 0.04375 0.08125
11 0.4 0.4 0.0421875 0.0796875
2 0.36875 0.4265625 0.028125 0.0546875
11 0.975 0.05625 0.0484375 0.0859375
11 0.6859375 0.04375 0.0421875 0.08125
11 0.96875 0.36875 0.0453125 0.078125
11 0.60625 0.7609375 0.04375 0.0859375
11 0.78125 0.4125 0.046875 0.0859375
11 0.278125 0.74375 0.0484375 0.08125
8 0.59375 0.565625 0.0421875 0.078125
11 0.403125 0.75 0.04375 0.08125
11 0.06875 0.7703125 0.046875 0.084375
8 0.596875 0.365625 0.040625 0.078125
8 0.3921875 0.19375 0.0453125 0.078125
8 0.6015625 0.925 0.04375 0.0796875
8 0.778125 0.546875 0.04375 0.0890625
11 0.16875 0.040625 0.046875 0.078125
11 0.709375 0.7703125 0.0453125 0.0875
8 0.171875 0.928125 0.0375 0.0796875
8 0.396875 0.925 0.04375 0.078125
11 0.2640625 0.384375 0.040625 0.0828125
11 0.871875 0.4 0.04375 0.08125
8 0.584375 0.19375 0.0390625 0.078125
8 0.83125 0.7375 0.040625 0.078125
11 0.50625 0.75625 0.0453125 0.0828125
8 0.8296875 0.903125 0.040625 0.084375
8 0.965625 0.546875 0.0453125 0.0890625
11 0.1703125 0.775 0.0484375 0.08125
11 0.16875 0.375 0.04375 0.0859375
11 0.496875 0.39375 0.0390625 0.084375
8 0.1640625 0.5375 0.04375 0.0828125
8 0.396875 0.565625 0.0390625 0.0765625
8 0.16875 0.19375 0.0375 0.075
8 0.8046875 0.178125 0.0421875 0.0828125
8 0.975 0.1734375 0.0453125 0.0859375
2 0.146875 0.90625 0.028125 0.0609375
2 0.1484375 0.165625 0.025 0.053125