14 0.053125 0.1046875 0.059375 0.1359375
14 0.0515625 0.465625 0.0625 0.140625
0 0.053125 0.2484375 0.0625 0.08125
11 0.8453125 0.13125 0.04375 0.08125
11 0.23125 0.11875 0.0453125 0.0875
11 0.6578125 0.48125 0.040625 0.084375
11 0.559375 0.4890625 0.040625 0.0828125
11 0.4359375 0.828125 0.046875 0.078125
11 0.128125 0.1125 0.04375 0.0859375
11 0.228125 0.85625 0.046875 0.084375
8 0.7578125 0.4515625 0.040625 0.078125
11 0.55625 0.103125 0.04375 0.0796875
14 0.046875 0.846875 0.0640625 0.1359375
11 0.43125 0.096875 0.046875 0.078125
11 0.8625 0.859375 0.046875 0.0859375
11 0.1234375 0.846875 0.0484375 0.0875
11 0.23125 0.45625 0.04375 0.08125
11 0.33125 0.8625 0.046875 0.08125
11 0.33125 0.1265625 0.04375 0.078125
11 0.765625 0.846875 0.0453125 0.0859375
8 0.7453125 0.28125 0.0421875 0.078125
11 0.1375 0.503125 0.053125 0.1015625
11 0.6546875 0.1109375 0.04375 0.0828125
8 0.753125 0.65625 0.0421875 0.0796875
8 0.134375 0.2421875 0.04375 0.078125
8 0.55625 0.653125 0.0421875 0.078125
11 0.421875 0.471875 0.0421875 0.084375
8 0.55 0.278125 0.0421875 0.078125
11 0.328125 0.459375 0.04375 0.084375
11 0.7515625 0.11875 0.0421875 0.0828125
8 0.3234375 0.621875 0.0421875 0.0828125
11 0.9375 0.5015625 0.05 0.0890625
11 0.665625 0.8421875 0.0453125 0.0890625
11 0.5625 0.8375 0.0421875 0.08125
0 0.05 0.6234375 0.065625 0.090625
8 0.3296875 0.278125 0.0359375 0.0765625
8 0.971875 0.1 0.0421875 0.0734375
2 0.5296875 0.515625 0.028125 0.0546875
8 0.96875 0.265625 0.0484375 0.08125
8 0.134375 0.615625 0.04375 0.0828125
8 0.9359375 0.63125 0.0421875 0.084375
2 0.303125 0.25 0.0265625 0.0546875