3 0.5625 0.5078125 0.0515625 0.084375
3 0.8625 0.0953125 0.05 0.0875
3 0.16875 0.51875 0.0515625 0.084375
14 0.0453125 0.06875 0.059375 0.1328125
3 0.28125 0.059375 0.059375 0.0828125
3 0.3671875 0.521875 0.05 0.0828125
3 0.584375 0.090625 0.0515625 0.0890625
3 0.7625 0.528125 0.0515625 0.08125
0 0.046875 0.246875 0.059375 0.08125
11 0.65 0.071875 0.0515625 0.090625
3 0.184375 0.9125 0.053125 0.084375
8 0.95625 0.278125 0.0484375 0.0875
11 0.634375 0.5171875 0.0515625 0.08125
11 0.3671875 0.08125 0.046875 0.084375
3 0.765625 0.9328125 0.0515625 0.08125
11 0.440625 0.5046875 0.0515625 0.0828125
8 0.4453125 0.68125 0.05 0.078125
11 0.24375 0.515625 0.0484375 0.0828125
11 0.765625 0.0859375 0.05 0.0890625
11 0.9625 0.0671875 0.0484375 0.0828125
11 0.4890625 0.084375 0.05 0.0828125
11 0.265625 0.9109375 0.0515625 0.0859375
8 0.05 0.6796875 0.046875 0.08125
11 0.040625 0.5109375 0.046875 0.0828125
11 0.1609375 0.05625 0.0453125 0.0828125
8 0.653125 0.253125 0.046875 0.078125
3 0.396875 0.9203125 0.0484375 0.08125
12 0.1578125 0.25625 0.0390625 0.06875
11 0.634375 0.940625 0.05 0.0875
11 0.0515625 0.909375 0.053125 0.084375
11 0.478125 0.928125 0.046875 0.084375
11 0.8640625 0.6859375 0.0515625 0.08125
8 0.3703125 0.246875 0.0421875 0.08125
11 0.86875 0.928125 0.046875 0.0828125
11 0.85625 0.5125 0.0484375 0.084375