3 0.775 0.965625 0.0609375 0.0671875
3 0.765625 0.5578125 0.0609375 0.078125
3 0.075 0.56875 0.05 0.0828125
3 0.784375 0.140625 0.0484375 0.0828125
8 0.515625 0.31875 0.046875 0.084375
8 0.18125 0.5640625 0.04375 0.0796875
3 0.446875 0.1375 0.0484375 0.084375
8 0.1796875 0.7375 0.04375 0.0828125
11 0.609375 0.55625 0.0484375 0.078125
11 0.65 0.965625 0.0546875 0.0671875
11 0.51875 0.1546875 0.0515625 0.0859375
8 0.4203125 0.740625 0.046875 0.0828125
11 0.103125 0.9625 0.046875 0.071875
11 0.328125 0.121875 0.0484375 0.0796875
8 0.18125 0.334375 0.046875 0.078125
11 0.665625 0.1453125 0.0515625 0.0796875
3 0.08125 0.1265625 0.05 0.084375
11 0.184375 0.121875 0.0484375 0.0828125
12 0.4171875 0.553125 0.04375 0.065625