14 0.190625 0.321875 0.0609375 0.1390625
14 0.1109375 0.7609375 0.0640625 0.1328125
3 0.703125 0.76875 0.053125 0.0828125
0 0.190625 0.5078125 0.059375 0.08125
3 0.30625 0.778125 0.0515625 0.084375
11 0.384375 0.778125 0.05 0.0875
3 0.728125 0.35 0.05 0.0859375
3 0.4234375 0.3234375 0.05625 0.0828125
3 0.5046875 0.7796875 0.0515625 0.0828125
11 0.625 0.34375 0.053125 0.084375
11 0.7859375 0.3328125 0.053125 0.090625
11 0.90625 0.340625 0.05 0.084375
8 0.58125 0.94375 0.046875 0.0796875
3 0.896875 0.784375 0.046875 0.0828125
11 0.578125 0.76875 0.053125 0.0875
0 0.1125 0.946875 0.0671875 0.08125
11 0.775 0.775 0.0515625 0.0859375
8 0.184375 0.9375 0.046875 0.0796875
11 0.50625 0.34375 0.046875 0.0859375
11 0.18125 0.775 0.046875 0.0859375
11 0.3 0.31875 0.04375 0.0796875
8 0.79375 0.5125 0.05625 0.08125
12 0.29375 0.5125 0.0390625 0.0671875
8 0.5109375 0.5109375 0.0453125 0.08125