11 0.384375 0.04375 0.0453125 0.08125
3 0.521875 0.8015625 0.0421875 0.084375
3 0.184375 0.778125 0.040625 0.084375
11 0.5875 0.409375 0.046875 0.0859375
12 0.48125 0.3875 0.0421875 0.065625
3 0.24375 0.7625 0.040625 0.0796875
11 0.784375 0.390625 0.04375 0.0828125
3 0.5828125 0.8 0.04375 0.090625
8 0.378125 0.203125 0.04375 0.0796875
3 0.4625 0.80625 0.0453125 0.0796875
11 0.4828125 0.05 0.04375 0.0828125
8 0.675 0.95 0.046875 0.084375
3 0.925 0.390625 0.0421875 0.0859375
8 0.775 0.0625 0.046875 0.0796875
11 0.04375 0.778125 0.05 0.0828125
11 0.684375 0.403125 0.046875 0.0859375
8 0.478125 0.565625 0.0453125 0.0859375
8 0.2875 0.553125 0.046875 0.08125
8 0.1796875 0.9375 0.05 0.08125
8 0.5984375 0.178125 0.040625 0.0828125
8 0.83125 0.9515625 0.04375 0.0828125
8 0.68125 0.56875 0.0421875 0.0828125
8 0.115625 0.5546875 0.046875 0.0796875
8 0.178125 0.203125 0.0453125 0.0828125
8 0.978125 0.1625 0.0421875 0.078125
10 0.3125 0.76875 0.059375 0.08125
8 0.775 0.190625 0.040625 0.0796875
2 0.15625 0.80625 0.03125 0.05625
2 0.89375 0.415625 0.0296875 0.05625
8 0.921875 0.553125 0.04375 0.078125
5 0.9765625 0.08125 0.046875 0.0359375
5 0.6765625 0.771875 0.0421875 0.0359375
5 0.1140625 0.409375 0.046875 0.0390625