14 0.14375 0.465625 0.065625 0.1328125
3 0.9359375 0.4921875 0.05 0.0828125
14 0.1484375 0.896875 0.0625 0.1359375
3 0.5421875 0.4859375 0.05 0.084375
3 0.940625 0.896875 0.05 0.0828125
3 0.45625 0.0328125 0.059375 0.065625
3 0.3421875 0.484375 0.053125 0.084375
3 0.7375 0.475 0.05 0.0828125
3 0.7625 0.053125 0.0484375 0.0875
11 0.415625 0.484375 0.0484375 0.0828125
0 0.225 0.215625 0.0609375 0.0796875
8 0.8265625 0.21875 0.046875 0.0796875
0 0.1453125 0.6546875 0.0609375 0.0828125
12 0.33125 0.21875 0.0390625 0.065625
11 0.615625 0.471875 0.0484375 0.0828125
11 0.6515625 0.89375 0.046875 0.084375
11 0.9421875 0.0484375 0.046875 0.084375
11 0.825 0.040625 0.053125 0.0796875
11 0.8140625 0.48125 0.05 0.0796875
3 0.56875 0.884375 0.0453125 0.078125
3 0.35625 0.88125 0.0546875 0.0828125
8 0.615625 0.65 0.046875 0.0796875
11 0.4390625 0.8765625 0.05 0.078125
11 0.8125 0.9046875 0.0484375 0.084375
11 0.54375 0.05 0.04375 0.0828125
8 0.2234375 0.640625 0.0453125 0.0796875
8 0.55 0.2125 0.0484375 0.0828125
11 0.665625 0.05 0.05 0.084375
11 0.21875 0.475 0.0453125 0.0828125
11 0.2265625 0.875 0.0546875 0.0859375