11 0.846875 0.459375 0.0375 0.0828125
11 0.521875 0.48125 0.04375 0.08125
11 0.94375 0.45 0.0421875 0.0796875
8 0.4609375 0.09375 0.040625 0.0765625
11 0.053125 0.48125 0.0390625 0.0859375
11 0.6203125 0.44375 0.04375 0.0765625
11 0.046875 0.0953125 0.04375 0.0796875
11 0.05625 0.825 0.04375 0.08125
11 0.434375 0.4890625 0.0484375 0.0859375
8 0.45625 0.259375 0.040625 0.0796875
8 0.246875 0.44375 0.0390625 0.0765625
11 0.7296875 0.1375 0.0484375 0.084375
11 0.7171875 0.45 0.04375 0.0796875
8 0.653125 0.8625 0.0484375 0.0828125
11 0.359375 0.846875 0.0453125 0.084375
8 0.484375 0.81875 0.040625 0.078125
11 0.25625 0.8390625 0.0453125 0.0828125
8 0.43125 0.6234375 0.0453125 0.0859375
11 0.340625 0.11875 0.0453125 0.0828125
8 0.24375 0.64375 0.04375 0.0765625
8 0.05 0.64375 0.0421875 0.078125
11 0.146875 0.103125 0.0421875 0.0796875
11 0.15625 0.83125 0.0453125 0.084375
8 0.61875 0.625 0.04375 0.0859375
11 0.628125 0.1328125 0.0453125 0.084375
8 0.8578125 0.240625 0.04375 0.0765625
5 0.85 0.88125 0.0515625 0.0375
11 0.1515625 0.475 0.040625 0.0828125
11 0.2421875 0.109375 0.040625 0.0828125
8 0.04375 0.26875 0.04375 0.0765625
2 0.01875 0.503125 0.03125 0.059375
8 0.2375 0.275 0.0421875 0.0765625
8 0.61875 0.2515625 0.040625 0.084375
8 0.85 0.60625 0.04375 0.078125
5 0.85625 0.1203125 0.040625 0.0359375
2 0.821875 0.484375 0.028125 0.0515625