14 0.2078125 0.1 0.0609375 0.134375
0 0.20625 0.7046875 0.0640625 0.078125
0 0.209375 0.2875 0.0625 0.0796875
14 0.2078125 0.53125 0.0640625 0.13125
3 0.553125 0.959375 0.0546875 0.0796875
11 0.428125 0.9609375 0.0515625 0.078125
3 0.9 0.959375 0.0546875 0.0796875
3 0.56875 0.528125 0.0515625 0.0828125
11 0.778125 0.95 0.046875 0.0765625
8 0.2765625 0.73125 0.0421875 0.078125
3 0.7796875 0.528125 0.0484375 0.08125
8 0.28125 0.2953125 0.0484375 0.08125
8 0.65 0.728125 0.04375 0.075
11 0.27421875 0.96171875 0.0484375 0.0765625
11 0.865625 0.1046875 0.053125 0.0890625
8 0.70625 0.290625 0.046875 0.084375
3 0.4125 0.0796875 0.0546875 0.08125
11 0.628125 0.9421875 0.05 0.0828125
11 0.28125 0.075 0.0546875 0.0828125
11 0.2765625 0.521875 0.05 0.0828125
11 0.4390625 0.521875 0.05 0.0828125
11 0.65 0.521875 0.05 0.08125
11 0.70625 0.0984375 0.05 0.0875
11 0.8609375 0.534375 0.046875 0.078125
3 0.628125 0.0890625 0.0515625 0.08125
11 0.496875 0.078125 0.053125 0.08125