11 0.796875 0.409375 0.046875 0.0875
3 0.79375 0.79375 0.046875 0.090625
11 0.046875 0.796875 0.04375 0.0875
3 0.73125 0.8 0.0421875 0.084375
3 0.4515625 0.75625 0.0375 0.078125
11 0.690625 0.05 0.04375 0.0828125
11 0.159375 0.053125 0.0484375 0.0828125
12 0.690625 0.3859375 0.040625 0.0625
3 0.671875 0.8078125 0.04375 0.075
11 0.05625 0.05 0.046875 0.084375
8 0.8828125 0.95 0.0484375 0.0859375
8 0.98125 0.059375 0.0375 0.084375
11 0.8953125 0.396875 0.0484375 0.0890625
11 0.25 0.778125 0.046875 0.084375
8 0.890625 0.56875 0.0453125 0.0828125
11 0.59296875 0.040625 0.0453125 0.08125
8 0.125 0.4 0.05 0.0875
8 0.609375 0.9640625 0.04375 0.071875
11 0.146875 0.784375 0.040625 0.0890625
8 0.11875 0.58125 0.0453125 0.0828125
3 0.3921875 0.775 0.0359375 0.08125
8 0.14375 0.9453125 0.0453125 0.0875
8 0.5875 0.203125 0.0421875 0.0828125
8 0.6875 0.5609375 0.046875 0.0875
2 0.13125 0.18125 0.0296875 0.0609375
8 0.159375 0.20625 0.0328125 0.0796875
8 0.496875 0.553125 0.0484375 0.0796875
8 0.3921875 0.9375 0.0453125 0.0796875
8 0.809375 0.175 0.04375 0.0828125
8 0.38125 0.203125 0.04375 0.0828125
10 0.525 0.7671875 0.0609375 0.0796875
8 0.98125 0.184375 0.0359375 0.0828125
8 0.325 0.5546875 0.0453125 0.08125
5 0.884375 0.76875 0.04375 0.0359375
2 0.3625 0.8 0.0296875 0.059375
5 0.3234375 0.409375 0.0453125 0.0390625