11 0.259375 0.940625 0.0453125 0.078125
8 0.8125 0.940625 0.0421875 0.0796875
11 0.3828125 0.603125 0.0421875 0.08125
11 0.4875 0.9578125 0.046875 0.084375
11 0.384375 0.9484375 0.0453125 0.08125
11 0.671875 0.240625 0.04375 0.0828125
11 0.246875 0.5875 0.0421875 0.0828125
11 0.959375 0.259375 0.0484375 0.0828125
8 0.790625 0.215625 0.040625 0.0765625
11 0.95 0.5671875 0.0453125 0.0765625
11 0.0515625 0.23125 0.05 0.084375
11 0.153125 0.240625 0.046875 0.078125
8 0.571875 0.7671875 0.040625 0.075
11 0.5703125 0.2328125 0.0421875 0.0828125
11 0.853125 0.603125 0.04375 0.0796875
8 0.375 0.390625 0.04375 0.075
11 0.584375 0.959375 0.04375 0.0796875
11 0.7625 0.6125 0.0484375 0.0875
11 0.05625 0.56875 0.0453125 0.0828125
11 0.475 0.225 0.0421875 0.0796875
11 0.253125 0.209375 0.046875 0.078125
8 0.5765625 0.565625 0.040625 0.0765625
11 0.375 0.21875 0.0421875 0.078125
11 0.48125 0.5953125 0.040625 0.0859375
8 0.153125 0.390625 0.034375 0.0734375
8 0.7859375 0.38125 0.0421875 0.0796875
8 0.7609375 0.746875 0.0421875 0.0859375
8 0.95625 0.375 0.0390625 0.08125
8 0.38125 0.7671875 0.04375 0.078125
8 0.6484375 0.04375 0.0390625 0.078125
2 0.35 0.6296875 0.0265625 0.0578125
11 0.15 0.578125 0.0453125 0.0859375
8 0.14375 0.7375 0.0421875 0.084375
8 0.56875 0.39375 0.0421875 0.078125
8 0.4703125 0.040625 0.0453125 0.078125
8 0.946875 0.75 0.0421875 0.0859375
2 0.128125 0.365625 0.0265625 0.053125