14 0.246875 0.2046875 0.0609375 0.134375
3 0.7875 0.23125 0.0515625 0.0890625
14 0.178125 0.646875 0.0640625 0.1296875
3 0.9609375 0.66875 0.05 0.0796875
3 0.371875 0.6609375 0.0515625 0.0859375
3 0.565625 0.6625 0.05 0.084375
3 0.484375 0.2046875 0.059375 0.0828125
0 0.25 0.3890625 0.059375 0.0765625
0 0.1703125 0.834375 0.065625 0.0828125
11 0.640625 0.65 0.046875 0.0828125
11 0.56875 0.225 0.04375 0.08125
8 0.25 0.81875 0.046875 0.08125
11 0.8484375 0.215625 0.053125 0.090625
11 0.3640625 0.203125 0.046875 0.084375
11 0.9671875 0.225 0.0515625 0.084375
3 0.765625 0.653125 0.0515625 0.0828125
11 0.24375 0.659375 0.046875 0.0875
8 0.65 0.825 0.046875 0.0796875
11 0.690625 0.225 0.0515625 0.084375
11 0.446875 0.6625 0.046875 0.08125
11 0.8375 0.6609375 0.0484375 0.0859375
12 0.359375 0.396875 0.040625 0.06875
8 0.571875 0.3875 0.0421875 0.0828125
8 0.8609375 0.39375 0.065625 0.084375