14 0.1 0.865625 0.065625 0.1390625
14 0.109375 0.1171875 0.0625 0.14375
14 0.103125 0.503125 0.0625 0.1375
0 0.10625 0.2875 0.065625 0.0828125
0 0.103125 0.646875 0.0640625 0.0796875
11 0.6125 0.1453125 0.0421875 0.0828125
8 0.803125 0.309375 0.0421875 0.078125
11 0.91875 0.5125 0.0453125 0.0859375
11 0.178125 0.503125 0.0484375 0.084375
11 0.7125 0.140625 0.0390625 0.0828125
11 0.2859375 0.1125 0.04375 0.08125
11 0.4875 0.4890625 0.046875 0.0796875
8 0.178125 0.8765625 0.0515625 0.0890625
11 0.475 0.1296875 0.0390625 0.084375
8 0.353125 0.86875 0.05 0.0859375
11 0.28125 0.5109375 0.046875 0.0859375
8 0.371875 0.278125 0.040625 0.084375
11 0.7171875 0.4984375 0.04375 0.0828125
11 0.384375 0.521875 0.0453125 0.0796875
11 0.3828125 0.11875 0.04375 0.084375
8 0.8109375 0.1109375 0.040625 0.0796875
8 0.6109375 0.665625 0.04375 0.078125
8 0.8125 0.665625 0.0421875 0.08125
11 0.81875 0.5046875 0.0453125 0.0859375
11 0.6125 0.49375 0.0453125 0.0828125
8 0.1796875 0.634375 0.04375 0.0796875
11 0.19375 0.1625 0.05 0.1015625
8 0.3828125 0.66875 0.0390625 0.078125
12 0.915625 0.8515625 0.0453125 0.0671875
2 0.578125 0.1703125 0.028125 0.0546875
8 0.609375 0.3125 0.0421875 0.078125
8 0.190625 0.271875 0.0453125 0.0796875
2 0.3578125 0.646875 0.025 0.05625
5 0.55 0.875 0.04375 0.0359375