14 0.1234375 0.165625 0.065625 0.13125
14 0.1296875 0.596875 0.0609375 0.134375
3 0.51875 0.1796875 0.0515625 0.084375
3 0.91875 0.59375 0.046875 0.0828125
3 0.3375 0.56875 0.0546875 0.0859375
3 0.321875 0.178125 0.0546875 0.0875
11 0.396875 0.1765625 0.0515625 0.0828125
3 0.715625 0.16875 0.0515625 0.0828125
8 0.2046875 0.790625 0.0484375 0.0828125
3 0.9125 0.184375 0.0484375 0.084375
11 0.7890625 0.175 0.0484375 0.0796875
11 0.4171875 0.571875 0.0546875 0.0828125
3 0.5484375 0.584375 0.046875 0.08125
0 0.125 0.346875 0.065625 0.08125
8 0.628125 0.784375 0.0453125 0.0828125
8 0.6 0.3421875 0.0484375 0.078125
0 0.13125 0.778125 0.0625 0.078125
8 0.2 0.3375 0.0484375 0.0796875
11 0.2046875 0.56875 0.053125 0.084375
11 0.628125 0.590625 0.0453125 0.0828125
11 0.59375 0.1671875 0.0546875 0.0875
11 0.19375 0.175 0.0484375 0.0859375
11 0.7875 0.603125 0.0484375 0.090625