14 0.2 0.409375 0.065625 0.1296875
3 0.3953125 0.425 0.0515625 0.0859375
14 0.20625 0.840625 0.0625 0.134375
3 0.98125 0.434375 0.0375 0.0859375
3 0.409375 0.81875 0.053125 0.0796875
3 0.790625 0.415625 0.0515625 0.0828125
3 0.5921875 0.428125 0.05 0.0828125
0 0.275 0.1515625 0.0609375 0.0765625
0 0.2015625 0.590625 0.065625 0.0796875
8 0.88125 0.159375 0.05 0.0796875
11 0.271875 0.421875 0.046875 0.08125
11 0.4703125 0.4234375 0.05 0.0828125
11 0.278125 0.815625 0.053125 0.08125
11 0.703125 0.8359375 0.0484375 0.084375
11 0.665625 0.4125 0.05 0.084375
11 0.49375 0.81875 0.0515625 0.08125
11 0.8625 0.421875 0.05 0.0796875
3 0.6234375 0.825 0.046875 0.0796875
8 0.5984375 0.15 0.046875 0.0828125
12 0.384375 0.159375 0.0390625 0.0640625
8 0.278125 0.58125 0.046875 0.0828125
8 0.671875 0.5875 0.0484375 0.0765625
11 0.8640625 0.84375 0.046875 0.0890625