11 0.515625 0.4 0.0421875 0.084375
11 0.8953125 0.4125 0.046875 0.0859375
11 0.7203125 0.7625 0.0453125 0.0875
11 0.08125 0.7625 0.04375 0.0859375
11 0.821875 0.7703125 0.04375 0.084375
8 0.9453125 0.7421875 0.040625 0.078125
11 0.1875 0.36875 0.0453125 0.08125
11 0.2859375 0.040625 0.0453125 0.078125
8 0.89375 0.546875 0.0453125 0.0875
11 0.61875 0.75625 0.04375 0.0828125
11 0.38125 0.384375 0.040625 0.084375
11 0.39375 0.7390625 0.046875 0.078125
11 0.521875 0.7484375 0.04375 0.08125
11 0.184375 0.76875 0.046875 0.0875
8 0.5125 0.925 0.0453125 0.0765625
8 0.709375 0.5625 0.040625 0.078125
8 0.2875 0.928125 0.0328125 0.078125
8 0.703125 0.19375 0.040625 0.0765625
11 0.284375 0.375 0.0421875 0.084375
11 0.8 0.0390625 0.0421875 0.078125
11 0.615625 0.39375 0.0421875 0.0859375
8 0.084375 0.890625 0.0453125 0.08125
8 0.7171875 0.925 0.04375 0.0796875
8 0.50625 0.1921875 0.0421875 0.0765625
8 0.7109375 0.3671875 0.0390625 0.078125
8 0.278125 0.5375 0.04375 0.0859375
8 0.2875 0.1890625 0.0328125 0.075
11 0.290625 0.778125 0.046875 0.08125
2 0.4859375 0.4265625 0.0265625 0.053125
11 0.0953125 0.415625 0.0515625 0.1015625
8 0.9203125 0.178125 0.0421875 0.08125
8 0.5109375 0.565625 0.040625 0.078125
8 0.94375 0.9 0.0421875 0.084375
8 0.0921875 0.153125 0.04375 0.0796875
8 0.09375 0.534375 0.0453125 0.0828125