3 0.4125 0.365625 0.0484375 0.08125
3 0.5578125 0.78125 0.05 0.0859375
3 0.325 0.78125 0.0484375 0.08125
11 0.83125 0.78125 0.046875 0.078125
3 0.203125 0.346875 0.0484375 0.08125
8 0.515625 0.35625 0.0421875 0.0765625
8 0.51875 0.128125 0.0453125 0.0765625
8 0.83125 0.953125 0.0421875 0.078125
11 0.2828125 0.35625 0.046875 0.08125
11 0.1984375 0.7703125 0.05 0.078125
8 0.75625 0.534375 0.0484375 0.0828125
3 0.753125 0.775 0.0484375 0.08125
11 0.4375 0.75625 0.046875 0.0734375
8 0.434375 0.95625 0.046875 0.0765625
8 0.853125 0.1125 0.04375 0.08125
8 0.5140625 0.53125 0.04375 0.0796875
8 0.06875 0.55 0.0421875 0.0734375
8 0.125 0.1140625 0.0453125 0.08125
8 0.053125 0.9359375 0.04375 0.075
11 0.94375 0.346875 0.0484375 0.078125
11 0.053125 0.7640625 0.05 0.0828125
12 0.7578125 0.346875 0.046875 0.0671875
11 0.63125 0.778125 0.05 0.078125
11 0.98125 0.7625 0.0375 0.078125
11 0.06875 0.340625 0.04375 0.08125