11 0.975 0.94375 0.046875 0.0734375
3 0.95 0.553125 0.046875 0.0828125
14 0.1625 0.5390625 0.0640625 0.134375
3 0.95 0.1078125 0.0515625 0.0828125
3 0.53125 0.5359375 0.0484375 0.0828125
3 0.50859375 0.96484375 0.0546875 0.0703125
14 0.1625 0.109375 0.0640625 0.13125
8 0.609375 0.740625 0.04375 0.0765625
3 0.8609375 0.96484375 0.05 0.0703125
3 0.7421875 0.534375 0.0484375 0.0828125
11 0.609375 0.53125 0.046875 0.0828125
11 0.7375 0.9609375 0.0484375 0.078125
3 0.584375 0.096875 0.0484375 0.08125
0 0.1625 0.296875 0.065625 0.078125
11 0.396875 0.5296875 0.0484375 0.0828125
8 0.2375 0.30625 0.0484375 0.0828125
11 0.45625 0.0875 0.0546875 0.084375
11 0.821875 0.5453125 0.046875 0.0796875
8 0.234375 0.74375 0.04375 0.078125
11 0.665625 0.10625 0.0515625 0.0875
0 0.1609375 0.715625 0.0640625 0.0796875
11 0.5890625 0.953125 0.05 0.084375
8 0.665625 0.3 0.046875 0.0828125
11 0.825 0.1140625 0.0515625 0.0859375
11 0.2359375 0.528125 0.046875 0.08125
11 0.240625 0.084375 0.0546875 0.0859375
3 0.371875 0.0890625 0.0515625 0.084375
2 0.890625 0.165625 0.16875 0.034375