3 0.64375 0.44375 0.05 0.084375
3 0.6421875 0.8890625 0.046875 0.084375
11 0.0859375 0.865625 0.046875 0.08125
3 0.43125 0.875 0.0484375 0.0796875
8 0.74375 0.88125 0.04375 0.078125
11 0.509375 0.88125 0.046875 0.078125
8 0.7453125 0.65625 0.04375 0.078125
11 0.296875 0.8671875 0.046875 0.0796875
3 0.0625 0.425 0.0515625 0.084375
11 0.89375 0.2375 0.046875 0.0765625
8 0.3546875 0.6375 0.046875 0.0828125
3 0.278125 0.434375 0.05 0.08125
11 0.3578125 0.44375 0.0484375 0.0890625
3 0.221875 0.875 0.0484375 0.08125
12 0.98125 0.8765625 0.0375 0.0625
11 0.7421875 0.20625 0.046875 0.0796875
11 0.5125 0.45 0.05 0.0859375
8 0.325 0.2 0.046875 0.078125
11 0.14375 0.428125 0.053125 0.084375
11 0.89375 0.440625 0.0453125 0.08125
11 0.746875 0.44375 0.046875 0.0828125
3 0.6390625 0.04375 0.0515625 0.0828125