3 0.1125 0.959375 0.0515625 0.08125
3 0.1109375 0.109375 0.0515625 0.084375
3 0.825 0.1125 0.0515625 0.0859375
3 0.8 0.946875 0.059375 0.0765625
11 0.703125 0.5328125 0.0515625 0.08125
3 0.115625 0.5125 0.05 0.0828125
11 0.55625 0.5390625 0.0515625 0.0875
3 0.4796875 0.521875 0.05 0.0828125
8 0.553125 0.70625 0.0453125 0.084375
12 0.453125 0.9390625 0.04375 0.065625
8 0.215625 0.95 0.04375 0.0796875
8 0.21875 0.721875 0.0453125 0.0796875
8 0.365625 0.078125 0.0484375 0.0875
3 0.821875 0.525 0.0515625 0.0828125
8 0.5234375 0.296875 0.046875 0.08125
11 0.2125 0.275 0.046875 0.078125
11 0.6453125 0.94375 0.05 0.075
11 0.3640625 0.309375 0.046875 0.078125
11 0.3640625 0.50625 0.0484375 0.08125
11 0.6875 0.1125 0.05 0.08125
11 0.209375 0.09375 0.0515625 0.084375
11 0.21875 0.5078125 0.0484375 0.0828125