3 0.696875 0.415625 0.05 0.0828125
3 0.115625 0.8328125 0.0484375 0.08125
8 0.43125 0.840625 0.04375 0.078125
3 0.3265625 0.85 0.046875 0.0796875
11 0.7703125 0.43125 0.0515625 0.084375
3 0.328125 0.40625 0.0515625 0.0828125
8 0.765625 0.596875 0.0453125 0.0859375
11 0.2 0.415625 0.053125 0.09375
11 0.9125 0.425 0.05 0.08125
8 0.4328125 0.6125 0.0453125 0.078125
11 0.19375 0.840625 0.046875 0.0796875
8 0.0375 0.5984375 0.046875 0.0828125
11 0.859375 0.834375 0.046875 0.075
8 0.7375 0.19375 0.0484375 0.0828125
11 0.5765625 0.196875 0.0484375 0.078125
12 0.66875 0.8375 0.0453125 0.06875
11 0.040625 0.403125 0.0453125 0.0859375
11 0.434375 0.4 0.0484375 0.0828125
8 0.575 0.403125 0.04375 0.08125
11 0.425 0.1625 0.053125 0.0796875