3 0.14375 0.546875 0.05 0.0828125
3 0.6984375 0.965625 0.05 0.06875
3 0.353125 0.559375 0.046875 0.0828125
3 0.35625 0.115625 0.053125 0.0828125
8 0.45625 0.553125 0.0421875 0.078125
3 0.725 0.128125 0.0515625 0.084375
11 0.06875 0.1125 0.05 0.084375
8 0.7 0.728125 0.046875 0.0828125
11 0.796875 0.14375 0.053125 0.0859375
8 0.06875 0.309375 0.046875 0.0828125
3 0.5 0.96875 0.046875 0.0609375
11 0.13984375 0.96484375 0.0453125 0.0703125
8 0.459375 0.325 0.0453125 0.078125
8 0.79375 0.309375 0.04375 0.084375
11 0.228125 0.121875 0.0484375 0.0859375
11 0.01875 0.540625 0.0359375 0.084375
11 0.94375 0.1359375 0.0515625 0.0828125
11 0.771875 0.96875 0.0484375 0.0625
11 0.8890625 0.546875 0.0515625 0.078125
11 0.928125 0.9609375 0.0515625 0.0734375
11 0.38125 0.9515625 0.0453125 0.071875
3 0.2625 0.96875 0.0453125 0.0625
11 0.57109375 0.96796875 0.0484375 0.0640625
11 0.225 0.55 0.0453125 0.0796875
11 0.4609375 0.1125 0.05 0.08125
11 0.60625 0.1125 0.0484375 0.0796875
12 0.696875 0.54375 0.04375 0.065625
8 0.459375 0.7265625 0.04375 0.084375