14 0.034375 0.61875 0.065625 0.1328125
3 0.2328125 0.6375 0.0515625 0.0875
3 0.825 0.64375 0.0453125 0.08125
14 0.1125 0.18125 0.059375 0.1359375
3 0.653125 0.20625 0.05 0.0890625
3 0.93125 0.2109375 0.05 0.0890625
11 0.5546875 0.203125 0.0515625 0.0828125
11 0.109375 0.63125 0.046875 0.084375
0 0.115625 0.3640625 0.0609375 0.08125
3 0.4328125 0.6375 0.0515625 0.0859375
3 0.3484375 0.1765625 0.0578125 0.08125
3 0.63125 0.6203125 0.053125 0.08125
11 0.3078125 0.634375 0.046875 0.08125
11 0.703125 0.634375 0.0515625 0.0828125
8 0.7171875 0.3703125 0.0484375 0.0828125
11 0.50625 0.621875 0.0515625 0.084375
11 0.83125 0.2 0.05 0.084375
11 0.434375 0.2015625 0.046875 0.0875
11 0.715625 0.1875 0.05 0.0875
8 0.509375 0.803125 0.0453125 0.078125
11 0.2296875 0.175 0.04375 0.0796875
8 0.4390625 0.365625 0.0421875 0.0828125
8 0.1140625 0.7953125 0.046875 0.08125
11 0.9234375 0.63125 0.0484375 0.0828125
11 0.925 0.8046875 0.0546875 0.078125
12 0.221875 0.371875 0.0390625 0.0671875
0 0.034375 0.8046875 0.0640625 0.084375