11 0.0875 0.25625 0.05 0.0859375
8 0.409375 0.24375 0.0421875 0.0796875
11 0.3890625 0.63125 0.0484375 0.0859375
3 0.79375 0.603125 0.0390625 0.075
8 0.5765625 0.284375 0.05 0.08125
11 0.184375 0.2640625 0.046875 0.0859375
3 0.728125 0.6125 0.040625 0.084375
11 0.2859375 0.271875 0.0453125 0.084375
8 0.1734375 0.065625 0.04375 0.0796875
11 0.490625 0.621875 0.046875 0.0859375
12 0.28125 0.6078125 0.0375 0.059375
5 0.778125 0.3015625 0.0484375 0.0328125
8 0.18125 0.428125 0.04375 0.0796875
8 0.546875 0.0484375 0.0453125 0.0875
8 0.090625 0.778125 0.0484375 0.0796875
11 0.5875 0.6125 0.046875 0.084375
11 0.8671875 0.603125 0.0484375 0.078125
8 0.2828125 0.784375 0.04375 0.0875
8 0.4875 0.79375 0.04375 0.0828125
8 0.575 0.40625 0.0375 0.08125
8 0.409375 0.4 0.0421875 0.084375
8 0.775 0.0359375 0.0484375 0.071875
8 0.359375 0.046875 0.046875 0.0875
8 0.96875 0.0375 0.053125 0.0734375
2 0.7 0.6359375 0.028125 0.0546875
5 0.8203125 0.98125 0.046875 0.0375
8 0.7828125 0.390625 0.046875 0.08125
8 0.9765625 0.771875 0.046875 0.0765625
8 0.978125 0.6 0.040625 0.078125
8 0.953125 0.390625 0.0453125 0.0765625
8 0.7265625 0.7734375 0.0453125 0.071875