3 0.065625 0.4703125 0.046875 0.0828125
3 0.43671875 0.0375 0.0515625 0.075
3 0.765625 0.8703125 0.059375 0.078125
3 0.75625 0.45625 0.0609375 0.075
3 0.40625 0.878125 0.046875 0.0796875
11 0.5984375 0.453125 0.05 0.078125
8 0.16875 0.634375 0.04375 0.08125
11 0.65625 0.04375 0.05 0.078125
8 0.50625 0.215625 0.04375 0.0859375
3 0.775 0.040625 0.0515625 0.078125
3 0.2125 0.8875 0.0453125 0.0859375
12 0.4109375 0.4515625 0.04375 0.065625
11 0.4828125 0.8875 0.046875 0.0828125
11 0.284375 0.884375 0.0453125 0.0828125
8 0.1703125 0.459375 0.04375 0.0765625
8 0.171875 0.23125 0.04375 0.078125
8 0.40625 0.6390625 0.04375 0.0828125
11 0.509375 0.053125 0.05 0.084375
11 0.090625 0.859375 0.0453125 0.075
11 0.6359375 0.86875 0.046875 0.075