0 0.0546875 0.690625 0.0625 0.078125
3 0.84375 0.50625 0.0515625 0.0828125
14 0.05 0.0796875 0.0625 0.13125
3 0.840625 0.953125 0.05 0.08125
3 0.840625 0.103125 0.05 0.084375
0 0.053125 0.2625 0.0640625 0.0796875
3 0.640625 0.084375 0.053125 0.0875
3 0.446875 0.096875 0.0484375 0.084375
3 0.246875 0.09375 0.05 0.084375
11 0.3265625 0.0953125 0.0484375 0.084375
14 0.0546875 0.5125 0.0625 0.1296875
11 0.7125 0.9421875 0.0484375 0.0796875
8 0.13125 0.7046875 0.0453125 0.0828125
8 0.9484375 0.7171875 0.04375 0.078125
3 0.475 0.5 0.05 0.08125
8 0.9453125 0.94375 0.04375 0.0796875
14 0.053125 0.9390625 0.059375 0.121875
11 0.71875 0.09375 0.0484375 0.08125
3 0.2625 0.490625 0.05 0.08125
11 0.55625 0.50625 0.0484375 0.0875
11 0.5234375 0.0859375 0.05 0.0859375
11 0.2875 0.928125 0.046875 0.0796875
11 0.128125 0.93125 0.0484375 0.08125
8 0.5578125 0.703125 0.0453125 0.0828125
11 0.5 0.928125 0.0453125 0.078125
3 0.63125 0.9359375 0.046875 0.0796875
8 0.525 0.259375 0.0453125 0.078125
3 0.421875 0.934375 0.046875 0.08125
11 0.121875 0.090625 0.046875 0.08125
8 0.128125 0.253125 0.0453125 0.0828125
11 0.715625 0.5140625 0.05 0.0875
11 0.134375 0.4875 0.0515625 0.0859375
11 0.34375 0.4890625 0.053125 0.08125
11 0.9390625 0.0890625 0.0484375 0.0828125
11 0.9421875 0.2671875 0.046875 0.0796875
11 0.9453125 0.5 0.0453125 0.0859375