11 0.96875 0.5421875 0.05 0.0828125
8 0.83125 0.3046875 0.0484375 0.0859375
11 0.39375 0.884375 0.0421875 0.08125
11 0.584375 0.51875 0.0421875 0.08125
11 0.9625 0.853125 0.0453125 0.078125
11 0.18125 0.0875 0.0453125 0.08125
11 0.915625 0.121875 0.0421875 0.075
11 0.834375 0.1375 0.046875 0.0828125
11 0.35625 0.103125 0.0421875 0.0859375
11 0.4859375 0.1203125 0.0421875 0.08125
11 0.259375 0.86875 0.04375 0.084375
11 0.096875 0.13125 0.0515625 0.096875
11 0.684375 0.5265625 0.04375 0.0828125
8 0.5796875 0.6796875 0.040625 0.078125
11 0.1640625 0.525 0.046875 0.078125
11 0.571875 0.1125 0.040625 0.0859375
8 0.478125 0.325 0.04375 0.078125
11 0.0671875 0.85 0.0453125 0.08125
11 0.271875 0.0953125 0.0453125 0.084375
8 0.6625 0.0875 0.0421875 0.0765625
8 0.803125 0.5 0.040625 0.075
11 0.775 0.89375 0.046875 0.0859375
11 0.1625 0.8625 0.0453125 0.0859375
11 0.4875 0.50625 0.0421875 0.08125
8 0.5875 0.846875 0.0390625 0.0765625
11 0.8640625 0.884375 0.04375 0.0796875
11 0.2625 0.4953125 0.046875 0.0796875
8 0.7984375 0.6625 0.04375 0.08125
11 0.0640625 0.5140625 0.0484375 0.084375
8 0.659375 0.3265625 0.0390625 0.078125
8 0.3859375 0.675 0.040625 0.075
11 0.4953125 0.878125 0.0421875 0.0875
2 0.3625 0.9125 0.025 0.0546875
8 0.165625 0.6734375 0.0359375 0.071875
8 0.265625 0.290625 0.0421875 0.084375
11 0.3875 0.4984375 0.04375 0.0796875
8 0.096875 0.28125 0.0421875 0.078125
8 0.9640625 0.659375 0.0421875 0.084375
2 0.4515625 0.15 0.0265625 0.059375
2 0.1421875 0.65 0.028125 0.0578125