14 0.1875 0.121875 0.0625 0.1359375
3 0.975 0.553125 0.0484375 0.08125
0 0.1875 0.3125 0.065625 0.08125
14 0.190625 0.55625 0.0625 0.13125
3 0.5765625 0.1453125 0.0515625 0.0828125
3 0.775 0.134375 0.05 0.0828125
3 0.6078125 0.54375 0.046875 0.0796875
3 0.38125 0.1421875 0.0515625 0.0859375
3 0.9734375 0.15 0.0484375 0.084375
0 0.1921875 0.746875 0.0640625 0.0796875
3 0.3953125 0.534375 0.053125 0.084375
11 0.25625 0.1375 0.046875 0.0859375
8 0.265625 0.753125 0.046875 0.0796875
11 0.6515625 0.13125 0.0515625 0.08125
11 0.4546875 0.140625 0.0484375 0.0828125
11 0.4796875 0.534375 0.0546875 0.0828125
11 0.8453125 0.559375 0.0515625 0.0859375
8 0.6578125 0.30625 0.0484375 0.0796875
8 0.6875 0.75 0.046875 0.0828125
11 0.265625 0.5328125 0.05 0.0828125
11 0.6875 0.553125 0.0484375 0.0828125
8 0.2625 0.3 0.046875 0.08125
11 0.846875 0.140625 0.05 0.08125