11 0.1625 0.13125 0.046875 0.0828125
3 0.45625 0.834375 0.0390625 0.0796875
11 0.25625 0.85 0.046875 0.084375
11 0.7984375 0.48125 0.0484375 0.0875
11 0.59375 0.115625 0.0453125 0.084375
3 0.734375 0.8765625 0.0421875 0.0828125
3 0.796875 0.871875 0.04375 0.0875
8 0.8203125 0.09375 0.0421875 0.078125
11 0.26875 0.09375 0.0484375 0.08125
11 0.696875 0.121875 0.046875 0.0859375
3 0.675 0.88125 0.04375 0.0765625
11 0.05 0.86875 0.046875 0.0875
11 0.49375 0.1078125 0.046875 0.084375
11 0.0578125 0.121875 0.046875 0.0859375
8 0.590625 0.275 0.0453125 0.08125
11 0.39375 0.1015625 0.04375 0.0828125
12 0.69375 0.4625 0.0375 0.0625
8 0.89375 0.6453125 0.0421875 0.0796875
11 0.9 0.475 0.0484375 0.0875
8 0.1296875 0.478125 0.0515625 0.0890625
8 0.159375 0.278125 0.0375 0.08125
10 0.525 0.840625 0.059375 0.08125
8 0.121875 0.659375 0.04375 0.0828125
8 0.3875 0.2765625 0.0453125 0.0796875
11 0.153125 0.8625 0.04375 0.0890625
8 0.690625 0.6375 0.046875 0.0875
3 0.3984375 0.85 0.04375 0.084375
8 0.503125 0.628125 0.05 0.0796875
8 0.328125 0.625 0.04375 0.0796875
8 0.8125 0.253125 0.0453125 0.0859375
2 0.134375 0.25625 0.028125 0.05625
5 0.328125 0.484375 0.0453125 0.0375
2 0.36875 0.875 0.0296875 0.05625
5 0.8890625 0.8421875 0.0421875 0.034375