14 0.096875 0.496875 0.0640625 0.1375
11 0.60625 0.140625 0.040625 0.08125
14 0.1 0.1125 0.065625 0.1390625
14 0.090625 0.8578125 0.065625 0.140625
11 0.16875 0.5 0.04375 0.0875
11 0.9109375 0.50625 0.0453125 0.084375
11 0.478125 0.48125 0.046875 0.0796875
11 0.709375 0.490625 0.046875 0.084375
0 0.096875 0.271875 0.0609375 0.0828125
11 0.809375 0.4984375 0.0453125 0.0859375
11 0.271875 0.50625 0.046875 0.084375
8 0.16875 0.625 0.0453125 0.0796875
0 0.09375 0.640625 0.0640625 0.08125
8 0.803125 0.6625 0.04375 0.0796875
11 0.60625 0.4859375 0.04375 0.0828125
11 0.465625 0.1203125 0.0390625 0.084375
11 0.278125 0.10625 0.0453125 0.0796875
11 0.178125 0.153125 0.05625 0.1015625
8 0.603125 0.6609375 0.04375 0.078125
11 0.703125 0.1328125 0.0421875 0.0859375
8 0.7953125 0.30625 0.0421875 0.078125
2 0.35 0.640625 0.0234375 0.0546875
11 0.375 0.5125 0.046875 0.08125
11 0.3734375 0.1125 0.04375 0.0828125
8 0.365625 0.275 0.04375 0.084375
8 0.18125 0.26875 0.04375 0.078125
11 0.98046875 0.14921875 0.0390625 0.0859375
8 0.340625 0.8625 0.0484375 0.0890625
8 0.165625 0.86875 0.0484375 0.090625
8 0.596875 0.30625 0.0421875 0.078125
8 0.796875 0.103125 0.0390625 0.075
12 0.90625 0.8453125 0.04375 0.0640625
2 0.5703125 0.1625 0.028125 0.053125
8 0.9796875 0.284375 0.040625 0.0890625
5 0.540625 0.86875 0.046875 0.0390625
11 0.99921875 0.14921875 0.0015625 0.0859375