14 0.1125 0.48125 0.0625 0.134375
3 0.309375 0.49375 0.05 0.084375
14 0.11875 0.9078125 0.065625 0.1296875
3 0.903125 0.909375 0.05 0.08125
3 0.42734375 0.0375 0.0609375 0.075
11 0.3875 0.49375 0.0484375 0.08125
3 0.5078125 0.496875 0.0484375 0.084375
0 0.19375 0.228125 0.059375 0.0828125
3 0.9 0.5 0.0484375 0.0828125
11 0.61875 0.903125 0.046875 0.084375
11 0.7796875 0.4953125 0.0453125 0.084375
3 0.5390625 0.8953125 0.046875 0.0796875
3 0.70625 0.484375 0.0484375 0.0828125
11 0.9109375 0.05625 0.05 0.0828125
11 0.6296875 0.0609375 0.053125 0.084375
3 0.325 0.8875 0.0515625 0.084375
0 0.1140625 0.6640625 0.0609375 0.0828125
8 0.79375 0.228125 0.05 0.0796875
11 0.7890625 0.05 0.0515625 0.090625
11 0.5828125 0.484375 0.0484375 0.0828125
11 0.184375 0.490625 0.0453125 0.0859375
11 0.7765625 0.915625 0.0484375 0.084375
3 0.73125 0.0609375 0.05 0.0859375
8 0.584375 0.659375 0.0453125 0.078125
11 0.509375 0.0578125 0.0515625 0.0859375
12 0.2984375 0.2296875 0.040625 0.065625
8 0.19375 0.65625 0.04375 0.08125
11 0.30625 0.0359375 0.0484375 0.071875
11 0.4078125 0.8875 0.053125 0.0796875
8 0.51875 0.221875 0.05 0.0859375
11 0.190625 0.884375 0.05 0.0828125