11 0.184375 0.2953125 0.040625 0.0828125
11 0.059375 0.640625 0.0453125 0.078125
11 0.2890625 0.653125 0.0421875 0.078125
11 0.659375 0.296875 0.04375 0.0796875
11 0.046875 0.28125 0.0421875 0.084375
11 0.753125 0.265625 0.0421875 0.078125
11 0.490625 0.665625 0.0453125 0.0828125
8 0.38125 0.2609375 0.040625 0.0765625
8 0.615625 0.6390625 0.0390625 0.078125
11 0.846875 0.271875 0.04375 0.08125
8 0.384375 0.8203125 0.0421875 0.08125
11 0.98125 0.278125 0.0375 0.0859375
11 0.390625 0.659375 0.046875 0.0859375
11 0.565625 0.309375 0.0515625 0.0875
8 0.3734375 0.090625 0.04375 0.078125
8 0.784375 0.684375 0.0453125 0.08125
8 0.378125 0.4609375 0.040625 0.0765625
8 0.1765625 0.090625 0.04375 0.0765625
11 0.284375 0.2890625 0.0390625 0.084375
8 0.75 0.44375 0.0453125 0.0875
11 0.1859375 0.6453125 0.0421875 0.0828125
2 0.1546875 0.325 0.0265625 0.05625
8 0.7546875 0.071875 0.04375 0.0875
8 0.18125 0.81875 0.04375 0.0796875
8 0.18125 0.4625 0.04375 0.078125
8 0.78125 0.80625 0.040625 0.08125
8 0.5890625 0.078125 0.0453125 0.08125
8 0.5609375 0.4421875 0.04375 0.0859375
8 0.6109375 0.8 0.0421875 0.084375
8 0.9796875 0.43125 0.040625 0.0765625
5 0.98046875 0.69921875 0.0390625 0.0359375
8 0.98125 0.784375 0.0359375 0.08125
2 0.9515625 0.30625 0.0265625 0.05
5 0.99921875 0.69921875 0.0015625 0.0359375