8 0.43125 0.425 0.0453125 0.0859375
11 0.359375 0.646875 0.0453125 0.0828125
11 0.61875 0.246875 0.04375 0.0765625
11 0.0546875 0.278125 0.040625 0.084375
11 0.94375 0.2515625 0.0421875 0.0796875
11 0.521875 0.278125 0.04375 0.08125
11 0.846875 0.259375 0.0375 0.0828125
11 0.434375 0.2875 0.046875 0.0859375
11 0.05625 0.621875 0.0421875 0.0828125
8 0.653125 0.6609375 0.0484375 0.08125
11 0.259375 0.6390625 0.0453125 0.0859375
8 0.24375 0.4421875 0.04375 0.0765625
8 0.4828125 0.615625 0.040625 0.078125
11 0.715625 0.253125 0.04375 0.0796875
8 0.246875 0.24375 0.040625 0.078125
11 0.159375 0.6296875 0.0453125 0.0828125
8 0.45625 0.05625 0.04375 0.0828125
8 0.25 0.8015625 0.0421875 0.08125
8 0.475 0.7796875 0.04375 0.084375
8 0.61875 0.425 0.04375 0.0859375
8 0.05 0.440625 0.0421875 0.078125
11 0.1515625 0.271875 0.040625 0.0828125
5 0.85 0.678125 0.0484375 0.0359375
8 0.846875 0.4109375 0.0421875 0.0765625
8 0.2375 0.06875 0.0421875 0.078125
8 0.05 0.803125 0.0453125 0.08125
8 0.04375 0.0671875 0.0453125 0.078125
2 0.01875 0.303125 0.03125 0.0609375
8 0.65 0.7828125 0.0421875 0.0828125
8 0.621875 0.0515625 0.04375 0.0859375
8 0.8625 0.0375 0.046875 0.0734375
2 0.821875 0.28125 0.028125 0.0515625
8 0.8578125 0.765625 0.046875 0.08125