3 0.034375 0.040625 0.046875 0.08125
3 0.43125 0.89375 0.046875 0.08125
3 0.221875 0.878125 0.0484375 0.0796875
8 0.84375 0.2375 0.0484375 0.0796875
8 0.8734375 0.64375 0.04375 0.084375
11 0.53125 0.209375 0.05 0.078125
8 0.146875 0.64375 0.0484375 0.084375
3 0.8 0.4609375 0.05 0.0859375
3 0.43125 0.0484375 0.046875 0.0828125
11 0.3046875 0.4578125 0.0484375 0.0875
11 0.309375 0.0375 0.046875 0.0734375
8 0.115625 0.203125 0.046875 0.0796875
12 0.775 0.878125 0.04375 0.065625
11 0.5265625 0.0375 0.05 0.075
8 0.5375 0.8875 0.0421875 0.078125
11 0.9625 0.8796875 0.0484375 0.0765625
3 0.0625 0.4359375 0.0484375 0.0796875
11 0.2984375 0.8859375 0.0484375 0.0828125
8 0.5375 0.659375 0.046875 0.078125
11 0.090625 0.871875 0.046875 0.0796875
3 0.434375 0.45 0.05 0.0828125
11 0.875 0.475 0.0515625 0.084375
11 0.684375 0.2421875 0.046875 0.075
11 0.684375 0.446875 0.0453125 0.0828125
11 0.146875 0.446875 0.046875 0.0859375
11 0.540625 0.446875 0.05 0.0828125