14 0.128125 0.925 0.0609375 0.1328125
14 0.121875 0.49375 0.0671875 0.134375
3 0.909375 0.51875 0.0484375 0.08125
3 0.434375 0.0515625 0.0609375 0.08125
0 0.125 0.671875 0.0640625 0.08125
3 0.515625 0.509375 0.05 0.084375
3 0.7375 0.078125 0.0515625 0.090625
3 0.3203125 0.5046875 0.0515625 0.084375
11 0.51875 0.071875 0.046875 0.084375
3 0.715625 0.496875 0.05 0.084375
14 0.2015625 0.059375 0.0609375 0.1171875
3 0.9125 0.921875 0.0484375 0.08125
0 0.203125 0.2375 0.059375 0.08125
11 0.8 0.0609375 0.05 0.0890625
11 0.3953125 0.50625 0.05 0.0828125
3 0.5484375 0.90625 0.0453125 0.08125
8 0.1984375 0.665625 0.04375 0.0828125
11 0.7875 0.503125 0.05 0.08125
11 0.5890625 0.4953125 0.0484375 0.0859375
11 0.6375 0.071875 0.05 0.084375
3 0.3359375 0.8984375 0.0515625 0.0828125
11 0.4171875 0.8984375 0.0515625 0.0828125
11 0.625 0.9203125 0.0453125 0.0859375
11 0.7859375 0.928125 0.0484375 0.084375
11 0.915625 0.071875 0.0484375 0.0859375
11 0.3109375 0.046875 0.0453125 0.08125
12 0.30625 0.2453125 0.040625 0.06875
8 0.59375 0.6734375 0.046875 0.078125
8 0.528125 0.234375 0.0453125 0.0796875
11 0.1921875 0.503125 0.0484375 0.0859375
8 0.80625 0.240625 0.0578125 0.0828125
11 0.20625 0.896875 0.053125 0.084375