3 0.74375 0.95625 0.046875 0.0859375
11 0.2046875 0.9390625 0.046875 0.084375
3 0.40625 0.921875 0.040625 0.0796875
3 0.3484375 0.9375 0.0421875 0.084375
11 0.646875 0.2125 0.0453125 0.084375
11 0.546875 0.203125 0.0453125 0.084375
3 0.684375 0.9609375 0.0421875 0.078125
11 0.1125 0.215625 0.0484375 0.08125
11 0.75 0.565625 0.0484375 0.0875
8 0.76875 0.1796875 0.0421875 0.078125
3 0.621875 0.965625 0.04375 0.06875
11 0.21875 0.18125 0.05 0.0796875
11 0.34375 0.1875 0.0453125 0.0828125
8 0.0703125 0.75 0.0453125 0.0859375
11 0.8484375 0.559375 0.0484375 0.0875
11 0.4453125 0.19375 0.046875 0.0875
8 0.278125 0.715625 0.046875 0.08125
12 0.64375 0.546875 0.040625 0.0640625
8 0.0796875 0.5625 0.05 0.0890625
8 0.9375 0.225 0.046875 0.0828125
8 0.540625 0.365625 0.04375 0.0796875
11 0.10625 0.9484375 0.04375 0.084375
8 0.85 0.728125 0.04375 0.0828125
8 0.1125 0.365625 0.0328125 0.075
11 0.9484375 0.553125 0.046875 0.084375
8 0.3375 0.365625 0.0453125 0.078125
8 0.45 0.715625 0.046875 0.0796875
8 0.640625 0.725 0.046875 0.0859375
8 0.765625 0.3390625 0.04375 0.0859375
8 0.9375 0.346875 0.0421875 0.084375
10 0.478125 0.93125 0.0609375 0.08125
2 0.0875 0.3421875 0.03125 0.0546875
2 0.31875 0.9625 0.0296875 0.0578125
5 0.8375 0.93125 0.04375 0.0375
2 0.0734375 0.96875 0.028125 0.0609375
5 0.278125 0.56875 0.0453125 0.0375