3 0.63125 0.3875 0.046875 0.0828125
3 0.19375 0.809375 0.0515625 0.084375
11 0.659375 0.78125 0.0484375 0.075
8 0.734375 0.38125 0.04375 0.0796875
3 0.425 0.371875 0.0484375 0.0796875
3 0.2125 0.371875 0.05 0.0828125
11 0.5 0.3796875 0.05 0.08125
3 0.54375 0.809375 0.05 0.0828125
11 0.0796875 0.365625 0.0484375 0.08125
3 0.975 0.8 0.0484375 0.0796875
8 0.7359375 0.55625 0.04375 0.0828125
11 0.85 0.80625 0.0515625 0.08125
3 0.778125 0.809375 0.0515625 0.084375
8 0.7375 0.153125 0.046875 0.0765625
11 0.06875 0.80625 0.05 0.08125
8 0.290625 0.578125 0.0453125 0.075
11 0.41875 0.79375 0.05 0.0765625
8 0.9765625 0.5578125 0.046875 0.084375
11 0.271875 0.7875 0.05 0.0828125
11 0.290625 0.3671875 0.046875 0.0796875
8 0.346875 0.1375 0.046875 0.0828125
8 0.26875 0.9625 0.0484375 0.075
12 0.9765625 0.371875 0.04375 0.0671875