11 0.73125 0.709375 0.046875 0.0859375
11 0.934375 0.6921875 0.046875 0.0859375
2 0.06875 0.484375 0.028125 0.0609375
12 0.625 0.690625 0.0421875 0.065625
8 0.521875 0.503125 0.04375 0.0796875
11 0.528125 0.340625 0.046875 0.0859375
11 0.628125 0.346875 0.0453125 0.0859375
11 0.096875 0.35625 0.0484375 0.0796875
8 0.753125 0.321875 0.0421875 0.0765625
11 0.834375 0.7015625 0.046875 0.0859375
11 0.43125 0.3328125 0.046875 0.0859375
8 0.05625 0.884375 0.046875 0.084375
11 0.1984375 0.321875 0.046875 0.0765625
8 0.0625 0.7046875 0.046875 0.0890625
11 0.328125 0.328125 0.046875 0.08125
8 0.325 0.503125 0.04375 0.0828125
8 0.31875 0.146875 0.04375 0.0765625
8 0.515625 0.146875 0.04375 0.0765625
8 0.8296875 0.871875 0.0453125 0.084375
8 0.6984375 0.125 0.04375 0.0859375
8 0.0859375 0.1171875 0.0421875 0.0859375
8 0.925 0.365625 0.0453125 0.078125
8 0.625 0.865625 0.046875 0.0859375
8 0.096875 0.509375 0.0359375 0.078125
8 0.8890625 0.125 0.046875 0.0859375
8 0.2625 0.8609375 0.05 0.08125
8 0.4375 0.859375 0.053125 0.08125
8 0.91875 0.4890625 0.04375 0.08125
8 0.75 0.48125 0.04375 0.0859375
5 0.259375 0.709375 0.046875 0.0390625