11 0.084375 0.2 0.0421875 0.084375
11 0.6578125 0.165625 0.0421875 0.078125
11 0.290625 0.559375 0.0453125 0.0859375
11 0.496875 0.928125 0.05 0.0875
11 0.596875 0.9203125 0.046875 0.084375
11 0.696875 0.9125 0.0484375 0.0859375
3 0.8328125 0.9125 0.040625 0.0859375
2 0.0546875 0.2234375 0.028125 0.0546875
8 0.515625 0.5390625 0.040625 0.078125
8 0.2828125 0.1625 0.040625 0.075
11 0.39375 0.56875 0.0453125 0.0859375
11 0.190625 0.553125 0.04375 0.084375
11 0.559375 0.203125 0.04375 0.0828125
8 0.28125 0.365625 0.040625 0.078125
11 0.184375 0.19375 0.040625 0.084375
8 0.684375 0.584375 0.0453125 0.0796875
11 0.7484375 0.171875 0.0421875 0.0796875
11 0.9765625 0.1703125 0.0421875 0.0796875
11 0.8828125 0.178125 0.0390625 0.084375
3 0.896875 0.9 0.040625 0.0765625
11 0.0875 0.546875 0.0453125 0.0828125
8 0.284375 0.721875 0.0421875 0.08125
8 0.084375 0.365625 0.04375 0.08125
8 0.653125 0.34375 0.046875 0.0875
11 0.46875 0.209375 0.0484375 0.0859375
12 0.3875 0.909375 0.0390625 0.0609375
8 0.4625 0.340625 0.04375 0.0859375
8 0.88125 0.33125 0.04375 0.0765625
11 0.9703125 0.903125 0.05 0.078125
8 0.68125 0.70625 0.040625 0.0828125
8 0.0828125 0.721875 0.04375 0.078125
8 0.5125 0.7 0.0421875 0.084375
5 0.8859375 0.6 0.046875 0.0359375
2 0.853125 0.2046875 0.028125 0.053125
2 0.80625 0.9359375 0.028125 0.059375
8 0.8890625 0.6875 0.0453125 0.078125