3 0.1 0.3203125 0.0453125 0.08125
3 0.24375 0.7375 0.0484375 0.084375
3 0.7984375 0.721875 0.059375 0.0765625
3 0.440625 0.728125 0.046875 0.0796875
3 0.7875 0.3078125 0.0578125 0.078125
8 0.2 0.315625 0.0421875 0.078125
8 0.5390625 0.065625 0.0484375 0.084375
11 0.63125 0.303125 0.05 0.0765625
8 0.203125 0.0828125 0.0453125 0.078125
8 0.1171875 0.909375 0.0453125 0.0765625
8 0.5125 0.9125 0.04375 0.0796875
11 0.515625 0.734375 0.0453125 0.0796875
8 0.440625 0.4890625 0.046875 0.0828125
11 0.671875 0.721875 0.046875 0.075
8 0.2 0.4875 0.0421875 0.08125
12 0.440625 0.30625 0.04375 0.065625
11 0.121875 0.7125 0.046875 0.075
11 0.3171875 0.7375 0.046875 0.0828125