14 0.1125 0.6640625 0.0609375 0.1453125
0 0.109375 0.8390625 0.0640625 0.0828125
14 0.115625 0.303125 0.0640625 0.1375
0 0.1140625 0.45 0.065625 0.0859375
0 0.1171875 0.0875 0.0640625 0.0828125
11 0.29375 0.3125 0.046875 0.084375
11 0.9328125 0.31875 0.0453125 0.084375
8 0.828125 0.471875 0.0421875 0.08125
11 0.190625 0.30625 0.0453125 0.0859375
8 0.1875 0.68125 0.0515625 0.0890625
11 0.628125 0.29375 0.04375 0.08125
11 0.50625 0.290625 0.046875 0.0796875
11 0.83125 0.309375 0.0453125 0.0859375
8 0.365625 0.6703125 0.0515625 0.090625
12 0.93125 0.65625 0.046875 0.0609375
11 0.73125 0.3 0.04375 0.08125
8 0.3578125 0.85 0.0453125 0.084375
8 0.81875 0.1140625 0.04375 0.078125
8 0.5625 0.8265625 0.0484375 0.0796875
11 0.3953125 0.3234375 0.046875 0.0828125
8 0.61875 0.46875 0.0453125 0.078125
8 0.39375 0.471875 0.040625 0.0796875
8 0.3875 0.08125 0.04375 0.084375
8 0.203125 0.078125 0.0453125 0.084375
8 0.18125 0.8375 0.0453125 0.0875
8 0.928125 0.83125 0.046875 0.090625
8 0.61875 0.1140625 0.04375 0.078125
8 0.19375 0.440625 0.0484375 0.0796875
8 0.7359375 0.821875 0.0484375 0.08125
2 0.371875 0.446875 0.025 0.0625
5 0.5609375 0.675 0.046875 0.040625