2 0.0546875 0.84375 0.0265625 0.05625
11 0.971875 0.31875 0.04375 0.078125
11 0.309375 0.34375 0.04375 0.08125
11 0.78125 0.34375 0.0453125 0.0796875
11 0.6875 0.35625 0.0515625 0.0875
11 0.5125 0.70625 0.0453125 0.0828125
11 0.3125 0.6921875 0.04375 0.08125
8 0.7375 0.6859375 0.040625 0.0765625
11 0.6140625 0.7140625 0.046875 0.0828125
11 0.4140625 0.7 0.04375 0.0828125
8 0.509375 0.8671875 0.0421875 0.0796875
11 0.409375 0.3375 0.0421875 0.0828125
11 0.171875 0.328125 0.040625 0.084375
8 0.075 0.134375 0.0375 0.075
8 0.5 0.509375 0.0421875 0.078125
11 0.878125 0.3125 0.0453125 0.078125
11 0.184375 0.6875 0.046875 0.0765625
8 0.9046875 0.7265625 0.046875 0.0828125
11 0.075 0.3203125 0.04375 0.084375
8 0.3 0.1375 0.04375 0.075
11 0.078125 0.71875 0.0453125 0.0796875
8 0.06875 0.4796875 0.040625 0.0828125
8 0.5046875 0.309375 0.0421875 0.0796875
8 0.3078125 0.5140625 0.0421875 0.0765625
8 0.3078125 0.86875 0.04375 0.078125
8 0.715625 0.121875 0.04375 0.08125
8 0.903125 0.85625 0.0390625 0.0796875
8 0.8796875 0.115625 0.0421875 0.078125
8 0.6875 0.4875 0.04375 0.084375
8 0.49375 0.1375 0.04375 0.0796875
8 0.875 0.490625 0.04375 0.0828125
8 0.0765625 0.86875 0.0359375 0.0765625
2 0.0546875 0.109375 0.028125 0.0546875
8 0.73125 0.84375 0.040625 0.0859375
2 0.278125 0.371875 0.028125 0.0578125