14 0.084375 0.346875 0.0625 0.1359375
0 0.0859375 0.5359375 0.0640625 0.08125
0 0.15625 0.1 0.0640625 0.0796875
3 0.29375 0.759375 0.0546875 0.0859375
0 0.084375 0.96484375 0.0625 0.0703125
14 0.090625 0.78125 0.0640625 0.13125
11 0.55 0.35625 0.0546875 0.084375
3 0.8703125 0.378125 0.05 0.0828125
3 0.671875 0.359375 0.053125 0.0828125
3 0.278125 0.365625 0.05 0.0859375
8 0.159375 0.525 0.0453125 0.08125
3 0.478125 0.3703125 0.0515625 0.08125
11 0.153125 0.3625 0.046875 0.0890625
11 0.3765625 0.759375 0.0546875 0.084375
3 0.875 0.778125 0.05 0.0828125
11 0.353125 0.365625 0.0484375 0.08125
3 0.50625 0.76875 0.05 0.08125
8 0.55625 0.534375 0.05 0.0796875
12 0.26875 0.1015625 0.040625 0.0671875
11 0.746875 0.365625 0.0515625 0.0828125
8 0.7625 0.103125 0.0515625 0.08125
11 0.1640625 0.7546875 0.0515625 0.0828125
11 0.584375 0.778125 0.0453125 0.0828125
11 0.978125 0.778125 0.0421875 0.096875
11 0.965625 0.3625 0.0484375 0.0859375
8 0.48125 0.0953125 0.0453125 0.08125
11 0.7453125 0.7875 0.05 0.0890625
11 0.9734375 0.5375 0.053125 0.0828125