14 0.06875 0.646875 0.0640625 0.1375
14 0.075 0.2921875 0.0640625 0.1375
11 0.578125 0.671875 0.0421875 0.084375
0 0.0640625 0.809375 0.0640625 0.0859375
0 0.0671875 0.434375 0.0625 0.084375
11 0.2453125 0.30625 0.046875 0.084375
8 0.9828125 0.2828125 0.034375 0.078125
11 0.25 0.640625 0.0453125 0.08125
11 0.4484375 0.278125 0.05 0.0796875
2 0.5453125 0.7 0.028125 0.0546875
11 0.1484375 0.29375 0.0453125 0.0828125
11 0.959375 0.684375 0.046875 0.084375
11 0.66875 0.29375 0.04375 0.0796875
11 0.3453125 0.3125 0.0453125 0.0765625
0 0.153125 0.0734375 0.0609375 0.0828125
11 0.5703125 0.2875 0.0453125 0.0796875
11 0.15625 0.690625 0.0578125 0.103125
11 0.440625 0.65625 0.040625 0.0828125
11 0.675 0.6640625 0.0421875 0.0859375
8 0.953125 0.81875 0.0453125 0.0859375
8 0.3390625 0.809375 0.0421875 0.0828125
11 0.34375 0.65 0.04375 0.084375
8 0.571875 0.8375 0.0421875 0.078125
8 0.76875 0.8375 0.040625 0.0765625
8 0.15625 0.8 0.0453125 0.0828125
11 0.8625 0.3140625 0.0453125 0.084375
8 0.4484375 0.078125 0.040625 0.0828125
11 0.76875 0.303125 0.040625 0.0796875
8 0.840625 0.1140625 0.040625 0.0765625
8 0.284375 0.0703125 0.04375 0.0796875
8 0.6625 0.1109375 0.04375 0.078125
8 0.771875 0.6359375 0.0390625 0.078125
8 0.56875 0.4625 0.04375 0.078125
8 0.98125 0.453125 0.0375 0.0859375
8 0.765625 0.4625 0.040625 0.075
8 0.346875 0.4609375 0.0359375 0.0765625
8 0.146875 0.425 0.04375 0.078125
2 0.3234375 0.4375 0.028125 0.053125