3 0.0984375 0.71875 0.046875 0.0828125
8 0.2 0.7109375 0.0421875 0.0765625
3 0.4671875 0.284375 0.0515625 0.0859375
3 0.7859375 0.7078125 0.059375 0.075
3 0.809375 0.284375 0.05 0.0859375
3 0.1015625 0.2734375 0.05 0.084375
11 0.6296875 0.70625 0.046875 0.075
11 0.540625 0.2984375 0.05 0.0859375
8 0.2 0.484375 0.04375 0.078125
11 0.684375 0.29375 0.0515625 0.0828125
12 0.440625 0.703125 0.0421875 0.0625
8 0.509375 0.059375 0.0484375 0.0828125
8 0.1984375 0.8859375 0.0453125 0.0828125
8 0.440625 0.8875 0.0484375 0.0828125
8 0.5390625 0.4671875 0.0453125 0.0828125
11 0.2 0.034375 0.0484375 0.06875
11 0.346875 0.2703125 0.046875 0.0796875
11 0.35 0.065625 0.0484375 0.0765625
11 0.20625 0.2703125 0.05 0.084375