11 0.1359375 0.328125 0.0453125 0.084375
8 0.03125 0.484375 0.0421875 0.08125
3 0.646875 0.659375 0.0390625 0.0765625
11 0.0375 0.321875 0.046875 0.0859375
11 0.240625 0.6890625 0.0484375 0.0875
3 0.578125 0.671875 0.040625 0.084375
8 0.134375 0.840625 0.0421875 0.0890625
11 0.71875 0.6625 0.0453125 0.0796875
12 0.1328125 0.665625 0.0390625 0.06875
8 0.63125 0.090625 0.0453125 0.078125
11 0.3421875 0.6796875 0.046875 0.0859375
8 0.634375 0.4453125 0.046875 0.078125
8 0.2625 0.296875 0.040625 0.0765625
8 0.39375 0.1078125 0.04375 0.084375
8 0.821875 0.09375 0.046875 0.078125
11 0.4421875 0.6703125 0.0453125 0.0828125
5 0.63125 0.359375 0.0484375 0.0375
8 0.43125 0.34375 0.0515625 0.0828125
8 0.209375 0.10625 0.0421875 0.0859375
8 0.428125 0.465625 0.040625 0.0796875
2 0.55 0.696875 0.0296875 0.05625
8 0.3359375 0.8484375 0.0421875 0.08125
8 0.021875 0.125 0.0421875 0.078125
8 0.8296875 0.6625 0.0390625 0.078125
8 0.803125 0.446875 0.046875 0.0796875
8 0.2578125 0.459375 0.04375 0.0859375
8 0.578125 0.8296875 0.046875 0.0796875
8 0.834375 0.828125 0.046875 0.078125