14 0.0296875 0.515625 0.059375 0.1421875
14 0.03125 0.13671875 0.0625 0.1421875
14 0.028125 0.878125 0.05625 0.1421875
11 0.84375 0.53125 0.046875 0.0875
11 0.5421875 0.1625 0.040625 0.084375
11 0.209375 0.5296875 0.0453125 0.084375
11 0.2140625 0.13125 0.0453125 0.0828125
11 0.921875 0.171875 0.0453125 0.0859375
11 0.309375 0.140625 0.04375 0.084375
11 0.746875 0.5234375 0.046875 0.0875
11 0.309375 0.5375 0.046875 0.0796875
11 0.10625 0.521875 0.04375 0.0859375
8 0.10625 0.89375 0.0515625 0.0890625
8 0.7328125 0.128125 0.040625 0.0765625
8 0.73125 0.328125 0.0390625 0.078125
11 0.54375 0.5078125 0.046875 0.084375
11 0.64375 0.5125 0.0453125 0.0859375
8 0.3 0.29375 0.046875 0.0828125
8 0.28125 0.884375 0.0515625 0.0890625
11 0.6359375 0.15625 0.0390625 0.084375
11 0.415625 0.5015625 0.046875 0.08125
8 0.915625 0.303125 0.04375 0.084375
8 0.309375 0.6859375 0.0328125 0.0765625
8 0.96875 0.5 0.0421875 0.078125
8 0.7375 0.684375 0.04375 0.0828125
11 0.40625 0.140625 0.04375 0.084375
2 0.50625 0.190625 0.028125 0.053125
8 0.5375 0.6875 0.04375 0.078125
8 0.1078125 0.65625 0.04375 0.078125
0 0.0296875 0.6625 0.059375 0.0828125
12 0.840625 0.86875 0.040625 0.0640625
8 0.5375 0.328125 0.0421875 0.078125
2 0.2859375 0.6625 0.025 0.0578125
0 0.03125 0.303125 0.0625 0.0859375
11 0.115625 0.178125 0.0546875 0.0984375
11 0.95 0.8890625 0.0515625 0.0859375
8 0.115625 0.290625 0.0453125 0.078125
5 0.478125 0.890625 0.05 0.0359375
8 0.965625 0.6640625 0.04375 0.0859375