14 0.2234375 0.8875 0.0640625 0.128125
14 0.225 0.4640625 0.0640625 0.13125
3 0.5703125 0.89375 0.05 0.084375
0 0.225 0.64375 0.0671875 0.078125
3 0.5875 0.4578125 0.05 0.0828125
8 0.296875 0.228125 0.046875 0.08125
8 0.29375 0.665625 0.046875 0.078125
3 0.921875 0.89375 0.05 0.08125
0 0.228125 0.2203125 0.0671875 0.0765625
11 0.878125 0.4703125 0.046875 0.0796875
8 0.6671875 0.6625 0.046875 0.075
11 0.6484375 0.878125 0.05 0.084375
11 0.45625 0.453125 0.0484375 0.084375
11 0.665625 0.453125 0.0484375 0.084375
3 0.7984375 0.459375 0.05 0.0828125
11 0.796875 0.884375 0.05 0.0796875
11 0.29375 0.453125 0.046875 0.0828125
8 0.725 0.225 0.0453125 0.0828125
11 0.8828125 0.040625 0.046875 0.08125
11 0.725 0.0375 0.0484375 0.0734375
11 0.29375 0.8953125 0.053125 0.0828125
11 0.446875 0.89375 0.05 0.0796875