3 0.515625 0.634375 0.05 0.0828125
3 0.1203125 0.6421875 0.05 0.0859375
3 0.315625 0.646875 0.0515625 0.0828125
3 0.7125 0.65 0.0484375 0.0828125
3 0.81875 0.2203125 0.046875 0.0875
11 0.603125 0.1984375 0.0546875 0.0890625
3 0.540625 0.2125 0.0515625 0.0875
3 0.234375 0.1875 0.0578125 0.0828125
11 0.1953125 0.64375 0.05 0.0859375
11 0.7203125 0.209375 0.0515625 0.084375
11 0.31875 0.209375 0.046875 0.084375
11 0.390625 0.628125 0.05 0.0828125
8 0.60625 0.378125 0.0484375 0.0796875
11 0.115625 0.18125 0.0453125 0.0828125
11 0.96875 0.8484375 0.0453125 0.0734375
8 0.909375 0.4046875 0.046875 0.0828125
11 0.590625 0.640625 0.05 0.0828125
11 0.440625 0.209375 0.0515625 0.0828125
8 0.975 0.6234375 0.0484375 0.0875
11 0.915625 0.19375 0.046875 0.0828125
12 0.109375 0.378125 0.0421875 0.06875
8 0.39375 0.80625 0.046875 0.078125
11 0.8125 0.6375 0.0484375 0.084375
11 0.809375 0.81875 0.04375 0.0796875
8 0.328125 0.36875 0.0453125 0.078125