8 0.196875 0.165625 0.0453125 0.078125
8 0.025 0.3046875 0.0453125 0.071875
8 0.1921875 0.30625 0.059375 0.08125
8 0.3546875 0.2984375 0.053125 0.0625
8 0.60625 0.3 0.0453125 0.0703125
8 0.871875 0.321875 0.04375 0.0671875
8 0.134375 0.484375 0.0453125 0.084375
8 0.1359375 0.625 0.0375 0.0671875
8 0.26875 0.625 0.046875 0.0625
8 0.425 0.63125 0.0515625 0.0671875
8 0.675 0.61875 0.0453125 0.0671875
8 0.896875 0.5046875 0.0546875 0.06875
8 0.8953125 0.60625 0.040625 0.059375
3 0.2953125 0.79375 0.05625 0.06875
8 0.34375 0.790625 0.0453125 0.065625
8 0.071875 0.9203125 0.0390625 0.065625
8 0.340625 0.91875 0.053125 0.0765625
8 0.50625 0.934375 0.0453125 0.0625
8 0.696875 0.934375 0.04375 0.0671875
8 0.915625 0.921875 0.0421875 0.065625
11 0.028125 0.171875 0.0390625 0.065625
11 0.1125 0.1640625 0.0421875 0.0625
3 0.4375 0.19375 0.0578125 0.0734375
11 0.484375 0.184375 0.0484375 0.0640625
3 0.5671875 0.165625 0.05 0.0671875
11 0.603125 0.1875 0.0453125 0.0703125
11 0.7 0.190625 0.046875 0.065625
11 0.428125 0.48125 0.05 0.0640625
3 0.509375 0.4890625 0.0515625 0.065625
11 0.55625 0.4828125 0.0484375 0.065625
11 0.6796875 0.503125 0.046875 0.078125
11 0.7703125 0.496875 0.04375 0.0734375
11 0.071875 0.796875 0.046875 0.065625
3 0.159375 0.8 0.05625 0.0671875
11 0.20625 0.796875 0.0484375 0.0640625
11 0.503125 0.7984375 0.0515625 0.075
11 0.6 0.79375 0.0515625 0.0828125
11 0.696875 0.7984375 0.0484375 0.075
11 0.79375 0.80625 0.0484375 0.071875
3 0.784375 0.16875 0.0578125 0.0671875
3 0.053125 0.484375 0.0578125 0.0671875
3 0.6375 0.484375 0.05625 0.059375
12 0.35 0.1734375 0.0515625 0.053125
7 0.8796875 0.165625 0.0625 0.0703125
5 0.9171875 0.821875 0.046875 0.0359375
9 0.2671875 0.4875 0.05 0.0359375