0 0.0328125 0.14375 0.0578125 0.0578125
11 0.028125 0.31875 0.0421875 0.0546875
3 0.109375 0.321875 0.05 0.0609375
11 0.15625 0.31875 0.040625 0.059375
3 0.234375 0.315625 0.053125 0.059375
11 0.28125 0.31875 0.04375 0.0546875
3 0.3578125 0.3375 0.04375 0.0671875
11 0.409375 0.34375 0.0453125 0.0578125
11 0.8640625 0.31875 0.0390625 0.059375
11 0.04375 0.628125 0.0375 0.059375
3 0.1375 0.6296875 0.053125 0.059375
11 0.190625 0.628125 0.04375 0.059375
11 0.5125 0.63125 0.04375 0.059375
3 0.596875 0.63125 0.053125 0.059375
11 0.64375 0.634375 0.0375 0.0578125
11 0.946875 0.634375 0.04375 0.0703125
11 0.0265625 0.9625 0.05 0.0625
3 0.109375 0.965625 0.0546875 0.0625
11 0.153125 0.9625 0.0375 0.0640625
3 0.2234375 0.959375 0.0421875 0.0625
11 0.271875 0.9625 0.0375 0.0625
11 0.3671875 0.9421875 0.04375 0.0640625
11 0.809375 0.9625 0.034375 0.05625
8 0.146875 0.1375 0.040625 0.059375
8 0.309375 0.1328125 0.0453125 0.0640625
8 0.4640625 0.14375 0.0359375 0.0671875
8 0.63125 0.1453125 0.04375 0.06875
8 0.796875 0.1359375 0.0421875 0.0609375
8 0.021875 0.459375 0.040625 0.0625
8 0.28125 0.4578125 0.046875 0.0703125
8 0.578125 0.465625 0.0484375 0.075
8 0.70625 0.465625 0.04375 0.0625
8 0.8625 0.4671875 0.0484375 0.059375
8 0.0375 0.76875 0.0453125 0.0625
8 0.3375 0.76875 0.0453125 0.0625
8 0.5125 0.75625 0.04375 0.0703125
8 0.78125 0.75625 0.0421875 0.065625
8 0.94375 0.771875 0.0484375 0.059375
8 0.54375 0.9390625 0.0359375 0.059375
3 0.49375 0.321875 0.053125 0.05625
3 0.9515625 0.325 0.0578125 0.0640625
8 0.584375 0.321875 0.0546875 0.0671875
3 0.2875 0.628125 0.0484375 0.05625
3 0.734375 0.628125 0.0515625 0.0578125
3 0.45 0.940625 0.0546875 0.053125
3 0.7625 0.940625 0.0515625 0.0546875
3 0.8875 0.95625 0.0328125 0.0625
12 0.66875 0.946875 0.04375 0.0453125
8 0.3375 0.628125 0.0390625 0.05625
8 0.784375 0.6296875 0.04375 0.0609375