8 0.0671875 0.0890625 0.0359375 0.0640625
8 0.3171875 0.090625 0.0390625 0.065625
8 0.58125 0.11875 0.04375 0.0578125
8 0.7140625 0.1 0.0421875 0.0609375
8 0.609375 0.3015625 0.046875 0.0703125
8 0.1359375 0.421875 0.0375 0.0546875
8 0.390625 0.409375 0.0453125 0.0671875
8 0.609375 0.403125 0.059375 0.065625
8 0.740625 0.403125 0.0515625 0.0625
8 0.05 0.584375 0.04375 0.0609375
8 0.053125 0.709375 0.046875 0.065625
8 0.2203125 0.7265625 0.0484375 0.0609375
8 0.4125 0.728125 0.05 0.059375
8 0.6328125 0.709375 0.05 0.0625
8 0.75625 0.7140625 0.040625 0.0609375
11 0.140625 0.271875 0.040625 0.059375
3 0.221875 0.278125 0.05 0.0546875
11 0.26875 0.271875 0.04375 0.059375
3 0.346875 0.2765625 0.0515625 0.059375
11 0.3890625 0.29375 0.034375 0.0625
11 0.484375 0.2875 0.0359375 0.0625
11 0.21875 0.590625 0.046875 0.0703125
11 0.3125 0.590625 0.0359375 0.0640625
11 0.4125 0.590625 0.0390625 0.0734375
11 0.5078125 0.6 0.0421875 0.0625
11 0.078125 0.91875 0.0375 0.0546875
11 0.2625 0.90625 0.04375 0.0671875
11 0.34375 0.915625 0.0421875 0.0625
11 0.421875 0.91875 0.05 0.059375
11 0.509375 0.8984375 0.034375 0.059375
3 0.034375 0.89375 0.0484375 0.059375
3 0.1625 0.9140625 0.040625 0.0640625
5 0.6125 0.915625 0.046875 0.03125
5 0.628125 0.6125 0.0359375 0.028125
9 0.7375 0.278125 0.046875 0.0375