14 0.240625 0.0484375 0.0546875 0.096875
14 0.1609375 0.3609375 0.0609375 0.1
14 0.1578125 0.6703125 0.059375 0.0984375
0 0.240625 0.1703125 0.0671875 0.059375
0 0.159375 0.484375 0.0671875 0.059375
0 0.159375 0.796875 0.065625 0.0703125
11 0.2375 0.35 0.04375 0.059375
3 0.31875 0.35 0.05 0.0546875
11 0.365625 0.35 0.040625 0.0546875
3 0.446875 0.346875 0.0578125 0.0578125
11 0.490625 0.3484375 0.04375 0.059375
3 0.5625 0.36875 0.046875 0.0640625
11 0.615625 0.375 0.034375 0.0625
11 0.678125 0.034375 0.04375 0.059375
11 0.7625 0.03125 0.0390625 0.0625
3 0.3484375 0.659375 0.053125 0.05625
11 0.403125 0.6625 0.040625 0.059375
11 0.253125 0.6609375 0.0421875 0.0640625
11 0.7234375 0.665625 0.0515625 0.059375
3 0.809375 0.6625 0.0515625 0.065625
11 0.8578125 0.6640625 0.0453125 0.05625
11 0.3578125 0.046875 0.0453125 0.0609375
11 0.440625 0.0390625 0.0375 0.0609375
8 0.515625 0.05625 0.0453125 0.05625
8 0.85 0.0375 0.040625 0.05625
8 0.359375 0.165625 0.04375 0.0625
8 0.521875 0.165625 0.0390625 0.0609375
8 0.675 0.1765625 0.0359375 0.0609375
8 0.84375 0.175 0.034375 0.0609375
8 0.234375 0.490625 0.04375 0.0671875
8 0.490625 0.490625 0.046875 0.0625
8 0.784375 0.49375 0.05625 0.06875
8 0.91875 0.49375 0.0515625 0.065625
8 0.7921875 0.353125 0.046875 0.0640625
8 0.253125 0.8046875 0.05 0.059375
8 0.55 0.803125 0.059375 0.0625
8 0.728125 0.7875 0.0546875 0.0609375
3 0.496875 0.659375 0.053125 0.059375
8 0.55 0.6578125 0.0484375 0.0578125
3 0.946875 0.6640625 0.0546875 0.05625
3 0.70625 0.35 0.0515625 0.059375
9 0.921875 0.3546875 0.04375 0.028125
8 0.753125 0.97109375 0.0375 0.0578125
3 0.659375 0.971875 0.0625 0.0546875
11 0.575 0.971875 0.0609375 0.0546875
12 0.878125 0.978125 0.04375 0.04375
3 0.971875 0.9703125 0.05625 0.059375