8 0.0921875 0.065625 0.0484375 0.0671875
8 0.34375 0.0640625 0.04375 0.065625
8 0.64375 0.071875 0.0484375 0.0640625
8 0.775 0.06875 0.046875 0.0625
8 0.93125 0.075 0.0390625 0.0578125
3 0.353125 0.2328125 0.0515625 0.0546875
8 0.40625 0.23125 0.0421875 0.0578125
8 0.10625 0.371875 0.05 0.0640625
8 0.40625 0.378125 0.0421875 0.0578125
8 0.58125 0.3625 0.05 0.059375
8 0.846875 0.3625 0.0515625 0.059375
3 0.8 0.2375 0.0546875 0.0578125
8 0.846875 0.234375 0.040625 0.0609375
8 0.0921875 0.690625 0.0453125 0.065625
8 0.340625 0.709375 0.0421875 0.0515625
8 0.6078125 0.703125 0.0453125 0.0734375
8 0.734375 0.7015625 0.0515625 0.0671875
8 0.6125 0.540625 0.04375 0.0640625
8 0.6 0.8953125 0.04375 0.059375
11 0.109375 0.23125 0.0390625 0.0546875
3 0.175 0.571875 0.0546875 0.0578125
11 0.215625 0.565625 0.0421875 0.05625
3 0.20625 0.23125 0.0578125 0.059375
11 0.259375 0.23125 0.0453125 0.059375
11 0.578125 0.240625 0.0421875 0.0640625
3 0.665625 0.2375 0.05 0.05625
11 0.7125 0.234375 0.04375 0.0609375
11 0.09375 0.571875 0.04375 0.065625
3 0.2890625 0.5640625 0.05 0.065625
11 0.3375 0.571875 0.0375 0.059375
11 0.4328125 0.553125 0.05 0.065625
11 0.871875 0.5703125 0.04375 0.0640625
11 0.090625 0.8890625 0.0453125 0.059375
3 0.1609375 0.8953125 0.0375 0.0640625
11 0.209375 0.890625 0.0390625 0.0609375
3 0.290625 0.875 0.0546875 0.05625
11 0.334375 0.8875 0.0359375 0.0640625
11 0.8234375 0.878125 0.046875 0.0609375
3 0.515625 0.54375 0.0578125 0.0578125
3 0.828125 0.54375 0.05 0.05625
3 0.9546875 0.5640625 0.040625 0.065625
3 0.40625 0.89375 0.0421875 0.0640625
3 0.528125 0.8984375 0.0421875 0.0609375
3 0.909375 0.878125 0.0546875 0.059375
12 0.45 0.878125 0.0375 0.0453125
12 0.7171875 0.878125 0.04375 0.053125
12 0.7390625 0.553125 0.0390625 0.0484375