8 0.271875 0.09375 0.0390625 0.0546875
8 0.4375 0.109375 0.04375 0.0609375
8 0.628125 0.10625 0.0515625 0.0640625
8 0.85 0.090625 0.040625 0.0625
8 0.975 0.096875 0.040625 0.0609375
8 0.0375 0.275 0.0484375 0.059375
8 0.03125 0.434375 0.0328125 0.059375
8 0.1640625 0.4375 0.0421875 0.0640625
8 0.4828125 0.446875 0.0484375 0.059375
8 0.6390625 0.440625 0.0453125 0.06875
8 0.83125 0.43125 0.0515625 0.0671875
8 0.9609375 0.43125 0.05 0.06875
8 0.0234375 0.63125 0.0421875 0.0640625
8 0.590625 0.753125 0.0484375 0.075
8 0.428125 0.7609375 0.04375 0.0640625
8 0.15 0.7625 0.0484375 0.0609375
8 0.028125 0.7625 0.04375 0.0578125
7 0.79375 0.61875 0.0578125 0.0625
7 0.7953125 0.75 0.0546875 0.0703125
11 0.2484375 0.6109375 0.0484375 0.071875
11 0.4328125 0.60625 0.046875 0.059375
11 0.5984375 0.63125 0.04375 0.0671875
11 0.3 0.303125 0.04375 0.0625
11 0.478125 0.290625 0.040625 0.0640625
11 0.5640625 0.3 0.0484375 0.0625
11 0.64375 0.303125 0.0484375 0.059375
11 0.728125 0.275 0.0453125 0.0703125
12 0.1625 0.284375 0.0390625 0.0546875
12 0.14375 0.6109375 0.0359375 0.0453125
12 0.50625 0.609375 0.0421875 0.0515625
12 0.675 0.60625 0.04375 0.05625
12 0.978125 0.6125 0.034375 0.0609375
12 0.978125 0.75 0.034375 0.0546875
5 0.8328125 0.3 0.04375 0.04375
3 0.33125 0.609375 0.0625 0.059375
3 0.378125 0.296875 0.046875 0.059375
3 0.25625 0.278125 0.0515625 0.0546875