11 0.028125 0.2765625 0.0453125 0.0578125
11 0.353125 0.278125 0.04375 0.0625
3 0.4390625 0.28125 0.05625 0.0671875
11 0.4875 0.28125 0.046875 0.065625
11 0.7875 0.2875 0.0421875 0.0703125
11 0.88125 0.284375 0.0453125 0.078125
11 0.975 0.2875 0.0421875 0.0734375
3 0.0625 0.609375 0.0484375 0.065625
11 0.1125 0.615625 0.0453125 0.0671875
11 0.2078125 0.59375 0.05 0.075
11 0.6484375 0.6140625 0.046875 0.075
11 0.828125 0.596875 0.0578125 0.0796875
11 0.909375 0.603125 0.0421875 0.0765625
3 0.0671875 0.925 0.05 0.0640625
11 0.1078125 0.928125 0.0453125 0.0625
11 0.5984375 0.921875 0.046875 0.0609375
11 0.7796875 0.915625 0.05625 0.071875
11 0.94375 0.940625 0.05625 0.0625
8 0.115625 0.1046875 0.0484375 0.0609375
8 0.415625 0.109375 0.059375 0.071875
8 0.5515625 0.1109375 0.046875 0.0625
8 0.7046875 0.11875 0.0390625 0.059375
8 0.9578125 0.1 0.046875 0.065625
3 0.1296875 0.271875 0.05625 0.0609375
8 0.18125 0.275 0.0484375 0.065625
3 0.578125 0.28125 0.0484375 0.0640625
8 0.621875 0.275 0.04375 0.075
8 0.178125 0.4171875 0.040625 0.075
8 0.35625 0.40625 0.0546875 0.06875
8 0.621875 0.4046875 0.046875 0.0765625
8 0.78125 0.415625 0.05 0.065625
8 0.9765625 0.421875 0.04375 0.071875
8 0.1125 0.7453125 0.053125 0.0609375
8 0.384375 0.5875 0.0453125 0.05625
8 0.3828125 0.74375 0.04375 0.071875
8 0.5125 0.74375 0.0453125 0.0703125
8 0.834375 0.759375 0.05625 0.065625
3 0.303125 0.940625 0.04375 0.0609375
8 0.375 0.940625 0.0453125 0.0703125
3 0.2890625 0.5890625 0.0625 0.05625
3 0.1796875 0.9359375 0.040625 0.06875
3 0.68125 0.925 0.0515625 0.0671875
3 0.603125 0.59375 0.0546875 0.0640625
12 0.5109375 0.596875 0.034375 0.053125
12 0.4953125 0.921875 0.034375 0.05625
12 0.221875 0.921875 0.0359375 0.0515625
12 0.85625 0.925 0.0421875 0.0515625