12 0.278125 0.7 0.0453125 0.0578125
11 0.559375 0.696875 0.0546875 0.0640625
12 0.63125 0.7 0.0484375 0.0515625
12 0.80625 0.703125 0.0453125 0.0609375
12 0.290625 0.375 0.0421875 0.0546875
3 0.0796875 0.721875 0.053125 0.0640625
3 0.38125 0.36875 0.0640625 0.0625
3 0.21875 0.065625 0.0625 0.06875
3 0.35 0.059375 0.0609375 0.05625
3 0.5078125 0.3875 0.05625 0.06875
3 0.4625 0.7046875 0.0578125 0.059375
3 0.0671875 0.36875 0.06875 0.05625
11 0.1296875 0.059375 0.053125 0.05625
11 0.56875 0.065625 0.0484375 0.0609375
11 0.665625 0.065625 0.0546875 0.0703125
11 0.7578125 0.0625 0.04375 0.0828125
11 0.8546875 0.078125 0.04375 0.0703125
11 0.4265625 0.3921875 0.04375 0.06875
11 0.609375 0.38125 0.0578125 0.0703125
11 0.690625 0.3859375 0.0546875 0.065625
11 0.7671875 0.390625 0.05 0.06875
11 0.8546875 0.3703125 0.04375 0.059375
11 0.378125 0.703125 0.0515625 0.0671875
11 0.71875 0.7203125 0.0578125 0.065625
8 0.128125 0.1875 0.0421875 0.06875
8 0.4 0.184375 0.05625 0.0625
8 0.3984375 0.0578125 0.046875 0.059375
8 0.5625 0.1984375 0.0390625 0.071875
8 0.75625 0.196875 0.0484375 0.0765625
8 0.1625 0.525 0.0625 0.0609375
8 0.2921875 0.525 0.053125 0.0703125
8 0.165625 0.3703125 0.0515625 0.065625
8 0.6078125 0.5359375 0.046875 0.065625
8 0.76875 0.534375 0.0453125 0.0578125
8 0.959375 0.5203125 0.053125 0.059375
8 0.553125 0.85 0.046875 0.0671875
8 0.2796875 0.85625 0.05 0.05625
8 0.15 0.853125 0.05 0.0640625
8 0.728125 0.8421875 0.071875 0.075
7 0.921875 0.840625 0.0609375 0.0640625
7 0.9203125 0.715625 0.071875 0.0734375
8 0.9765625 0.1875 0.046875 0.05625
8 0.146875 0.71875 0.0453125 0.0609375
5 0.975 0.0875 0.0390625 0.0328125
11 0.265625 0.059375 0.0484375 0.0640625
5 0.959375 0.3875 0.0484375 0.0359375