3 0.040625 0.0515625 0.0546875 0.0546875
3 0.3546875 0.05625 0.05 0.05625
3 0.490625 0.0578125 0.0546875 0.053125
3 0.2046875 0.365625 0.0578125 0.0546875
3 0.51875 0.3671875 0.05625 0.05625
3 0.64375 0.378125 0.040625 0.0734375
11 0.025 0.709375 0.0390625 0.059375
3 0.090625 0.7125 0.0421875 0.0671875
3 0.215625 0.7203125 0.0390625 0.0578125
3 0.596875 0.7 0.0578125 0.0578125
11 0.2671875 0.059375 0.0484375 0.0609375
11 0.4015625 0.059375 0.0421875 0.0515625
11 0.7046875 0.059375 0.040625 0.065625
11 0.8 0.0625 0.0453125 0.0609375
11 0.896875 0.059375 0.0453125 0.0671875
11 0.028125 0.390625 0.0375 0.05625
11 0.1234375 0.371875 0.0453125 0.0640625
11 0.5625 0.3875 0.0375 0.0609375
11 0.7390625 0.378125 0.04375 0.0609375
11 0.825 0.3828125 0.04375 0.059375
11 0.909375 0.3921875 0.040625 0.0625
11 0.5125 0.696875 0.046875 0.0640625
11 0.690625 0.690625 0.040625 0.0625
11 0.859375 0.7140625 0.0453125 0.0703125
8 0.09375 0.0515625 0.0390625 0.059375
8 0.5375 0.05625 0.04375 0.059375
8 0.090625 0.19375 0.0453125 0.0640625
8 0.26875 0.184375 0.04375 0.059375
8 0.5375 0.1828125 0.0484375 0.0640625
8 0.6984375 0.19375 0.046875 0.0625
8 0.89375 0.2 0.04375 0.059375
8 0.2984375 0.3625 0.034375 0.0578125
8 0.028125 0.5296875 0.0375 0.0625
8 0.296875 0.521875 0.040625 0.059375
8 0.425 0.525 0.0375 0.0609375
8 0.7453125 0.534375 0.0390625 0.059375
8 0.909375 0.534375 0.05 0.05625
8 0.2875 0.71875 0.040625 0.0609375
8 0.0234375 0.834375 0.0359375 0.059375
8 0.290625 0.853125 0.034375 0.0578125
8 0.415625 0.8546875 0.0390625 0.059375
8 0.690625 0.846875 0.04375 0.0671875
8 0.859375 0.84375 0.04375 0.0703125
12 0.1390625 0.696875 0.040625 0.0578125
12 0.409375 0.7 0.0375 0.0453125
12 0.771875 0.6953125 0.03125 0.05
12 0.940625 0.696875 0.034375 0.0484375
12 0.4234375 0.3734375 0.0375 0.0453125