0 0.075 0.04375 0.059375 0.059375
14 0.0734375 0.234375 0.0640625 0.0984375
14 0.071875 0.55 0.059375 0.0984375
14 0.075 0.878125 0.065625 0.1015625
0 0.0734375 0.3625 0.0671875 0.059375
0 0.071875 0.6859375 0.06875 0.0671875
8 0.1453125 0.053125 0.0375 0.0671875
8 0.403125 0.05625 0.046875 0.0671875
8 0.7 0.0625 0.04375 0.0671875
8 0.83125 0.059375 0.046875 0.0640625
8 0.1625 0.3671875 0.0375 0.0640625
8 0.4625 0.365625 0.046875 0.0703125
8 0.6375 0.353125 0.0453125 0.065625
8 0.8984375 0.353125 0.046875 0.05625
3 0.85625 0.23125 0.0515625 0.0546875
8 0.903125 0.225 0.04375 0.0625
3 0.4125 0.221875 0.0546875 0.059375
8 0.4625 0.221875 0.046875 0.0578125
8 0.1484375 0.684375 0.0359375 0.0671875
8 0.4 0.7 0.0453125 0.059375
8 0.66875 0.5328125 0.0390625 0.06875
8 0.665625 0.69375 0.05 0.0625
8 0.796875 0.6921875 0.053125 0.075
8 0.65625 0.890625 0.046875 0.059375
11 0.16875 0.2234375 0.0453125 0.0640625
3 0.2625 0.225 0.05625 0.059375
11 0.315625 0.225 0.04375 0.059375
11 0.634375 0.228125 0.0421875 0.059375
3 0.721875 0.23125 0.05 0.0546875
11 0.771875 0.23125 0.04375 0.0609375
11 0.1515625 0.5640625 0.046875 0.071875
3 0.23125 0.5640625 0.059375 0.059375
11 0.275 0.5578125 0.0390625 0.0609375
3 0.346875 0.5609375 0.0375 0.0671875
11 0.39375 0.5625 0.04375 0.0671875
11 0.4890625 0.540625 0.05 0.0578125
11 0.928125 0.5625 0.0390625 0.0609375
11 0.146875 0.884375 0.040625 0.065625
3 0.215625 0.890625 0.04375 0.0640625
11 0.265625 0.884375 0.04375 0.06875
3 0.346875 0.86875 0.0546875 0.065625
11 0.390625 0.884375 0.0390625 0.06875
11 0.88125 0.86875 0.040625 0.0578125
3 0.571875 0.5375 0.05625 0.0515625
3 0.884375 0.5390625 0.0609375 0.0609375
3 0.5828125 0.89375 0.0421875 0.0640625
3 0.4625 0.88125 0.040625 0.0609375
3 0.965625 0.8734375 0.0546875 0.059375
12 0.778125 0.86875 0.028125 0.0546875
12 0.50625 0.871875 0.0375 0.0484375
12 0.79375 0.5453125 0.034375 0.0484375