8 0.178125 0.121875 0.0640625 0.0703125
8 0.484375 0.121875 0.0578125 0.06875
8 0.615625 0.128125 0.0484375 0.06875
8 0.7703125 0.13125 0.046875 0.0515625
3 0.190625 0.290625 0.0640625 0.0609375
8 0.2453125 0.2875 0.040625 0.0515625
3 0.6390625 0.2921875 0.05625 0.0625
8 0.684375 0.290625 0.040625 0.06875
8 0.24375 0.434375 0.046875 0.0609375
8 0.41875 0.41875 0.0578125 0.06875
8 0.684375 0.421875 0.053125 0.0703125
8 0.853125 0.4328125 0.0453125 0.059375
8 0.453125 0.596875 0.0421875 0.0625
8 0.178125 0.765625 0.0484375 0.059375
8 0.446875 0.759375 0.0578125 0.0640625
8 0.5796875 0.7578125 0.059375 0.071875
8 0.8953125 0.7671875 0.04375 0.065625
3 0.36875 0.95625 0.0515625 0.0609375
8 0.440625 0.9515625 0.0375 0.06875
3 0.04375 0.2890625 0.05625 0.05625
11 0.096875 0.2890625 0.046875 0.05625
11 0.421875 0.29375 0.0578125 0.0625
3 0.50625 0.2953125 0.053125 0.0625
11 0.5515625 0.29375 0.046875 0.0609375
11 0.859375 0.296875 0.0484375 0.0640625
11 0.9453125 0.2984375 0.05 0.065625
11 0.0546875 0.61875 0.034375 0.0546875
3 0.128125 0.61875 0.0546875 0.0765625
11 0.178125 0.6234375 0.0453125 0.059375
11 0.275 0.609375 0.0515625 0.0671875
11 0.7125 0.6296875 0.053125 0.0625
11 0.89375 0.6140625 0.0484375 0.071875
11 0.971875 0.61875 0.05 0.0640625
11 0.05 0.9484375 0.0484375 0.0625
3 0.13125 0.9328125 0.0640625 0.0625
11 0.175 0.946875 0.040625 0.065625
11 0.6625 0.934375 0.0515625 0.0640625
11 0.84375 0.93125 0.0453125 0.065625
3 0.35625 0.6046875 0.05625 0.059375
3 0.671875 0.603125 0.065625 0.065625
3 0.79375 0.61875 0.0484375 0.065625
3 0.24375 0.94375 0.053125 0.06875
3 0.75 0.934375 0.0640625 0.059375
12 0.921875 0.934375 0.05 0.0546875
12 0.565625 0.934375 0.0515625 0.0578125
12 0.5796875 0.60625 0.04375 0.05
12 0.290625 0.934375 0.0421875 0.0546875