11 0.09375 0.2328125 0.04375 0.0625
11 0.334375 0.234375 0.04375 0.0671875
11 0.4125 0.23125 0.0421875 0.06875
3 0.74375 0.25625 0.0515625 0.0625
11 0.7875 0.246875 0.0390625 0.06875
3 0.86875 0.234375 0.0546875 0.059375
11 0.909375 0.246875 0.0390625 0.06875
11 0.01875 0.5453125 0.0375 0.065625
3 0.1 0.54375 0.0484375 0.059375
11 0.146875 0.5453125 0.04375 0.0578125
3 0.2203125 0.5640625 0.04375 0.065625
11 0.271875 0.56875 0.0453125 0.05625
11 0.7328125 0.54375 0.04375 0.0609375
3 0.815625 0.55 0.0453125 0.0609375
11 0.859375 0.54375 0.0390625 0.059375
3 0.940625 0.55 0.0515625 0.059375
11 0.98125 0.5625 0.0359375 0.0640625
11 0.05625 0.8546875 0.0484375 0.0671875
11 0.378125 0.8609375 0.04375 0.06875
3 0.465625 0.859375 0.0484375 0.0609375
11 0.5125 0.8578125 0.05 0.0625
11 0.815625 0.8625 0.0390625 0.0671875
11 0.909375 0.8625 0.0359375 0.071875
3 0.153125 0.853125 0.05625 0.0578125
3 0.6015625 0.8578125 0.05625 0.059375
3 0.3625 0.546875 0.0546875 0.059375
8 0.5 0.23125 0.034375 0.0640625
8 0.171875 0.246875 0.0359375 0.0546875
8 0.1734375 0.3609375 0.0375 0.0546875
8 0.328125 0.371875 0.04375 0.065625
8 0.4984375 0.36875 0.040625 0.0625
8 0.6609375 0.3625 0.0421875 0.065625
8 0.9109375 0.365625 0.0390625 0.0609375
8 0.44375 0.553125 0.0390625 0.065625
8 0.440625 0.690625 0.0453125 0.0625
8 0.14375 0.6859375 0.046875 0.0625
8 0.5734375 0.6890625 0.046875 0.065625
8 0.73125 0.69375 0.046875 0.0671875
8 0.98125 0.68125 0.0375 0.075
8 0.20625 0.853125 0.0390625 0.059375
8 0.6453125 0.853125 0.04375 0.06875
9 0.575 0.55 0.04375 0.03125
12 0.6578125 0.2375 0.0453125 0.05