0 0.034375 0.25 0.034375 0.0421875
3 0.521875 0.14375 0.0234375 0.046875
11 0.23125 0.621875 0.0265625 0.046875
11 0.415625 0.609375 0.025 0.0453125
8 0.259375 0.246875 0.025 0.0453125
3 0.734375 0.159375 0.0234375 0.0484375
12 0.8328125 0.8375 0.025 0.0390625
11 0.3125 0.63125 0.0265625 0.04375
8 0.15 0.95625 0.0296875 0.0453125
11 0.271875 0.625 0.028125 0.0453125
11 0.625 0.628125 0.0265625 0.046875
11 0.7078125 0.625 0.0265625 0.046875
3 0.4953125 0.146875 0.0265625 0.0515625
8 0.371875 0.253125 0.0265625 0.046875
3 0.2875 0.159375 0.0234375 0.0484375
8 0.459375 0.503125 0.025 0.0421875
11 0.028125 0.840625 0.03125 0.05
3 0.2546875 0.15625 0.0265625 0.05
8 0.6609375 0.4875 0.0265625 0.0453125
11 0.534375 0.84375 0.028125 0.05
3 0.70625 0.159375 0.028125 0.05
3 0.028125 0.365625 0.028125 0.0484375
3 0.484375 0.85 0.028125 0.053125
11 0.375 0.1515625 0.0265625 0.0484375
5 0.778125 0.5 0.0265625 0.025
3 0.4484375 0.85625 0.0265625 0.0484375
8 0.596875 0.25 0.0265625 0.046875
3 0.065625 0.371875 0.025 0.05
11 0.884375 0.8375 0.028125 0.0484375
11 0.390625 0.85625 0.028125 0.0453125
8 0.409375 0.721875 0.028125 0.046875
11 0.1578125 0.375 0.028125 0.05
11 0.35 0.625 0.0265625 0.046875
11 0.8875 0.621875 0.028125 0.0484375
8 0.490625 0.253125 0.028125 0.046875
8 0.28125 0.49375 0.025 0.0484375
11 0.665625 0.628125 0.0265625 0.0453125
11 0.58125 0.846875 0.028125 0.046875
8 0.70625 0.246875 0.025 0.0453125
11 0.325 0.371875 0.025 0.046875
11 0.596875 0.39375 0.03125 0.0484375
8 0.6328125 0.95625 0.0265625 0.04375
8 0.2328125 0.7078125 0.0265625 0.046875
8 0.55 0.49375 0.028125 0.05
8 0.590625 0.709375 0.0265625 0.04375
8 0.81875 0.25 0.028125 0.046875
11 0.878125 0.3734375 0.0265625 0.046875
11 0.584375 0.621875 0.028125 0.0484375
8 0.534375 0.9375 0.025 0.0484375
11 0.509375 0.375 0.0265625 0.0484375
11 0.740625 0.8375 0.0265625 0.046875
12 0.4234375 0.153125 0.0234375 0.0390625
8 0.80625 0.6078125 0.0265625 0.046875
11 0.0859375 0.84375 0.03125 0.0484375
11 0.365625 0.3890625 0.028125 0.0484375
11 0.209375 0.84375 0.0296875 0.05
11 0.8234375 0.153125 0.0265625 0.0484375
11 0.534375 0.628125 0.0265625 0.046875
8 0.03125 0.709375 0.0265625 0.046875
8 0.3625 0.490625 0.025 0.0484375
8 0.28125 0.940625 0.0265625 0.0484375
11 0.2828125 0.38125 0.025 0.0484375
11 0.76875 0.6109375 0.025 0.04375
8 0.3125 0.7109375 0.028125 0.0453125
5 0.6578125 0.4015625 0.0296875 0.0234375
11 0.628125 0.85 0.0265625 0.04375
8 0.0796875 0.725 0.025 0.04375
8 0.1546875 0.49375 0.025 0.046875
11 0.878125 0.153125 0.0265625 0.0484375
8 0.390625 0.9390625 0.028125 0.0484375
11 0.5515625 0.1609375 0.0234375 0.0453125
8 0.846875 0.7203125 0.028125 0.0484375
8 0.66875 0.709375 0.0265625 0.0453125
8 0.76875 0.725 0.0265625 0.0484375
11 0.4609375 0.3875 0.025 0.0484375
11 0.596875 0.1625 0.028125 0.0453125
11 0.1890625 0.153125 0.025 0.046875
11 0.28125 0.853125 0.028125 0.0453125
14 0.0328125 0.159375 0.0328125 0.075
8 0.028125 0.9515625 0.028125 0.0421875
8 0.7109375 0.49375 0.028125 0.046875
11 0.3375 0.853125 0.0296875 0.0453125
12 0.8359375 0.375 0.021875 0.0359375
8 0.453125 0.609375 0.025 0.046875
11 0.1015625 0.378125 0.0265625 0.0484375
12 0.784375 0.8375 0.025 0.0375
8 0.028125 0.496875 0.0265625 0.0484375
11 0.771875 0.153125 0.025 0.046875
8 0.4890625 0.725 0.0265625 0.0484375
12 0.64375 0.15 0.0234375 0.040625
11 0.678125 0.834375 0.028125 0.046875
8 0.834375 0.9390625 0.0296875 0.0515625
11 0.40625 0.38125 0.025 0.0515625
12 0.153125 0.1546875 0.021875 0.0359375
5 0.146875 0.7046875 0.025 0.0203125
12 0.55 0.375 0.021875 0.0359375
5 0.03125 0.646875 0.03125 0.0234375
11 0.3234375 0.153125 0.025 0.0484375
12 0.209375 0.375 0.0234375 0.0375
11 0.1484375 0.8453125 0.03125 0.0484375
9 0.096875 0.1546875 0.021875 0.01875
11 0.1890625 0.625 0.025 0.046875
9 0.146875 0.24375 0.025 0.021875
9 0.146875 0.6140625 0.021875 0.0203125
9 0.778125 0.375 0.0234375 0.021875
12 0.171875 0.61875 0.0203125 0.0328125
9 0.74375 0.9375 0.0265625 0.025