0 0.01875 0.4984375 0.0375 0.0484375
0 0.0640625 0.2578125 0.034375 0.04375
0 0.01875 0.7203125 0.0375 0.0453125
0 0.01875 0.94375 0.0375 0.0453125
3 0.553125 0.15 0.0234375 0.0484375
3 0.7328125 0.165625 0.0265625 0.0484375
5 0.6875 0.4078125 0.028125 0.021875
8 0.5625 0.94375 0.028125 0.0484375
3 0.765625 0.1625 0.0234375 0.0453125
3 0.0609375 0.375 0.0265625 0.0484375
11 0.2625 0.628125 0.0265625 0.0484375
8 0.6890625 0.49375 0.0265625 0.046875
3 0.31875 0.1625 0.0234375 0.0453125
8 0.2859375 0.2515625 0.0265625 0.0453125
12 0.45 0.159375 0.0234375 0.0375
3 0.525 0.1546875 0.0265625 0.0515625
8 0.51875 0.725 0.0265625 0.046875
11 0.6984375 0.6375 0.0265625 0.04375
3 0.2859375 0.165625 0.0265625 0.046875
3 0.096875 0.375 0.025 0.05
8 0.7953125 0.7265625 0.0265625 0.0484375
14 0.065625 0.165625 0.034375 0.075
14 0.0171875 0.38125 0.034375 0.0765625
8 0.61875 0.715625 0.0265625 0.04375
11 0.91875 0.63125 0.028125 0.046875
8 0.265625 0.715625 0.0265625 0.04375
12 0.8640625 0.84375 0.025 0.040625
3 0.475 0.8625 0.0265625 0.05
11 0.7109375 0.8390625 0.0265625 0.046875
12 0.5765625 0.378125 0.0234375 0.0390625
11 0.625 0.1671875 0.0265625 0.0453125
8 0.309375 0.5 0.0265625 0.0484375
11 0.615625 0.6296875 0.0265625 0.046875
11 0.3 0.63125 0.028125 0.046875
11 0.340625 0.634375 0.0265625 0.04375
8 0.7 0.715625 0.0265625 0.04375
8 0.109375 0.7296875 0.0265625 0.04375
11 0.7359375 0.634375 0.028125 0.046875
8 0.8390625 0.615625 0.0265625 0.046875
11 0.425 0.8578125 0.0296875 0.046875
11 0.059375 0.846875 0.0265625 0.05
8 0.7328125 0.253125 0.0265625 0.046875
11 0.65625 0.63125 0.0265625 0.046875
8 0.184375 0.496875 0.025 0.05
11 0.90625 0.378125 0.0265625 0.046875
8 0.6625 0.959375 0.028125 0.040625
11 0.1171875 0.85 0.0296875 0.0484375
11 0.309375 0.3859375 0.025 0.0484375
12 0.2375 0.3796875 0.025 0.0390625
8 0.521875 0.2609375 0.028125 0.046875
8 0.490625 0.509375 0.0265625 0.0421875
11 0.39375 0.396875 0.028125 0.05
11 0.44375 0.615625 0.025 0.0453125
8 0.3421875 0.715625 0.025 0.04375
11 0.7734375 0.8421875 0.025 0.0484375
8 0.8625 0.946875 0.0296875 0.0515625
5 0.175 0.7109375 0.0265625 0.0234375
11 0.5625 0.85 0.028125 0.05
11 0.625 0.4 0.028125 0.046875
8 0.4 0.2578125 0.0265625 0.0484375
8 0.85 0.2578125 0.028125 0.0484375
11 0.403125 0.1578125 0.0265625 0.0484375
11 0.38125 0.634375 0.0265625 0.046875
8 0.059375 0.503125 0.0265625 0.046875
11 0.659375 0.8578125 0.028125 0.0453125
8 0.3921875 0.5 0.0265625 0.05
8 0.425 0.946875 0.0296875 0.0484375
11 0.853125 0.1578125 0.0265625 0.0484375
11 0.8 0.615625 0.0265625 0.0453125
11 0.5625 0.634375 0.028125 0.0484375
11 0.128125 0.384375 0.0265625 0.046875
8 0.625 0.2546875 0.0265625 0.05
8 0.578125 0.496875 0.0265625 0.0484375
11 0.90625 0.159375 0.0265625 0.05
8 0.309375 0.946875 0.028125 0.0484375
11 0.803125 0.159375 0.0265625 0.046875
11 0.365625 0.8578125 0.0296875 0.0453125
11 0.3515625 0.378125 0.025 0.0484375
8 0.440625 0.7265625 0.0265625 0.046875
8 0.740625 0.4984375 0.028125 0.05
11 0.309375 0.859375 0.0296875 0.046875
8 0.0625 0.715625 0.028125 0.0484375
11 0.184375 0.384375 0.028125 0.046875
3 0.5125 0.8578125 0.028125 0.0515625
8 0.484375 0.615625 0.025 0.046875
8 0.878125 0.7234375 0.0265625 0.0453125
11 0.2359375 0.85 0.03125 0.05
8 0.18125 0.959375 0.0296875 0.04375
11 0.5375 0.38125 0.025 0.0484375
12 0.8171875 0.84375 0.025 0.040625
8 0.059375 0.9578125 0.0265625 0.0421875
11 0.4921875 0.390625 0.025 0.0484375
12 0.1796875 0.159375 0.0234375 0.0375
11 0.915625 0.84375 0.028125 0.0484375
11 0.6125 0.85625 0.03125 0.0484375
12 0.6703125 0.159375 0.025 0.0390625
14 0.0171875 0.8484375 0.034375 0.078125
11 0.35 0.1578125 0.025 0.046875
11 0.221875 0.159375 0.025 0.0453125
11 0.4375 0.3875 0.025 0.046875
5 0.809375 0.503125 0.0265625 0.025
12 0.8640625 0.38125 0.025 0.0421875
5 0.0625 0.653125 0.03125 0.0234375
14 0.0171875 0.625 0.034375 0.0765625
6 0.175 0.253125 0.028125 0.021875
9 0.809375 0.3796875 0.025 0.0203125
9 0.175 0.6234375 0.0265625 0.0234375
12 0.203125 0.625 0.01875 0.0359375
11 0.5796875 0.16875 0.025 0.04375
11 0.2203125 0.63125 0.025 0.0453125
9 0.771875 0.94375 0.0265625 0.0203125
11 0.178125 0.85625 0.025 0.0515625
9 0.125 0.159375 0.021875 0.021875