0 0.0234375 0.7296875 0.0375 0.0453125
0 0.0234375 0.284375 0.0359375 0.046875
0 0.0703125 0.040625 0.034375 0.0453125
3 0.7734375 0.8546875 0.0234375 0.0484375
8 0.6234375 0.5015625 0.0265625 0.0453125
0 0.0234375 0.9625 0.0359375 0.0453125
0 0.025 0.50625 0.0375 0.0453125
11 0.1234375 0.6390625 0.0296875 0.0484375
11 0.56875 0.6375 0.028125 0.0484375
8 0.446875 0.515625 0.0265625 0.046875
11 0.26875 0.415625 0.0234375 0.046875
11 0.30625 0.4203125 0.0265625 0.046875
8 0.696875 0.278125 0.0265625 0.046875
8 0.06875 0.5015625 0.0265625 0.046875
14 0.025 0.171875 0.0359375 0.0765625
3 0.103125 0.1625 0.025 0.053125
5 0.815625 0.290625 0.0265625 0.0234375
11 0.925 0.415625 0.028125 0.046875
3 0.5015625 0.8625 0.0265625 0.0484375
8 0.0640625 0.959375 0.0265625 0.046875
3 0.0984375 0.859375 0.025 0.046875
11 0.6703125 0.8578125 0.0265625 0.046875
3 0.534375 0.859375 0.0234375 0.0453125
8 0.3484375 0.5015625 0.0265625 0.0453125
3 0.4875 0.646875 0.0265625 0.05
11 0.240625 0.6375 0.0296875 0.0484375
8 0.4296875 0.7375 0.0265625 0.05
11 0.80625 0.40625 0.0265625 0.0453125
12 0.9078125 0.8578125 0.0234375 0.0375
11 0.615625 0.85625 0.025 0.046875
12 0.24375 0.165625 0.025 0.040625
11 0.9140625 0.165625 0.0265625 0.0484375
12 0.5828125 0.165625 0.0234375 0.0375
11 0.128125 0.853125 0.025 0.0484375
11 0.3875 0.41875 0.0265625 0.0453125
8 0.884375 0.5140625 0.0265625 0.0484375
3 0.740625 0.8484375 0.0265625 0.046875
11 0.31875 0.646875 0.028125 0.04375
3 0.51875 0.64375 0.0265625 0.05
8 0.2921875 0.0375 0.028125 0.0453125
11 0.359375 0.1625 0.0234375 0.0484375
11 0.4984375 0.175 0.025 0.0484375
8 0.396875 0.28125 0.028125 0.0515625
11 0.1390625 0.16875 0.025 0.0484375
8 0.70625 0.5015625 0.0265625 0.0453125
8 0.2703125 0.503125 0.0265625 0.046875
3 0.065625 0.859375 0.028125 0.05
11 0.5671875 0.41875 0.028125 0.046875
11 0.6625 0.41875 0.0265625 0.046875
11 0.446875 0.403125 0.0265625 0.0453125
8 0.56875 0.734375 0.0265625 0.0484375
8 0.065625 0.2890625 0.025 0.046875
11 0.065625 0.634375 0.0265625 0.05
11 0.565625 0.8515625 0.025 0.046875
8 0.496875 0.2953125 0.0265625 0.040625
11 0.54375 0.165625 0.025 0.0484375
11 0.740625 0.4203125 0.0265625 0.0453125
8 0.8 0.515625 0.0265625 0.046875
8 0.584375 0.284375 0.028125 0.0484375
11 0.178125 0.853125 0.025 0.046875
8 0.0640625 0.746875 0.028125 0.04375
5 0.696875 0.19375 0.0296875 0.0234375
8 0.31875 0.7375 0.0265625 0.0484375
8 0.5015625 0.95625 0.0265625 0.046875
8 0.5296875 0.515625 0.025 0.046875
8 0.409375 0.040625 0.0265625 0.0484375
12 0.8234375 0.634375 0.0234375 0.0375
11 0.196875 0.165625 0.0265625 0.0484375
8 0.859375 0.040625 0.0265625 0.046875
11 0.63125 0.1875 0.0296875 0.0484375
12 0.225 0.8546875 0.0234375 0.0390625
11 0.7171875 0.628125 0.0265625 0.046875
11 0.396875 0.865625 0.028125 0.046875
8 0.19375 0.2875 0.0265625 0.0484375
11 0.4 0.18125 0.0265625 0.0484375
3 0.2984375 0.846875 0.025 0.0515625
8 0.665625 0.746875 0.0265625 0.04375
8 0.31875 0.284375 0.025 0.05
11 0.353125 0.865625 0.0234375 0.0453125
3 0.065625 0.1609375 0.028125 0.046875
11 0.3203125 0.171875 0.025 0.0484375
8 0.634375 0.0390625 0.025 0.0484375
8 0.7375 0.9671875 0.028125 0.046875
8 0.115625 0.51875 0.025 0.04375
8 0.396875 0.9609375 0.028125 0.05
11 0.703125 0.425 0.0265625 0.0453125
8 0.296875 0.9671875 0.0296875 0.046875
11 0.8625 0.859375 0.0265625 0.046875
11 0.6171875 0.6421875 0.028125 0.046875
11 0.375 0.646875 0.0296875 0.046875
8 0.184375 0.746875 0.028125 0.0421875
11 0.43125 0.646875 0.028125 0.0453125
11 0.346875 0.425 0.0265625 0.0453125
8 0.6125 0.965625 0.0265625 0.0484375
8 0.7390625 0.0375 0.0265625 0.0453125
11 0.778125 0.6296875 0.0265625 0.046875
8 0.871875 0.7359375 0.0296875 0.0484375
11 0.921875 0.63125 0.0265625 0.046875
11 0.665625 0.646875 0.0265625 0.04375
8 0.490625 0.4046875 0.025 0.046875
8 0.8578125 0.9609375 0.021875 0.046875
12 0.86875 0.6328125 0.025 0.0390625
8 0.7453125 0.284375 0.028125 0.0484375
8 0.53125 0.04375 0.0265625 0.046875
14 0.0234375 0.415625 0.034375 0.0734375
11 0.4421875 0.171875 0.025 0.0484375
8 0.178125 0.9625 0.0265625 0.0484375
12 0.440625 0.8578125 0.021875 0.040625
11 0.621875 0.415625 0.0265625 0.0484375
8 0.84375 0.40625 0.025 0.046875
3 0.3265625 0.84375 0.0234375 0.0484375
12 0.875 0.165625 0.025 0.0375
14 0.0234375 0.6375 0.0359375 0.075
11 0.809375 0.85625 0.0265625 0.0484375
5 0.18125 0.496875 0.025 0.0234375
14 0.021875 0.8609375 0.0359375 0.075
9 0.18125 0.034375 0.0265625 0.01875
5 0.06875 0.4375 0.028125 0.021875
11 0.2265625 0.4203125 0.025 0.0453125
9 0.18125 0.4078125 0.025 0.0203125
2 0.209375 0.4109375 0.01875 0.0359375
9 0.778125 0.73125 0.025 0.021875
9 0.815625 0.165625 0.0265625 0.0203125
2 0.1703125 0.63125 0.021875 0.0453125
11 0.1828125 0.6390625 0.025 0.0484375