0 0.0859375 0.040625 0.0359375 0.04375
0 0.040625 0.28125 0.0359375 0.046875
14 0.040625 0.16875 0.0375 0.075
0 0.040625 0.728125 0.0375 0.046875
0 0.040625 0.50625 0.0359375 0.0453125
0 0.040625 0.95625 0.0375 0.046875
3 0.759375 0.846875 0.028125 0.0484375
14 0.040625 0.415625 0.034375 0.071875
5 0.7125 0.190625 0.028125 0.021875
8 0.7140625 0.2765625 0.0265625 0.0453125
11 0.6375 0.415625 0.0265625 0.0484375
11 0.284375 0.415625 0.0265625 0.046875
11 0.4125 0.8625 0.028125 0.0453125
3 0.11875 0.1578125 0.025 0.053125
3 0.5375 0.64375 0.028125 0.0515625
8 0.1328125 0.51875 0.0265625 0.04375
8 0.5125 0.29375 0.0265625 0.0421875
11 0.940625 0.4140625 0.0265625 0.046875
8 0.0890625 0.5 0.0265625 0.0453125
12 0.603125 0.1625 0.0234375 0.040625
8 0.8203125 0.5140625 0.025 0.0484375
11 0.6328125 0.853125 0.025 0.0484375
12 0.8875 0.63125 0.0234375 0.0375
8 0.08125 0.2859375 0.025 0.046875
8 0.2 0.74375 0.028125 0.0453125
8 0.415625 0.953125 0.0265625 0.0484375
11 0.678125 0.41875 0.0265625 0.046875
3 0.55 0.859375 0.0234375 0.046875
8 0.765625 0.284375 0.028125 0.05
14 0.040625 0.6375 0.0359375 0.075
3 0.7890625 0.853125 0.0234375 0.0484375
11 0.7328125 0.6265625 0.0265625 0.046875
8 0.5453125 0.5140625 0.0265625 0.046875
11 0.403125 0.41875 0.0265625 0.046875
8 0.5875 0.7265625 0.0265625 0.0484375
8 0.209375 0.28125 0.025 0.0484375
11 0.684375 0.853125 0.0265625 0.0484375
11 0.9375 0.63125 0.028125 0.046875
11 0.1953125 0.853125 0.028125 0.05
11 0.2625 0.6375 0.03125 0.0484375
3 0.5171875 0.8578125 0.0265625 0.05
8 0.284375 0.5 0.0265625 0.0453125
12 0.2625 0.1640625 0.0234375 0.0390625
3 0.0875 0.8609375 0.0265625 0.05
11 0.378125 0.1625 0.025 0.046875
12 0.45625 0.85625 0.0234375 0.0375
8 0.721875 0.5 0.0265625 0.0453125
8 0.334375 0.73125 0.028125 0.0484375
11 0.2109375 0.165625 0.028125 0.05
11 0.559375 0.165625 0.0265625 0.0515625
11 0.08125 0.6296875 0.0265625 0.046875
8 0.634375 0.9625 0.0265625 0.0484375
11 0.7953125 0.63125 0.0265625 0.0484375
11 0.584375 0.6375 0.028125 0.05
11 0.446875 0.646875 0.0296875 0.046875
11 0.5828125 0.41875 0.028125 0.0484375
8 0.546875 0.046875 0.028125 0.046875
8 0.64375 0.5 0.025 0.046875
8 0.0828125 0.9546875 0.025 0.046875
8 0.6515625 0.0390625 0.028125 0.05
11 0.65 0.184375 0.03125 0.0484375
11 0.14375 0.6375 0.0296875 0.0484375
11 0.325 0.41875 0.0265625 0.046875
8 0.521875 0.9578125 0.0265625 0.0484375
11 0.365625 0.421875 0.0265625 0.04375
3 0.0875 0.1546875 0.028125 0.046875
11 0.4640625 0.403125 0.025 0.0453125
8 0.334375 0.2890625 0.0265625 0.05
8 0.8875 0.728125 0.0265625 0.0484375
11 0.825 0.85625 0.0265625 0.0484375
12 0.8390625 0.63125 0.0234375 0.0390625
8 0.9 0.5125 0.0265625 0.0484375
11 0.41875 0.18125 0.0265625 0.046875
8 0.425 0.0421875 0.028125 0.046875
11 0.634375 0.640625 0.028125 0.046875
11 0.68125 0.6453125 0.0265625 0.0453125
8 0.3671875 0.5 0.025 0.0453125
8 0.8625 0.403125 0.025 0.0453125
8 0.6859375 0.74375 0.0265625 0.0421875
8 0.08125 0.74375 0.025 0.040625
14 0.040625 0.859375 0.0359375 0.075
8 0.759375 0.034375 0.0265625 0.046875
12 0.928125 0.8546875 0.0234375 0.0375
8 0.446875 0.73125 0.028125 0.0484375
8 0.3125 0.9640625 0.028125 0.046875
8 0.875 0.0421875 0.0265625 0.046875
11 0.7609375 0.41875 0.0265625 0.046875
11 0.51875 0.171875 0.025 0.05
8 0.41875 0.278125 0.025 0.046875
11 0.459375 0.16875 0.0234375 0.05
11 0.334375 0.646875 0.028125 0.046875
8 0.309375 0.0359375 0.028125 0.04375
11 0.3359375 0.171875 0.0265625 0.0484375
3 0.1140625 0.859375 0.0234375 0.046875
3 0.31875 0.85 0.028125 0.0515625
8 0.75625 0.965625 0.025 0.0453125
8 0.4625 0.5125 0.0265625 0.046875
11 0.821875 0.4 0.025 0.0453125
11 0.878125 0.853125 0.0265625 0.05
11 0.71875 0.4234375 0.0265625 0.0453125
8 0.196875 0.9625 0.028125 0.05
12 0.2421875 0.853125 0.025 0.0390625
8 0.603125 0.284375 0.0265625 0.05
8 0.50625 0.4046875 0.03125 0.046875
12 0.890625 0.1625 0.025 0.040625
11 0.15625 0.165625 0.0265625 0.0515625
8 0.875 0.959375 0.0296875 0.0484375
3 0.50625 0.646875 0.0265625 0.0484375
11 0.390625 0.6453125 0.0296875 0.046875
9 0.196875 0.034375 0.028125 0.0234375
11 0.58125 0.85 0.025 0.0484375
11 0.1484375 0.853125 0.0265625 0.0484375
11 0.93125 0.1625 0.0265625 0.046875
11 0.371875 0.8625 0.025 0.0453125
3 0.34375 0.840625 0.021875 0.05
5 0.83125 0.2875 0.025 0.0234375
11 0.203125 0.640625 0.028125 0.0484375
5 0.2 0.4953125 0.0265625 0.021875
11 0.24375 0.41875 0.0265625 0.046875
5 0.0875 0.4375 0.03125 0.0234375
9 0.2 0.4078125 0.028125 0.0203125
12 0.225 0.409375 0.0203125 0.0375
9 0.83125 0.1640625 0.0265625 0.0203125
9 0.79375 0.728125 0.025 0.0203125