0 0.103125 0.9171875 0.0359375 0.0453125
0 0.103125 0.234375 0.0359375 0.0453125
0 0.103125 0.690625 0.0359375 0.046875
14 0.103125 0.1390625 0.0375 0.075
0 0.103125 0.4578125 0.0375 0.046875
3 0.4015625 0.571875 0.0234375 0.046875
3 0.8484375 0.5828125 0.0234375 0.0484375
5 0.890625 0.9234375 0.028125 0.025
8 0.146875 0.2296875 0.025 0.0453125
3 0.5765625 0.5890625 0.0265625 0.05
3 0.175 0.5875 0.025 0.0484375
11 0.471875 0.59375 0.028125 0.0453125
8 0.525 0.24375 0.028125 0.046875
11 0.3421875 0.14375 0.025 0.046875
3 0.81875 0.575 0.0265625 0.046875
14 0.103125 0.81875 0.0359375 0.0765625
8 0.384375 0.928125 0.028125 0.04375
8 0.703125 0.2296875 0.0265625 0.0453125
8 0.3453125 0.2296875 0.025 0.0453125
11 0.88125 0.134375 0.025 0.0453125
11 0.646875 0.365625 0.0265625 0.046875
11 0.778125 0.1515625 0.0265625 0.04375
12 0.3015625 0.584375 0.0234375 0.040625
3 0.378125 0.578125 0.025 0.0515625
3 0.596875 0.371875 0.0265625 0.0515625
11 0.81875 0.91875 0.0296875 0.0484375
8 0.1921875 0.246875 0.025 0.0453125
11 0.1984375 0.3671875 0.0296875 0.0484375
11 0.9375 0.5875 0.0265625 0.046875
11 0.259375 0.828125 0.0296875 0.0484375
12 0.9453125 0.3609375 0.025 0.0390625
11 0.75 0.58125 0.0265625 0.0484375
8 0.140625 0.915625 0.0265625 0.0484375
8 0.2578125 0.915625 0.028125 0.05
5 0.6453125 0.8109375 0.025 0.0234375
11 0.2578125 0.584375 0.028125 0.046875
8 0.375 0.6953125 0.0296875 0.0484375
8 0.428125 0.23125 0.0265625 0.04375
3 0.609375 0.5875 0.0234375 0.046875
8 0.509375 0.4609375 0.028125 0.05
8 0.78125 0.2296875 0.0265625 0.0453125
8 0.39375 0.4625 0.028125 0.0484375
11 0.4625 0.1484375 0.0265625 0.0453125
11 0.3203125 0.3671875 0.0296875 0.0484375
12 0.896875 0.3625 0.0234375 0.0375
3 0.5609375 0.371875 0.0265625 0.0484375
11 0.646875 0.146875 0.028125 0.046875
11 0.703125 0.91875 0.028125 0.0484375
11 0.528125 0.1328125 0.025 0.0453125
11 0.2 0.809375 0.028125 0.046875
11 0.3875 0.825 0.0265625 0.05
8 0.578125 0.684375 0.0265625 0.0453125
8 0.646875 0.45625 0.0265625 0.05
11 0.425 0.153125 0.025 0.04375
8 0.8171875 0.696875 0.0265625 0.046875
8 0.1421875 0.68125 0.0265625 0.0484375
11 0.384375 0.1484375 0.025 0.046875
11 0.7375 0.1484375 0.0265625 0.0484375
11 0.146875 0.81875 0.0265625 0.05
11 0.8203125 0.146875 0.0265625 0.0453125
8 0.50625 0.91875 0.028125 0.0484375
8 0.14375 0.475 0.0265625 0.04375
8 0.946875 0.4625 0.0296875 0.05
11 0.740625 0.375 0.0265625 0.0453125
8 0.934375 0.6875 0.0265625 0.046875
11 0.7609375 0.925 0.028125 0.046875
11 0.14375 0.3625 0.0265625 0.05
11 0.790625 0.35625 0.0265625 0.046875
11 0.39375 0.375 0.028125 0.0453125
14 0.103125 0.5875 0.0375 0.078125
11 0.50625 0.375 0.028125 0.046875
12 0.515625 0.58125 0.025 0.0421875
11 0.3171875 0.815625 0.0265625 0.05
11 0.696875 0.3703125 0.028125 0.046875
8 0.878125 0.2421875 0.025 0.046875
11 0.69375 0.58125 0.025 0.0484375
14 0.1015625 0.3625 0.0359375 0.0765625
8 0.690625 0.690625 0.0265625 0.0484375
8 0.6046875 0.24375 0.0265625 0.046875
8 0.740625 0.475 0.028125 0.0453125
11 0.64375 0.58125 0.0234375 0.046875
11 0.853125 0.359375 0.0265625 0.046875
8 0.2515625 0.6890625 0.028125 0.05
11 0.45 0.375 0.0296875 0.046875
11 0.7 0.14375 0.028125 0.046875
8 0.565625 0.1328125 0.0234375 0.046875
8 0.446875 0.815625 0.0265625 0.0484375
8 0.2625 0.475 0.03125 0.0484375
5 0.890625 0.01875 0.0265625 0.0234375
8 0.959375 0.24375 0.0265625 0.0484375
12 0.9875 0.5859375 0.025 0.0390625
8 0.471875 0.6875 0.0265625 0.0484375
11 0.43125 0.59375 0.025 0.04375
11 0.565625 0.81875 0.028125 0.0484375
11 0.646875 0.9125 0.028125 0.046875
3 0.1453125 0.590625 0.0265625 0.05
11 0.2078125 0.58125 0.025 0.046875
8 0.9234375 0.134375 0.025 0.0453125
11 0.303125 0.146875 0.0234375 0.0453125
11 0.884375 0.584375 0.0265625 0.0484375
5 0.146875 0.165625 0.03125 0.0234375
5 0.890625 0.8125 0.025 0.0234375
5 0.259375 0.221875 0.0234375 0.0234375
9 0.853125 0.4578125 0.0265625 0.0234375
11 0.259375 0.365625 0.025 0.0484375
12 0.284375 0.1390625 0.0203125 0.0375
9 0.259375 0.1375 0.021875 0.021875