0 0.0859375 0.796875 0.0375 0.04375
0 0.0859375 0.346875 0.0359375 0.046875
3 0.834375 0.015625 0.025 0.03125
3 0.38671875 0.015625 0.0234375 0.03125
0 0.13125 0.10625 0.0328125 0.0453125
5 0.24375 0.5578125 0.025 0.021875
0 0.0859375 0.56875 0.0375 0.04375
8 0.13125 0.5625 0.0265625 0.046875
8 0.6890625 0.5625 0.0265625 0.04375
11 0.3296875 0.478125 0.025 0.0484375
11 0.371875 0.48125 0.0265625 0.046875
14 0.0890625 0.475 0.034375 0.075
3 0.834375 0.9171875 0.0234375 0.0484375
11 0.45 0.48125 0.028125 0.0453125
14 0.0859375 0.2328125 0.0375 0.078125
3 0.5625 0.925 0.025 0.0484375
11 0.725 0.48125 0.028125 0.046875
11 0.509375 0.4671875 0.0265625 0.0453125
3 0.165625 0.225 0.025 0.0515625
11 0.6515625 0.01875 0.0234375 0.0375
11 0.63125 0.7 0.028125 0.05
3 0.8046875 0.01875 0.028125 0.0375
11 0.978125 0.2265625 0.028125 0.0484375
3 0.5484375 0.709375 0.0265625 0.05
3 0.1609375 0.921875 0.0234375 0.0484375
3 0.353125 0.01875 0.025 0.0359375
8 0.946875 0.5765625 0.028125 0.0484375
11 0.80625 0.48125 0.028125 0.0453125
12 0.975 0.91875 0.025 0.0390625
8 0.509375 0.578125 0.028125 0.046875
11 0.678125 0.9171875 0.025 0.0484375
8 0.33125 0.5640625 0.0265625 0.04375
3 0.5796875 0.70625 0.0265625 0.05
11 0.73125 0.9171875 0.0265625 0.046875
11 0.765625 0.4859375 0.028125 0.0453125
5 0.759375 0.259375 0.03125 0.0234375
8 0.634375 0.79375 0.025 0.046875
8 0.7671875 0.5640625 0.0265625 0.04375
11 0.69375 0.01875 0.028125 0.0375
8 0.759375 0.340625 0.028125 0.046875
8 0.65 0.35 0.028125 0.0484375
11 0.409375 0.4859375 0.028125 0.0453125
8 0.46875 0.10625 0.0296875 0.0484375
3 0.128125 0.921875 0.025 0.05
8 0.459375 0.3453125 0.0265625 0.0484375
12 0.9359375 0.228125 0.0234375 0.0390625
8 0.559375 0.359375 0.025 0.0421875
14 0.090625 0.696875 0.0359375 0.075
12 0.884375 0.696875 0.025 0.0390625
11 0.9859375 0.4765625 0.028125 0.05
14 0.0859375 0.921875 0.0375 0.075
8 0.4125 0.5625 0.028125 0.04375
11 0.86875 0.4671875 0.0265625 0.0453125
3 0.359375 0.909375 0.025 0.0515625
11 0.678125 0.703125 0.028125 0.046875
8 0.1265625 0.3546875 0.0265625 0.046875
11 0.1265625 0.696875 0.0265625 0.0484375
8 0.246875 0.80625 0.028125 0.04375
11 0.628125 0.48125 0.028125 0.046875
3 0.128125 0.221875 0.0265625 0.05
8 0.590625 0.5765625 0.0265625 0.046875
8 0.73125 0.8046875 0.0265625 0.04375
8 0.8015625 0.1 0.028125 0.0453125
8 0.353125 0.1 0.028125 0.0453125
8 0.8625 0.578125 0.0265625 0.046875
12 0.3046875 0.2265625 0.025 0.040625
3 0.8046875 0.9125 0.025 0.046875
11 0.559375 0.240625 0.025 0.0484375
11 0.459375 0.928125 0.028125 0.046875
11 0.303125 0.7 0.0296875 0.0484375
8 0.91875 0.1078125 0.0296875 0.0484375
11 0.2421875 0.915625 0.0265625 0.046875
11 0.684375 0.478125 0.0265625 0.0484375
11 0.925 0.921875 0.0265625 0.0484375
11 0.6265625 0.91875 0.025 0.046875
8 0.4890625 0.79375 0.0265625 0.0484375
12 0.51796875 0.0125 0.0265625 0.025
12 0.2875 0.91875 0.025 0.040625
11 0.984375 0.69375 0.0296875 0.046875
11 0.2015625 0.23125 0.025 0.0484375
12 0.5015625 0.91875 0.025 0.0390625
8 0.3796875 0.35 0.025 0.05
8 0.69375 0.103125 0.028125 0.05
8 0.1265625 0.8078125 0.028125 0.0421875
12 0.7375 0.0140625 0.0234375 0.028125
12 0.93125 0.69375 0.025 0.0390625
11 0.490625 0.709375 0.0296875 0.0453125
8 0.590625 0.1109375 0.028125 0.0484375
11 0.25625 0.2296875 0.028125 0.0484375
8 0.90625 0.4671875 0.0265625 0.046875
11 0.840625 0.69375 0.0265625 0.0484375
8 0.9296875 0.79375 0.0265625 0.0484375
11 0.728125 0.7078125 0.0265625 0.04375
14 0.13125 0.025 0.034375 0.05
8 0.178125 0.58125 0.025 0.04375
3 0.5921875 0.91875 0.0234375 0.0453125
11 0.778125 0.690625 0.0265625 0.046875
8 0.375 0.79375 0.028125 0.0484375
8 0.553125 0.4671875 0.0265625 0.046875
11 0.4375 0.709375 0.0296875 0.046875
11 0.4625 0.24375 0.028125 0.0484375
11 0.190625 0.91875 0.025 0.0484375
11 0.60625 0.2296875 0.0265625 0.0484375
12 0.6484375 0.2265625 0.0234375 0.0390625
3 0.3890625 0.909375 0.021875 0.05
11 0.1859375 0.7015625 0.0296875 0.0484375
8 0.8109375 0.346875 0.0296875 0.0484375
9 0.24375 0.1 0.0265625 0.0203125
11 0.378125 0.234375 0.0265625 0.0484375
11 0.425 0.2265625 0.025 0.05
8 0.25 0.34375 0.028125 0.05
11 0.38125 0.709375 0.028125 0.0453125
5 0.878125 0.3515625 0.0265625 0.0234375
11 0.696875 0.246875 0.03125 0.05
11 0.4703125 0.015625 0.028125 0.0296875
11 0.5078125 0.234375 0.025 0.05
11 0.9765625 0.015625 0.025 0.03125
11 0.8703125 0.921875 0.0265625 0.0484375
3 0.871875 0.015625 0.0265625 0.03125
11 0.41875 0.9265625 0.025 0.04375
3 0.421875 0.015625 0.0265625 0.0296875
11 0.2484375 0.70625 0.0265625 0.05
11 0.2875 0.48125 0.025 0.0453125
11 0.2875 0.015625 0.0234375 0.03125
3 0.59296875 0.0125 0.0234375 0.025
3 0.62109375 0.009375 0.0234375 0.01875
5 0.1296875 0.5 0.0296875 0.021875
9 0.19375 0.009375 0.0265625 0.01875
12 0.24765625 0.0125 0.0234375 0.025
3 0.921875 0.015625 0.0265625 0.0296875
2 0.2703125 0.471875 0.021875 0.0359375
9 0.878125 0.228125 0.0265625 0.0203125
5 0.8390625 0.7921875 0.025 0.0203125
2 0.23125 0.696875 0.0203125 0.04375
9 0.24375 0.46875 0.0234375 0.0203125