5 0.7875 0.971875 0.0265625 0.0203125
3 0.0734375 0.05 0.025 0.0515625
5 0.540625 0.971875 0.0265625 0.025
8 0.6 0.3890625 0.0265625 0.0453125
3 0.74375 0.7390625 0.025 0.0484375
8 0.0375 0.178125 0.0265625 0.0484375
11 0.596875 0.3 0.0265625 0.046875
5 0.66875 0.08125 0.0296875 0.021875
11 0.2390625 0.3 0.0265625 0.046875
11 0.675 0.309375 0.0265625 0.0453125
11 0.321875 0.3078125 0.0265625 0.0453125
8 0.4734375 0.8421875 0.028125 0.0453125
8 0.325 0.390625 0.0265625 0.0453125
8 0.0375 0.63125 0.0265625 0.0421875
3 0.4578125 0.534375 0.0265625 0.0484375
11 0.6875 0.515625 0.0265625 0.046875
8 0.4625 0.2890625 0.0265625 0.046875
11 0.28125 0.303125 0.028125 0.046875
3 0.715625 0.7375 0.028125 0.0484375
8 0.421875 0.403125 0.025 0.046875
8 0.04375 0.3890625 0.025 0.0453125
11 0.371875 0.753125 0.028125 0.046875
8 0.240625 0.390625 0.025 0.0453125
11 0.8875 0.053125 0.028125 0.0484375
12 0.4109375 0.7421875 0.0234375 0.0390625
8 0.7125 0.85625 0.028125 0.046875
11 0.778125 0.2890625 0.025 0.046875
8 0.6375 0.6328125 0.028125 0.04375
8 0.6765625 0.390625 0.0265625 0.0453125
11 0.75 0.51875 0.0265625 0.0484375
8 0.0375 0.8421875 0.0265625 0.0453125
12 0.884375 0.7453125 0.0234375 0.0359375
8 0.36875 0.85 0.028125 0.05
8 0.54375 0.615625 0.0265625 0.0484375
8 0.5015625 0.403125 0.0265625 0.046875
11 0.896875 0.303125 0.0296875 0.05
11 0.834375 0.746875 0.0265625 0.046875
8 0.34375 0.975 0.0265625 0.05
8 0.3734375 0.16875 0.028125 0.0484375
8 0.83125 0.8453125 0.0234375 0.0484375
3 0.06875 0.746875 0.0234375 0.0453125
11 0.634375 0.3046875 0.0265625 0.0484375
12 0.2015625 0.7421875 0.0234375 0.0390625
8 0.859375 0.403125 0.0265625 0.046875
8 0.1546875 0.634375 0.028125 0.04375
8 0.4671875 0.1828125 0.0265625 0.0421875
3 0.49375 0.5296875 0.0296875 0.05
8 0.090625 0.40625 0.0265625 0.04375
11 0.6453125 0.7453125 0.025 0.046875
8 0.7765625 0.403125 0.028125 0.0484375
11 0.4015625 0.53125 0.028125 0.0453125
11 0.5921875 0.528125 0.028125 0.046875
3 0.2734375 0.734375 0.0265625 0.053125
11 0.540625 0.740625 0.0265625 0.0484375
11 0.215625 0.525 0.0296875 0.0484375
11 0.1546875 0.74375 0.0265625 0.046875
11 0.375 0.0703125 0.0265625 0.046875
8 0.153125 0.8515625 0.028125 0.05
8 0.165625 0.16875 0.0234375 0.0484375
11 0.328125 0.753125 0.0234375 0.0453125
11 0.359375 0.3078125 0.028125 0.046875
11 0.5875 0.74375 0.025 0.046875
11 0.3453125 0.53125 0.0296875 0.0453125
3 0.4765625 0.75 0.0265625 0.0484375
8 0.846875 0.6234375 0.028125 0.0484375
8 0.66875 0.165625 0.028125 0.046875
5 0.7875 0.178125 0.0265625 0.0234375
11 0.46875 0.0640625 0.025 0.0484375
11 0.425 0.2890625 0.025 0.0453125
8 0.271875 0.85625 0.028125 0.0484375
11 0.54375 0.309375 0.028125 0.046875
11 0.715625 0.303125 0.0265625 0.0453125
11 0.0984375 0.5265625 0.0296875 0.0484375
8 0.559375 0.171875 0.028125 0.05
11 0.8921875 0.5203125 0.0265625 0.046875
11 0.290625 0.534375 0.028125 0.04375
11 0.103125 0.740625 0.025 0.046875
11 0.6375 0.53125 0.0265625 0.04375
12 0.5578125 0.053125 0.0234375 0.0390625
3 0.509375 0.746875 0.0234375 0.0484375
8 0.403125 0.61875 0.0265625 0.0484375
11 0.1640625 0.053125 0.028125 0.05
11 0.1109375 0.05625 0.0265625 0.0484375
11 0.54375 0.5265625 0.028125 0.046875
11 0.3328125 0.053125 0.0234375 0.0484375
11 0.60625 0.075 0.028125 0.0484375
8 0.5875 0.85 0.028125 0.0484375
8 0.29375 0.6234375 0.0265625 0.0484375
11 0.040625 0.9765625 0.028125 0.046875
12 0.21875 0.053125 0.025 0.040625
3 0.0421875 0.75 0.025 0.0484375
5 0.15625 0.384375 0.0265625 0.0234375
3 0.0421875 0.046875 0.025 0.046875
8 0.2890625 0.171875 0.0265625 0.05
11 0.1 0.971875 0.0265625 0.0484375
8 0.8171875 0.296875 0.028125 0.046875
11 0.515625 0.0546875 0.0234375 0.0484375
3 0.3 0.7296875 0.0234375 0.0484375
8 0.7171875 0.178125 0.0296875 0.0484375
11 0.4625 0.9765625 0.028125 0.0453125
11 0.7796875 0.74375 0.0265625 0.0484375
12 0.84375 0.053125 0.025 0.0375
11 0.290625 0.059375 0.025 0.046875
11 0.4171875 0.059375 0.025 0.0484375
11 0.040625 0.521875 0.028125 0.05
5 0.04375 0.325 0.0296875 0.021875
12 0.84375 0.521875 0.0234375 0.040625
12 0.79375 0.51875 0.0234375 0.0390625
9 0.7875 0.053125 0.0265625 0.0203125
11 0.2015625 0.3078125 0.025 0.046875
9 0.753125 0.61875 0.0265625 0.021875
11 0.1578125 0.528125 0.0296875 0.05
12 0.1796875 0.296875 0.01875 0.034375
2 0.146875 0.51875 0.0234375 0.040625
9 0.15625 0.29375 0.021875 0.01875