2 0.06875 0.2875 0.0328125 0.31875
13 0.0875 0.346875 0.0171875 0.275
13 0.10625 0.334375 0.0171875 0.2421875
13 0.1375 0.309375 0.0171875 0.265625
13 0.15 0.3390625 0.021875 0.290625
13 0.228125 0.3875 0.0234375 0.1953125
13 0.2484375 0.3609375 0.01875 0.228125
13 0.265625 0.3125 0.0296875 0.275
13 0.284375 0.26875 0.0234375 0.3375
13 0.3859375 0.3 0.0265625 0.3046875
13 0.403125 0.3203125 0.015625 0.346875
13 0.425 0.28125 0.015625 0.2703125
13 0.4484375 0.275 0.0234375 0.3046875
13 0.634375 0.34375 0.025 0.3
13 0.7890625 0.2796875 0.0234375 0.3140625
13 0.8765625 0.259375 0.021875 0.328125
13 0.8859375 0.290625 0.0265625 0.3140625
13 0.903125 0.2796875 0.0171875 0.3140625
13 0.93125 0.309375 0.0171875 0.275
13 0.9484375 0.31875 0.021875 0.25625
13 0.971875 0.3203125 0.01875 0.2328125
13 0.96875 0.396875 0.003125 0.0140625
13 0.94375 0.846875 0.0296875 0.2515625
13 0.9265625 0.8328125 0.0265625 0.2234375
13 0.909375 0.8625 0.021875 0.1953125
13 0.896875 0.86875 0.0265625 0.1515625
13 0.840625 0.853125 0.0140625 0.25625
13 0.821875 0.8234375 0.021875 0.2796875
13 0.803125 0.85 0.0265625 0.228125
13 0.784375 0.86875 0.021875 0.2
13 0.7171875 0.7828125 0.015625 0.2375
13 0.696875 0.753125 0.0203125 0.2609375
13 0.6703125 0.8 0.0078125 0.2890625
13 0.684375 0.946875 0.01875 0.0046875
13 0.63125 0.859375 0.0234375 0.246875
13 0.6125 0.80625 0.03125 0.275
13 0.59375 0.809375 0.021875 0.2609375
13 0.54375 0.775 0.0140625 0.2328125
13 0.5265625 0.76875 0.0203125 0.265625
13 0.509375 0.784375 0.0203125 0.2609375
13 0.49375 0.81875 0.01875 0.2703125
13 0.4625 0.74375 0.015625 0.2421875
13 0.44375 0.76875 0.0234375 0.275
13 0.428125 0.734375 0.021875 0.2796875
13 0.190625 0.84375 0.0171875 0.284375
13 0.1375 0.8515625 0.0171875 0.2046875
13 0.11875 0.846875 0.0109375 0.203125
13 0.1 0.825 0.0265625 0.2375
13 0.0859375 0.821875 0.0265625 0.275
11 0.5140625 0.31875 0.0265625 0.3046875
3 0.290625 0.740625 0.021875 0.3046875
3 0.3703125 0.7953125 0.01875 0.2328125
3 0.2140625 0.85 0.015625 0.275
11 0.4859375 0.271875 0.0328125 0.3375
3 0.6 0.2921875 0.0265625 0.290625