3 0.2078125 0.2625 0.028125 0.2984375
3 0.30625 0.334375 0.021875 0.315625
3 0.3375 0.33125 0.015625 0.2796875
3 0.384375 0.309375 0.015625 0.3015625
3 0.515625 0.321875 0.0234375 0.284375
3 0.553125 0.30625 0.0203125 0.2265625
3 0.6046875 0.3 0.021875 0.3375
3 0.203125 0.80625 0.0203125 0.2953125
3 0.325 0.7625 0.0328125 0.2421875
3 0.3875 0.809375 0.028125 0.203125
3 0.5390625 0.825 0.0234375 0.25625
3 0.6 0.88671875 0.01875 0.2265625
3 0.675 0.828125 0.025 0.2765625
14 0.0984375 0.309375 0.0421875 0.2578125
1 0.121875 0.2484375 0.0125 0.184375
1 0.14375 0.2 0.0203125 0.159375
13 0.4140625 0.30625 0.0203125 0.2421875
13 0.9390625 0.26875 0.0140625 0.2765625
13 0.9609375 0.259375 0.03125 0.290625
13 0.971875 0.6921875 0.0171875 0.1953125
13 0.95 0.696875 0.0125 0.184375
13 0.9375 0.725 0.01875 0.2375
13 0.921875 0.7296875 0.0203125 0.2109375
13 0.909375 0.753125 0.015625 0.2078125
13 0.890625 0.765625 0.0234375 0.2265625
13 0.840625 0.7546875 0.0171875 0.2328125
13 0.825 0.734375 0.0140625 0.2296875
13 0.80625 0.73125 0.0171875 0.271875
13 0.7875 0.84375 0.0234375 0.2296875
13 0.765625 0.828125 0.01875 0.240625
13 0.74375 0.825 0.028125 0.2609375
13 0.7171875 0.809375 0.0203125 0.2640625
13 0.7015625 0.790625 0.0234375 0.3140625
13 0.640625 0.85625 0.0234375 0.221875
13 0.6234375 0.8625 0.025 0.2359375
13 0.575 0.853125 0.01875 0.2109375
13 0.5546875 0.853125 0.0203125 0.2265625
13 0.50625 0.84375 0.021875 0.246875
13 0.4859375 0.8140625 0.025 0.2671875
13 0.46875 0.83125 0.021875 0.2265625
13 0.453125 0.81875 0.025 0.25
11 0.440625 0.3390625 0.025 0.2078125
11 0.4796875 0.3 0.025 0.2515625
11 0.659375 0.30625 0.0234375 0.1984375
11 0.63125 0.303125 0.0203125 0.2859375
11 0.703125 0.240625 0.0265625 0.328125
11 0.903125 0.2765625 0.0203125 0.3328125
13 0.9203125 0.278125 0.0125 0.3359375
11 0.871875 0.778125 0.0234375 0.2390625
11 0.425 0.809375 0.01875 0.215625
11 0.3 0.7296875 0.015625 0.2609375