14 0.040625 0.425 0.028125 0.2328125
1 0.059375 0.390625 0.021875 0.1296875
1 0.06875 0.371875 0.0171875 0.125
1 0.08125 0.403125 0.0140625 0.134375
13 0.19375 0.384375 0.0140625 0.1296875
13 0.2078125 0.353125 0.0125 0.1140625
13 0.290625 0.453125 0.015625 0.1796875
13 0.303125 0.471875 0.0125 0.1828125
2 0.3515625 0.5015625 0.0203125 0.140625
13 0.425 0.440625 0.0140625 0.125
13 0.440625 0.4125 0.0109375 0.1171875
13 0.4625 0.3625 0.015625 0.1125
13 0.7078125 0.4 0.015625 0.18125
13 0.725 0.3578125 0.0125 0.1703125
13 0.74375 0.3203125 0.0125 0.1375
13 0.8296875 0.375 0.0109375 0.1515625
13 0.85 0.4265625 0.0171875 0.21875
13 0.84375 0.4 0.0125 0.190625
13 0.8625 0.434375 0.015625 0.1609375
13 0.1203125 0.803125 0.015625 0.1625
13 0.1359375 0.78125 0.0140625 0.1453125
13 0.16875 0.703125 0.0171875 0.1265625
13 0.24375 0.7375 0.015625 0.1453125
8 0.05625 0.8578125 0.0171875 0.1484375