2 0.05 0.2421875 0.0359375 0.3546875
13 0.071875 0.309375 0.01875 0.3078125
13 0.090625 0.2953125 0.0203125 0.2703125
13 0.125 0.265625 0.0203125 0.296875
13 0.140625 0.3 0.0234375 0.3234375
13 0.225 0.353125 0.0265625 0.2171875
13 0.25 0.325 0.021875 0.2546875
13 0.26875 0.271875 0.03125 0.30625
13 0.2875 0.221875 0.028125 0.3765625
13 0.403125 0.25625 0.0296875 0.3375
13 0.421875 0.2796875 0.01875 0.3859375
13 0.446875 0.2375 0.0171875 0.3015625
13 0.471875 0.228125 0.0265625 0.3390625
13 0.678125 0.30625 0.028125 0.334375
13 0.85 0.234375 0.0265625 0.35
13 0.9484375 0.2109375 0.025 0.365625
13 0.959375 0.2453125 0.0296875 0.35
13 0.978125 0.234375 0.01875 0.35
13 0.99375 0.85 0.0125 0.2484375
13 0.984375 0.8828125 0.025 0.2171875
13 0.971875 0.890625 0.0296875 0.1703125
13 0.90859375 0.86484375 0.0171875 0.2703125
13 0.8875 0.840625 0.0234375 0.3125
13 0.865625 0.86875 0.0296875 0.2546875
13 0.8453125 0.8890625 0.025 0.221875
13 0.7703125 0.7953125 0.0171875 0.265625
13 0.746875 0.7609375 0.0234375 0.290625
13 0.71875 0.8140625 0.0078125 0.321875
13 0.734375 0.978125 0.0203125 0.00625
13 0.6734375 0.8703125 0.0265625 0.259375
13 0.653125 0.821875 0.0359375 0.30625
13 0.634375 0.825 0.025 0.290625
13 0.578125 0.7875 0.015625 0.259375
13 0.559375 0.7796875 0.0234375 0.296875
13 0.540625 0.796875 0.021875 0.290625
13 0.521875 0.834375 0.0203125 0.3015625
13 0.4875 0.75 0.0171875 0.2703125
13 0.465625 0.7796875 0.0265625 0.3078125
13 0.45 0.740625 0.0234375 0.3125
13 0.184375 0.8515625 0.01875 0.296875
13 0.1265625 0.871875 0.0203125 0.228125
13 0.10625 0.865625 0.0125 0.2265625
13 0.084375 0.84375 0.028125 0.265625
13 0.06875 0.8375 0.028125 0.30625
11 0.54375 0.2765625 0.028125 0.3390625
3 0.2953125 0.746875 0.0234375 0.3375
3 0.384375 0.809375 0.021875 0.259375
3 0.209375 0.85625 0.0171875 0.2859375
11 0.5125 0.2265625 0.0359375 0.3765625
3 0.640625 0.246875 0.0296875 0.3234375