2 0.9546875 0.71875 0.034375 0.3390625
13 0.934375 0.6546875 0.0171875 0.29375
13 0.915625 0.66875 0.01875 0.259375
13 0.884375 0.6953125 0.01875 0.284375
13 0.86875 0.6625 0.021875 0.309375
13 0.7875 0.6125 0.025 0.2078125
13 0.765625 0.640625 0.0203125 0.2421875
13 0.746875 0.690625 0.03125 0.29375
13 0.728125 0.7375 0.0265625 0.359375
13 0.61875 0.70625 0.028125 0.325
13 0.6 0.6828125 0.0171875 0.36875
13 0.5765625 0.7234375 0.0171875 0.2890625
13 0.553125 0.73125 0.025 0.325
13 0.35625 0.6578125 0.0265625 0.3203125
13 0.1921875 0.725 0.025 0.334375
13 0.0984375 0.7484375 0.0234375 0.35
13 0.0890625 0.715625 0.028125 0.334375
13 0.06875 0.725 0.0171875 0.334375
13 0.040625 0.6953125 0.01875 0.29375
13 0.021875 0.684375 0.021875 0.2734375
13 0.003125 0.68359375 0.00625 0.2484375
13 0.0015625 0.603125 0.003125 0.0140625
13 0.028125 0.128125 0.03125 0.25625
13 0.046875 0.1359375 0.028125 0.2390625
13 0.0640625 0.10625 0.0234375 0.2078125
13 0.0765625 0.096875 0.028125 0.1625
13 0.1375 0.125 0.015625 0.25
13 0.1578125 0.15 0.021875 0.2984375
13 0.178125 0.121875 0.0296875 0.2421875
13 0.196875 0.103125 0.0234375 0.20625
13 0.26875 0.1890625 0.015625 0.253125
13 0.290625 0.221875 0.021875 0.2796875
13 0.31875 0.171875 0.0078125 0.309375
13 0.303125 0.0140625 0.0203125 0.0046875
13 0.3609375 0.121875 0.025 0.2421875
13 0.378125 0.1625 0.034375 0.29375
13 0.4 0.1609375 0.0234375 0.2796875
13 0.4515625 0.196875 0.015625 0.2484375
13 0.4703125 0.203125 0.021875 0.284375
13 0.4875 0.1875 0.021875 0.2796875
13 0.5046875 0.15 0.0203125 0.2890625
13 0.5375 0.23125 0.015625 0.259375
13 0.5578125 0.203125 0.025 0.29375
13 0.5734375 0.2421875 0.021875 0.3
13 0.82734375 0.1375 0.0171875 0.275
13 0.88125 0.115625 0.01875 0.21875
13 0.9015625 0.1203125 0.0109375 0.21875
13 0.921875 0.14375 0.028125 0.253125
13 0.9375 0.1484375 0.028125 0.29375
11 0.484375 0.684375 0.028125 0.325
3 0.721875 0.234375 0.021875 0.325
3 0.6359375 0.1765625 0.0203125 0.2484375
3 0.803125 0.1328125 0.0171875 0.265625
11 0.5125 0.734375 0.034375 0.359375
3 0.3921875 0.7125 0.028125 0.309375