14 0.259375 0.30625 0.059375 0.1078125
14 0.175 0.575 0.0625 0.0984375
14 0.175 0.846875 0.0703125 0.0984375
3 0.378125 0.321875 0.05625 0.0609375
3 0.428125 0.3203125 0.0484375 0.0609375
3 0.671875 0.3 0.05 0.059375
3 0.740625 0.29375 0.0453125 0.0609375
3 0.6125 0.5703125 0.046875 0.0640625
3 0.6828125 0.5625 0.0609375 0.0640625
3 0.6078125 0.84375 0.0515625 0.0703125
3 0.6796875 0.84375 0.05 0.0734375
11 0.48125 0.3140625 0.04375 0.065625
11 0.5640625 0.309375 0.0515625 0.065625
11 0.81875 0.296875 0.04375 0.0609375
11 0.934375 0.3125 0.0453125 0.0734375
11 0.25 0.5828125 0.05 0.0671875
11 0.365625 0.565625 0.04375 0.065625
11 0.4703125 0.58125 0.0484375 0.0703125
11 0.76875 0.565625 0.0453125 0.0671875
11 0.8875 0.590625 0.0515625 0.065625
11 0.2515625 0.846875 0.0453125 0.065625
11 0.3625 0.85 0.046875 0.0671875
11 0.471875 0.85 0.0453125 0.06875
11 0.7625 0.83125 0.04375 0.0671875
11 0.8875 0.8375 0.040625 0.0671875