3 0.2984375 0.28125 0.0453125 0.071875
3 0.375 0.2875 0.0421875 0.075
3 0.3015625 0.5375 0.0546875 0.0890625
3 0.371875 0.5484375 0.040625 0.0828125
3 0.2984375 0.815625 0.0546875 0.090625
3 0.3703125 0.815625 0.04375 0.0921875
3 0.55625 0.815625 0.0484375 0.0859375
3 0.621875 0.8203125 0.0359375 0.0734375
11 0.021875 0.26875 0.040625 0.0765625
11 0.1484375 0.26875 0.046875 0.065625
11 0.446875 0.29375 0.0453125 0.0671875
11 0.575 0.290625 0.04375 0.071875
11 0.13125 0.5546875 0.04375 0.0671875
11 0.4546875 0.55625 0.04375 0.075
11 0.575 0.55 0.0421875 0.065625
11 0.021875 0.81875 0.0390625 0.075
11 0.146875 0.821875 0.04375 0.065625
11 0.440625 0.821875 0.04375 0.065625
8 0.7265625 0.2828125 0.046875 0.059375
8 0.728125 0.565625 0.0453125 0.0640625
8 0.73125 0.8078125 0.05 0.0703125
12 0.96875 0.275 0.0328125 0.0546875
12 0.965625 0.540625 0.0375 0.05
12 0.96875 0.8140625 0.040625 0.0546875