14 0.04375 0.0671875 0.028125 0.0625
2 0.084375 0.0625 0.021875 0.0296875
2 0.075 0.0515625 0.0125 0.028125
3 0.121875 0.05625 0.021875 0.04375
3 0.1609375 0.065625 0.028125 0.0578125
13 0.2125 0.065625 0.0203125 0.0359375
13 0.240625 0.065625 0.0203125 0.04375
3 0.2859375 0.065625 0.0265625 0.0421875
3 0.3328125 0.075 0.0296875 0.0625
3 0.384375 0.05625 0.03125 0.0453125
11 0.453125 0.06875 0.046875 0.0609375
13 0.55 0.065625 0.0234375 0.0390625
13 0.5796875 0.06875 0.0203125 0.0390625
3 0.628125 0.065625 0.0375 0.04375
13 0.6875 0.0734375 0.015625 0.0390625
13 0.7015625 0.075 0.0078125 0.0484375
2 0.715625 0.0875 0.009375 0.03125
13 0.728125 0.078125 0.0171875 0.0484375
13 0.7546875 0.078125 0.0109375 0.0484375
13 0.7953125 0.084375 0.0234375 0.0421875
13 0.846875 0.08125 0.015625 0.0421875
2 0.8625 0.08125 0.0125 0.053125
13 0.878125 0.08125 0.0234375 0.0578125
13 0.8984375 0.071875 0.028125 0.0359375
2 0.91875 0.078125 0.01875 0.0390625
13 0.934375 0.06875 0.0171875 0.0484375
0 0.0375 0.146875 0.025 0.046875
2 0.075 0.1375 0.0140625 0.025
2 0.0875 0.146875 0.0125 0.0171875
3 0.1125 0.16875 0.0234375 0.04375
3 0.159375 0.15625 0.0171875 0.04375
4 0.209375 0.146875 0.01875 0.0328125
3 0.28125 0.16875 0.025 0.028125
3 0.3328125 0.15625 0.01875 0.05
3 0.378125 0.15625 0.0171875 0.03125
11 0.459375 0.15625 0.0234375 0.0296875
4 0.55 0.146875 0.028125 0.028125
2 0.6125 0.1578125 0.015625 0.0296875
3 0.634375 0.1421875 0.025 0.0484375
2 0.6625 0.1390625 0.0203125 0.0171875
3 0.6859375 0.13125 0.0125 0.0328125
3 0.728125 0.128125 0.015625 0.0375
3 0.7921875 0.146875 0.025 0.05
3 0.84375 0.1328125 0.0265625 0.0296875
3 0.90625 0.13125 0.01875 0.034375
14 0.0375 0.246875 0.0421875 0.0625
2 0.0734375 0.2375 0.0140625 0.03125
2 0.0859375 0.246875 0.0125 0.0265625
3 0.1171875 0.253125 0.021875 0.05
13 0.171875 0.246875 0.0234375 0.05
13 0.203125 0.2546875 0.0109375 0.040625
13 0.23125 0.2546875 0.0109375 0.0421875
13 0.253125 0.253125 0.0234375 0.0421875
3 0.2296875 0.315625 0.0265625 0.0421875
2 0.28125 0.271875 0.015625 0.03125
3 0.303125 0.259375 0.0203125 0.0359375
3 0.3 0.328125 0.025 0.05
3 0.3453125 0.25625 0.025 0.04375
3 0.384375 0.3171875 0.0296875 0.0375
3 0.38125 0.246875 0.0265625 0.0375
3 0.4390625 0.253125 0.0234375 0.0390625
13 0.4875 0.25625 0.0078125 0.0453125
13 0.5125 0.25625 0.0125 0.046875
2 0.528125 0.26875 0.0125 0.03125
13 0.528125 0.2625 0.015625 0.05625
13 0.540625 0.253125 0.01875 0.0515625
3 0.540625 0.31875 0.034375 0.0390625
13 0.575 0.253125 0.0203125 0.04375
13 0.625 0.2609375 0.0234375 0.04375
13 0.646875 0.2625 0.015625 0.0515625
2 0.6625 0.2703125 0.0203125 0.03125
13 0.678125 0.265625 0.015625 0.0390625
13 0.703125 0.25625 0.015625 0.0421875
2 0.71875 0.26875 0.015625 0.028125
13 0.7359375 0.2640625 0.0171875 0.046875
13 0.75625 0.25625 0.021875 0.04375
13 0.803125 0.253125 0.0171875 0.0390625
13 0.821875 0.25625 0.0203125 0.04375
13 0.85 0.2515625 0.0078125 0.040625
2 0.865625 0.2640625 0.015625 0.025
13 0.878125 0.25 0.0171875 0.034375
13 0.9046875 0.25 0.0125 0.034375
2 0.91875 0.25625 0.0171875 0.028125
13 0.9375 0.253125 0.0203125 0.0453125
0 0.040625 0.3390625 0.025 0.0390625
2 0.071875 0.33125 0.01875 0.0203125
2 0.084375 0.3421875 0.0140625 0.03125
2 0.103125 0.346875 0.015625 0.01875
3 0.11875 0.334375 0.015625 0.0671875
3 0.1734375 0.31875 0.0171875 0.0375
3 0.340625 0.3234375 0.028125 0.0296875
2 0.425 0.35 0.01875 0.0296875
3 0.4421875 0.3359375 0.015625 0.053125
3 0.484375 0.3234375 0.021875 0.03125
3 0.61875 0.3359375 0.0359375 0.0546875
3 0.6765625 0.3234375 0.0265625 0.034375
3 0.734375 0.321875 0.0234375 0.0375
2 0.7828125 0.346875 0.015625 0.0390625
3 0.803125 0.3375 0.0203125 0.05
3 0.85 0.3234375 0.0296875 0.028125
3 0.9078125 0.3203125 0.0296875 0.0359375
14 0.04375 0.453125 0.021875 0.0546875
2 0.06875 0.421875 0.028125 0.0609375
2 0.0890625 0.45 0.0140625 0.0296875
3 0.1171875 0.440625 0.015625 0.0515625
3 0.1640625 0.4515625 0.021875 0.0625
13 0.209375 0.453125 0.0234375 0.0375
13 0.234375 0.453125 0.0265625 0.0359375
3 0.284375 0.453125 0.0140625 0.046875
3 0.3359375 0.4515625 0.01875 0.0546875
13 0.378125 0.4640625 0.0234375 0.028125
2 0.396875 0.4625 0.0140625 0.0375
13 0.4125 0.465625 0.0109375 0.040625
3 0.4578125 0.4625 0.021875 0.040625
3 0.503125 0.453125 0.025 0.059375
13 0.56875 0.465625 0.0578125 0.040625
3 0.625 0.465625 0.0375 0.04375
3 0.68125 0.459375 0.0359375 0.053125
3 0.728125 0.45 0.0328125 0.0640625
3 0.7921875 0.446875 0.03125 0.0421875
3 0.84375 0.45 0.0203125 0.0390625
13 0.8953125 0.459375 0.01875 0.0421875
13 0.921875 0.4625 0.025 0.0375
0 0.0375 0.521875 0.028125 0.0421875
2 0.0875 0.528125 0.0125 0.025
2 0.078125 0.5125 0.0125 0.025
3 0.121875 0.5125 0.01875 0.053125
3 0.159375 0.509375 0.0453125 0.0375
4 0.2109375 0.5234375 0.021875 0.03125
3 0.2875 0.534375 0.0125 0.0234375
3 0.3328125 0.525 0.01875 0.034375
4 0.38125 0.5234375 0.021875 0.0390625
3 0.4625 0.540625 0.0265625 0.025
3 0.5078125 0.528125 0.0140625 0.0328125
4 0.559375 0.5234375 0.025 0.0328125
1 0.6125 0.53125 0.0125 0.028125
3 0.6296875 0.540625 0.015625 0.034375
3 0.675 0.53125 0.03125 0.0359375
3 0.721875 0.528125 0.0125 0.0265625
3 0.8 0.53125 0.034375 0.028125
3 0.84375 0.528125 0.021875 0.034375
4 0.890625 0.5234375 0.0328125 0.028125
14 0.04375 0.640625 0.028125 0.0578125
2 0.084375 0.6421875 0.0140625 0.028125
2 0.078125 0.6234375 0.0171875 0.028125
3 0.1125 0.646875 0.021875 0.0359375
3 0.1703125 0.64375 0.0296875 0.053125
13 0.2140625 0.646875 0.0203125 0.0359375
2 0.234375 0.6484375 0.0140625 0.0234375
13 0.25625 0.6515625 0.009375 0.046875
3 0.3 0.653125 0.015625 0.0328125
3 0.35 0.6484375 0.021875 0.0453125
13 0.4 0.659375 0.025 0.03125
13 0.434375 0.6625 0.01875 0.0421875
13 0.475 0.659375 0.025 0.0375
3 0.528125 0.6515625 0.0296875 0.04375
3 0.58125 0.64375 0.0234375 0.0515625
11 0.65625 0.646875 0.028125 0.0328125
3 0.7390625 0.65 0.0296875 0.0359375
3 0.85625 0.659375 0.015625 0.071875
11 0.909375 0.6625 0.0375 0.0546875
0 0.0375 0.715625 0.028125 0.034375
2 0.075 0.70625 0.0171875 0.034375
2 0.0875 0.71875 0.0140625 0.0390625
3 0.115625 0.725 0.0234375 0.0390625
3 0.16875 0.7171875 0.021875 0.0328125
4 0.221875 0.7125 0.0203125 0.0390625
3 0.29375 0.7328125 0.03125 0.03125
3 0.3546875 0.721875 0.0171875 0.034375
4 0.403125 0.715625 0.025 0.028125
3 0.4765625 0.7375 0.0265625 0.028125
3 0.5203125 0.725 0.025 0.040625
3 0.5796875 0.725 0.009375 0.04375
3 0.65625 0.721875 0.0265625 0.03125
4 0.7265625 0.7171875 0.025 0.01875
14 0.75625 0.71875 0.0125 0.0515625
4 0.759375 0.728125 0.0046875 0.0046875
1 0.7828125 0.721875 0.0109375 0.05625
3 0.8078125 0.71875 0.0359375 0.065625
14 0.0453125 0.8328125 0.021875 0.059375
2 0.071875 0.81875 0.01875 0.03125
2 0.0875 0.828125 0.0125 0.0296875
3 0.165625 0.85625 0.0171875 0.04375
3 0.20625 0.85625 0.0140625 0.0421875
1 0.2859375 0.828125 0.0234375 0.0328125
3 0.309375 0.853125 0.0203125 0.0546875
3 0.353125 0.84375 0.0140625 0.065625
1 0.465625 0.83125 0.01875 0.03125
3 0.4890625 0.834375 0.0171875 0.04375
1 0.5375 0.8203125 0.0078125 0.034375
3 0.5515625 0.8328125 0.015625 0.05625
3 0.6375 0.8328125 0.0234375 0.05625
3 0.7046875 0.840625 0.015625 0.0546875
3 0.7875 0.8375 0.0125 0.0515625
3 0.84375 0.8375 0.0140625 0.053125
3 0.9265625 0.8359375 0.0265625 0.0546875
1 0.09375 0.921875 0.0171875 0.0203125
3 0.1203125 0.909375 0.0125 0.05
1 0.240625 0.921875 0.0140625 0.0203125
3 0.26875 0.903125 0.015625 0.0421875
1 0.81875 0.83125 0.0125 0.03125
1 0.690625 0.81875 0.0125 0.0203125
1 0.384375 0.9 0.0125 0.0265625
1 0.54375 0.896875 0.00625 0.0125
3 0.56875 0.9 0.009375 0.028125
3 0.55625 0.890625 0.0109375 0.0140625
3 0.584375 0.8875 0.009375 0.0390625
3 0.7140625 0.896875 0.0078125 0.0203125
2 0.728125 0.90625 0.015625 0.028125
3 0.746875 0.8890625 0.021875 0.0453125
2 0.85 0.903125 0.0109375 0.0171875
3 0.865625 0.896875 0.0140625 0.0234375
3 0.8875 0.8859375 0.0140625 0.05
14 0.04375 0.903125 0.040625 0.05625
2 0.078125 0.8875 0.0140625 0.01875
2 0.0875 0.89375 0.015625 0.0203125
11 0.4015625 0.90625 0.009375 0.0265625
12 0.4828125 0.896875 0.0265625 0.0140625