14 0.103125 0.04375 0.0296875 0.065625
2 0.1453125 0.0390625 0.021875 0.03125
2 0.134375 0.028125 0.0125 0.028125
3 0.1828125 0.03125 0.021875 0.0453125
3 0.2234375 0.0421875 0.028125 0.059375
13 0.275 0.04375 0.0203125 0.0359375
13 0.3046875 0.0421875 0.0203125 0.0453125
3 0.3515625 0.0421875 0.0265625 0.04375
3 0.4 0.053125 0.03125 0.0625
3 0.453125 0.0328125 0.03125 0.046875
11 0.521875 0.046875 0.046875 0.0625
13 0.621875 0.04375 0.025 0.0390625
13 0.653125 0.046875 0.0203125 0.040625
3 0.7 0.04375 0.0390625 0.0453125
13 0.7625 0.05 0.015625 0.0390625
13 0.7765625 0.053125 0.0078125 0.05
2 0.79375 0.065625 0.009375 0.03125
13 0.8046875 0.0546875 0.01875 0.0484375
13 0.83125 0.0546875 0.0109375 0.0484375
13 0.871875 0.0625 0.0234375 0.04375
13 0.9265625 0.0578125 0.0171875 0.0421875
2 0.9421875 0.0578125 0.0140625 0.053125
13 0.9578125 0.059375 0.0234375 0.059375
13 0.978125 0.05 0.028125 0.0375
2 0.99375 0.0546875 0.0109375 0.0390625
0 0.096875 0.125 0.0265625 0.0484375
2 0.134375 0.1171875 0.015625 0.0265625
2 0.146875 0.125 0.0125 0.01875
3 0.1734375 0.146875 0.025 0.04375
3 0.221875 0.1359375 0.0171875 0.0453125
4 0.271875 0.125 0.0203125 0.0328125
3 0.346875 0.146875 0.025 0.028125
3 0.4 0.134375 0.01875 0.0515625
3 0.4453125 0.134375 0.01875 0.0328125
11 0.528125 0.1375 0.0234375 0.03125
4 0.621875 0.125 0.028125 0.028125
2 0.6859375 0.1375 0.015625 0.0296875
3 0.709375 0.121875 0.025 0.0515625
2 0.7375 0.1171875 0.0203125 0.0171875
3 0.7609375 0.109375 0.0125 0.0328125
3 0.8046875 0.10625 0.0171875 0.0390625
3 0.8703125 0.125 0.0265625 0.05
3 0.9234375 0.1109375 0.0265625 0.0296875
3 0.9859375 0.109375 0.01875 0.034375
14 0.096875 0.228125 0.0421875 0.0640625
2 0.134375 0.2171875 0.0140625 0.0328125
2 0.146875 0.228125 0.0125 0.028125
3 0.178125 0.234375 0.021875 0.0515625
13 0.234375 0.228125 0.025 0.05
13 0.265625 0.2359375 0.0109375 0.0421875
13 0.29375 0.2375 0.0125 0.04375
13 0.31875 0.234375 0.025 0.04375
3 0.29375 0.2984375 0.0265625 0.0421875
2 0.3453125 0.2546875 0.015625 0.0328125
3 0.36875 0.240625 0.0203125 0.0359375
3 0.365625 0.3109375 0.025 0.0515625
3 0.4125 0.2375 0.0265625 0.04375
3 0.453125 0.3 0.0296875 0.0390625
3 0.45 0.228125 0.0265625 0.0375
3 0.509375 0.234375 0.0234375 0.040625
13 0.559375 0.2375 0.0078125 0.0453125
13 0.5828125 0.2375 0.0125 0.05
2 0.6 0.2515625 0.0125 0.0328125
13 0.5984375 0.24375 0.015625 0.059375
13 0.6125 0.234375 0.0203125 0.053125
3 0.6125 0.3 0.0359375 0.0390625
13 0.646875 0.2359375 0.0203125 0.04375
13 0.6984375 0.24375 0.0234375 0.0453125
13 0.721875 0.24375 0.015625 0.053125
2 0.7375 0.2515625 0.021875 0.03125
13 0.753125 0.2484375 0.015625 0.0390625
13 0.7796875 0.2375 0.015625 0.0421875
2 0.79375 0.2515625 0.015625 0.028125
13 0.8125 0.246875 0.0171875 0.0484375
13 0.8328125 0.2375 0.021875 0.0453125
13 0.88125 0.234375 0.0171875 0.040625
13 0.9 0.2375 0.0203125 0.04375
13 0.9265625 0.25 0.0015625 0.0015625
13 0.928125 0.2328125 0.009375 0.040625
2 0.94375 0.2453125 0.0171875 0.0265625
13 0.9578125 0.23125 0.0171875 0.034375
13 0.984375 0.23125 0.0125 0.0359375
2 0.9953125 0.2375 0.009375 0.028125
0 0.1 0.321875 0.025 0.0390625
2 0.13125 0.315625 0.01875 0.0203125
2 0.14375 0.325 0.015625 0.03125
2 0.1625 0.33125 0.015625 0.0203125
3 0.178125 0.31875 0.015625 0.06875
3 0.2375 0.303125 0.0171875 0.0375
3 0.4078125 0.30625 0.028125 0.03125
2 0.49375 0.334375 0.01875 0.03125
3 0.5125 0.31875 0.015625 0.0546875
3 0.553125 0.30625 0.0234375 0.03125
3 0.69375 0.31875 0.0359375 0.0546875
3 0.7515625 0.30625 0.0265625 0.034375
3 0.8125 0.3046875 0.025 0.0390625
2 0.8609375 0.33125 0.015625 0.0390625
3 0.88125 0.31875 0.0203125 0.0515625
3 0.928125 0.30625 0.0296875 0.0296875
3 0.98671875 0.30234375 0.0265625 0.0359375
14 0.103125 0.440625 0.0234375 0.05625
2 0.128125 0.409375 0.0296875 0.0625
2 0.15 0.434375 0.0140625 0.03125
3 0.178125 0.428125 0.0171875 0.053125
3 0.2265625 0.4375 0.021875 0.0640625
13 0.2734375 0.440625 0.0234375 0.0390625
13 0.3 0.440625 0.025 0.0375
3 0.35 0.440625 0.0140625 0.046875
3 0.403125 0.4375 0.01875 0.0546875
13 0.44375 0.45 0.0234375 0.028125
2 0.465625 0.446875 0.0140625 0.0390625
13 0.48125 0.453125 0.0109375 0.0421875
3 0.528125 0.45 0.021875 0.0421875
3 0.5734375 0.440625 0.0265625 0.059375
13 0.640625 0.4515625 0.059375 0.0421875
3 0.6125 0.453125 0.0015625 0.0484375
3 0.7 0.453125 0.0375 0.0453125
3 0.75625 0.446875 0.0375 0.0546875
3 0.803125 0.4375 0.0328125 0.065625
3 0.8703125 0.4328125 0.03125 0.0421875
3 0.921875 0.4375 0.0203125 0.0390625
13 0.975 0.446875 0.01875 0.04375
13 0.99375 0.446875 0.0125 0.0390625
0 0.096875 0.509375 0.028125 0.04375
2 0.146875 0.5171875 0.0140625 0.025
2 0.1375 0.5 0.0125 0.0265625
3 0.184375 0.5 0.01875 0.0546875
3 0.221875 0.496875 0.0453125 0.0390625
4 0.275 0.5109375 0.0234375 0.03125
3 0.353125 0.5234375 0.0125 0.0234375
3 0.4 0.5125 0.01875 0.034375
4 0.45 0.5125 0.021875 0.040625
3 0.53125 0.5296875 0.0265625 0.0265625
3 0.578125 0.515625 0.0140625 0.034375
4 0.63125 0.5125 0.0265625 0.0328125
1 0.6859375 0.51875 0.0125 0.028125
3 0.703125 0.5296875 0.0171875 0.034375
3 0.75 0.51875 0.03125 0.0359375
3 0.796875 0.515625 0.0140625 0.0265625
3 0.878125 0.51875 0.0359375 0.0296875
3 0.921875 0.515625 0.021875 0.034375
4 0.9703125 0.5109375 0.034375 0.0296875
14 0.103125 0.63125 0.028125 0.059375
2 0.1453125 0.6328125 0.0140625 0.028125
2 0.1375 0.6140625 0.0171875 0.028125
3 0.175 0.6375 0.021875 0.0359375
3 0.23125 0.6359375 0.03125 0.053125
13 0.278125 0.6375 0.0203125 0.0359375
2 0.3 0.6390625 0.015625 0.025
13 0.3203125 0.6421875 0.0109375 0.0484375
3 0.365625 0.64375 0.015625 0.034375
3 0.415625 0.6390625 0.0234375 0.046875
13 0.46875 0.65 0.0265625 0.0328125
13 0.503125 0.6546875 0.01875 0.0421875
13 0.546875 0.65 0.0265625 0.0390625
3 0.5984375 0.6421875 0.03125 0.04375
3 0.6546875 0.634375 0.0234375 0.0515625
11 0.73125 0.6375 0.028125 0.034375
3 0.815625 0.640625 0.03125 0.0375
3 0.9375 0.6515625 0.015625 0.0734375
11 0.984375 0.653125 0.0296875 0.0546875
0 0.096875 0.709375 0.028125 0.034375
2 0.1359375 0.7 0.0171875 0.0359375
2 0.15 0.7109375 0.0140625 0.040625
3 0.1765625 0.71875 0.025 0.0390625
3 0.23125 0.709375 0.021875 0.034375
4 0.284375 0.70625 0.021875 0.0390625
3 0.359375 0.725 0.034375 0.03125
3 0.421875 0.715625 0.0171875 0.034375
4 0.471875 0.709375 0.0265625 0.028125
3 0.546875 0.7296875 0.0265625 0.0296875
3 0.590625 0.7171875 0.0265625 0.0421875
3 0.653125 0.71875 0.009375 0.04375
3 0.73125 0.715625 0.0265625 0.0328125
4 0.803125 0.709375 0.025 0.01875
14 0.83125 0.7109375 0.0140625 0.053125
4 0.8375 0.721875 0.0046875 0.0046875
1 0.8609375 0.7140625 0.0109375 0.0578125
3 0.8859375 0.7109375 0.0359375 0.0671875
14 0.1046875 0.828125 0.021875 0.0609375
2 0.1328125 0.8125 0.01875 0.0328125
2 0.146875 0.8234375 0.0140625 0.0296875
3 0.228125 0.8515625 0.0171875 0.04375
3 0.26875 0.853125 0.015625 0.04375
1 0.3515625 0.8234375 0.025 0.0328125
3 0.3765625 0.8484375 0.0203125 0.05625
3 0.41875 0.8375 0.0140625 0.0671875
1 0.534375 0.8265625 0.01875 0.0328125
3 0.559375 0.83125 0.015625 0.0453125
1 0.609375 0.815625 0.0078125 0.034375
3 0.6234375 0.828125 0.015625 0.0578125
3 0.7125 0.828125 0.0234375 0.05625
3 0.78125 0.8359375 0.015625 0.05625
3 0.865625 0.834375 0.0125 0.0515625
3 0.9234375 0.834375 0.0140625 0.053125
3 0.996875 0.83125 0.00625 0.05625
1 0.15625 0.91875 0.0171875 0.0203125
3 0.18125 0.9078125 0.0125 0.0515625
1 0.30625 0.91875 0.0140625 0.021875
3 0.334375 0.9 0.015625 0.04375
1 0.8984375 0.828125 0.0125 0.03125
1 0.765625 0.815625 0.0125 0.021875
1 0.4515625 0.896875 0.0125 0.0265625
1 0.615625 0.89375 0.00625 0.0125
3 0.640625 0.896875 0.009375 0.028125
3 0.6296875 0.8875 0.0109375 0.0140625
3 0.65625 0.884375 0.009375 0.0390625
3 0.790625 0.89375 0.0078125 0.0203125
2 0.803125 0.903125 0.015625 0.028125
3 0.8234375 0.8859375 0.021875 0.046875
2 0.9296875 0.9 0.0125 0.0171875
3 0.946875 0.89375 0.0140625 0.0234375
3 0.9671875 0.8828125 0.015625 0.0515625
14 0.103125 0.9 0.0421875 0.0578125
2 0.1375 0.8828125 0.0140625 0.0203125
2 0.146875 0.890625 0.015625 0.0203125
11 0.4703125 0.903125 0.0109375 0.028125
12 0.553125 0.89375 0.0265625 0.015625
3 0.99921875 0.30234375 0.0015625 0.0359375