13 0.265625 0.43125 0.028125 0.0515625
3 0.3 0.4359375 0.028125 0.0546875
3 0.2984375 0.2171875 0.028125 0.0546875
13 0.265625 0.2125 0.028125 0.05625
3 0.58125 0.659375 0.0359375 0.0546875
8 0.721875 0.753125 0.0296875 0.046875
11 0.475 0.6625 0.0296875 0.0484375
13 0.66875 0.425 0.028125 0.05625
3 0.3578125 0.4390625 0.0359375 0.059375
3 0.7015625 0.2125 0.028125 0.0625
8 0.765625 0.340625 0.03125 0.0515625
13 0.5578125 0.4328125 0.03125 0.053125
3 0.7 0.428125 0.028125 0.0609375
13 0.590625 0.428125 0.0265625 0.053125
8 0.765625 0.559375 0.03125 0.0515625
13 0.23125 0.428125 0.03125 0.053125
11 0.4796875 0.875 0.0296875 0.05
13 0.41875 0.2296875 0.028125 0.0609375
3 0.3578125 0.221875 0.03125 0.05625
13 0.59375 0.209375 0.028125 0.053125
13 0.559375 0.2125 0.0296875 0.0515625
3 0.14375 0.646875 0.0328125 0.0515625
11 0.3625 0.8671875 0.03125 0.0484375
11 0.3609375 0.6546875 0.0328125 0.05
8 0.5015625 0.559375 0.0296875 0.05
8 0.0484375 0.340625 0.0296875 0.0515625
11 0.71875 0.6671875 0.028125 0.046875
13 0.6328125 0.421875 0.03125 0.0546875
13 0.4125 0.4453125 0.0296875 0.0625
8 0.0453125 0.7703125 0.0296875 0.05
13 0.665625 0.6625 0.0359375 0.0515625
13 0.196875 0.41875 0.03125 0.0515625
13 0.45 0.221875 0.0265625 0.053125
8 0.70625 0.9671875 0.0296875 0.046875
11 0.821875 0.675 0.0296875 0.046875
13 0.671875 0.20625 0.028125 0.059375
3 0.50625 0.21875 0.0328125 0.0546875
13 0.45 0.440625 0.025 0.0546875
8 0.478125 0.975 0.03125 0.0484375
12 0.8453125 0.45625 0.0234375 0.040625
8 0.48125 0.778125 0.0328125 0.0484375
8 0.26875 0.775 0.0328125 0.046875
13 0.21875 0.8671875 0.0328125 0.0515625
8 0.2296875 0.559375 0.0296875 0.05
3 0.140625 0.8609375 0.0359375 0.0515625
13 0.21875 0.65625 0.0359375 0.053125
11 0.26875 0.659375 0.03125 0.0515625
13 0.23125 0.209375 0.0328125 0.0546875
11 0.765625 0.225 0.028125 0.04375
8 0.2296875 0.340625 0.03125 0.0515625
13 0.190625 0.228125 0.0375 0.053125
8 0.0484375 0.5578125 0.028125 0.0515625
3 0.5015625 0.4375 0.0328125 0.053125
12 0.840625 0.2375 0.0234375 0.0390625
11 0.26875 0.871875 0.0296875 0.05
11 0.046875 0.221875 0.028125 0.04375
11 0.0453125 0.65625 0.03125 0.05
13 0.6375 0.2046875 0.03125 0.05625
11 0.046875 0.440625 0.0296875 0.0453125
3 0.125 0.228125 0.034375 0.053125
11 0.703125 0.8796875 0.028125 0.0484375
11 0.8109375 0.8765625 0.03125 0.0515625
1 0.0109375 0.025 0.021875 0.0375
11 0.5875 0.86875 0.028125 0.0484375
8 0.5 0.3421875 0.0265625 0.0484375
11 0.765625 0.4375 0.0296875 0.04375
9 0.7015625 0.115625 0.028125 0.0234375
1 0.0125 0.8765625 0.021875 0.0484375
11 0.0453125 0.8640625 0.0296875 0.046875
3 0.128125 0.41875 0.0421875 0.0515625
9 0.2453125 0.115625 0.0265625 0.021875
1 0.0109375 0.6625 0.021875 0.0359375
1 0.0109375 0.753125 0.021875 0.034375
1 0.0109375 0.234375 0.021875 0.0359375
1 0.0125 0.453125 0.021875 0.0359375
1 0.0109375 0.546875 0.021875 0.0359375
1 0.0109375 0.971875 0.021875 0.0359375
12 0.84375 0.03125 0.0296875 0.0453125
1 0.0109375 0.115625 0.021875 0.0359375
1 0.0109375 0.3265625 0.021875 0.034375