14 0.103125 0.034375 0.0328125 0.06875
14 0.1046875 0.240625 0.0375 0.078125
8 0.8359375 0.7515625 0.0296875 0.0484375
3 0.259375 0.8578125 0.034375 0.0515625
14 0.103125 0.88125 0.0359375 0.0765625
3 0.4140625 0.434375 0.028125 0.0515625
13 0.671875 0.43125 0.028125 0.05
14 0.103125 0.66875 0.0359375 0.078125
3 0.4140625 0.215625 0.028125 0.053125
3 0.475 0.2203125 0.034375 0.05625
14 0.103125 0.4578125 0.0359375 0.078125
8 0.5984375 0.9703125 0.028125 0.0484375
8 0.1625 0.76875 0.028125 0.05
3 0.615625 0.2171875 0.0328125 0.0546875
8 0.1625 0.340625 0.0296875 0.05
13 0.53125 0.2265625 0.028125 0.059375
13 0.675 0.2125 0.028125 0.05
3 0.259375 0.6453125 0.0375 0.053125
13 0.378125 0.2125 0.0296875 0.05625
3 0.81875 0.428125 0.0296875 0.059375
12 0.959375 0.45625 0.025 0.0375
11 0.59375 0.6625 0.0296875 0.0484375
13 0.70625 0.209375 0.028125 0.053125
1 0.125 0.6640625 0.021875 0.0359375
11 0.1625 0.653125 0.03125 0.05
3 0.471875 0.4375 0.0359375 0.0578125
11 0.4765625 0.653125 0.0328125 0.05
13 0.38125 0.43125 0.0296875 0.0546875
14 0.103125 0.1234375 0.0328125 0.0765625
13 0.565625 0.4390625 0.0265625 0.0546875
1 0.125 0.871875 0.01875 0.034375
11 0.1625 0.865625 0.0296875 0.05
13 0.565625 0.2203125 0.0265625 0.053125
11 0.9375 0.671875 0.03125 0.046875
11 0.81875 0.878125 0.0296875 0.05
13 0.528125 0.44375 0.0296875 0.0625
8 0.384375 0.771875 0.0328125 0.05
14 0.103125 0.96875 0.0328125 0.0609375
8 0.159375 0.559375 0.0296875 0.0515625
3 0.821875 0.2078125 0.03125 0.0640625
8 0.88125 0.559375 0.0296875 0.0515625
13 0.70625 0.4265625 0.0265625 0.053125
13 0.7875 0.425 0.0265625 0.0578125
11 0.478125 0.8625 0.0328125 0.0484375
13 0.784375 0.20625 0.028125 0.05625
12 0.959375 0.0265625 0.025 0.0390625
11 0.384375 0.6578125 0.028125 0.05
11 0.5953125 0.875 0.028125 0.0484375
8 0.6125 0.559375 0.028125 0.05
11 0.834375 0.665625 0.0296875 0.05
13 0.346875 0.4265625 0.0328125 0.0546875
3 0.696875 0.659375 0.0375 0.0546875
13 0.309375 0.4203125 0.03125 0.05
14 0.103125 0.334375 0.034375 0.078125
12 0.95625 0.2359375 0.025 0.0375
13 0.75 0.2015625 0.034375 0.059375
11 0.88125 0.225 0.0296875 0.0453125
11 0.70625 0.86875 0.028125 0.0484375
13 0.3484375 0.2078125 0.03125 0.05625
8 0.596875 0.7765625 0.0328125 0.046875
13 0.78125 0.6625 0.0359375 0.0515625
11 0.384375 0.86875 0.028125 0.0484375
8 0.81875 0.9703125 0.0296875 0.0484375
8 0.88125 0.3375 0.03125 0.0515625
8 0.346875 0.3375 0.03125 0.0515625
11 0.928125 0.871875 0.028125 0.0484375
14 0.103125 0.553125 0.0359375 0.0796875
3 0.240625 0.225 0.0375 0.0546875
3 0.615625 0.434375 0.03125 0.053125
8 0.346875 0.559375 0.0296875 0.0484375
8 0.6125 0.340625 0.0296875 0.05
13 0.75 0.421875 0.028125 0.0546875
13 0.334375 0.8671875 0.0375 0.053125
3 0.24375 0.4125 0.0453125 0.0515625
14 0.103125 0.7625 0.034375 0.0765625
13 0.3046875 0.225 0.034375 0.05
13 0.334375 0.653125 0.0359375 0.0515625
11 0.8796875 0.4375 0.028125 0.0421875
1 0.1265625 0.453125 0.0234375 0.0375
11 0.1640625 0.4375 0.0296875 0.04375
1 0.128125 0.2375 0.0203125 0.0375
11 0.1640625 0.2203125 0.0296875 0.04375
9 0.815625 0.1140625 0.028125 0.0203125
9 0.3609375 0.1140625 0.0265625 0.0203125
1 0.125 0.96875 0.021875 0.034375
1 0.125 0.75 0.0203125 0.0375
1 0.128125 0.5421875 0.021875 0.0359375
1 0.128125 0.325 0.01875 0.034375
1 0.1265625 0.115625 0.0171875 0.0328125
1 0.1296875 0.0234375 0.025 0.0328125