14 0.075 0.353125 0.0328125 0.0765625
14 0.075 0.1421875 0.0359375 0.078125
14 0.0734375 0.5703125 0.034375 0.078125
3 0.228125 0.75625 0.034375 0.046875
13 0.353125 0.540625 0.028125 0.0515625
8 0.8125 0.8625 0.028125 0.046875
14 0.075 0.78125 0.0375 0.078125
13 0.3234375 0.5375 0.03125 0.0515625
8 0.134375 0.66875 0.028125 0.05
3 0.390625 0.546875 0.028125 0.0515625
3 0.3890625 0.1171875 0.0296875 0.053125
13 0.65 0.54375 0.03125 0.053125
13 0.7578125 0.534375 0.0265625 0.05625
3 0.79375 0.321875 0.03125 0.059375
3 0.6734375 0.76875 0.0375 0.053125
13 0.68125 0.31875 0.0265625 0.0515625
13 0.540625 0.33125 0.025 0.053125
13 0.353125 0.321875 0.028125 0.0515625
11 0.4515625 0.7640625 0.0328125 0.05
3 0.590625 0.546875 0.0328125 0.0515625
13 0.321875 0.31875 0.03125 0.0546875
3 0.590625 0.1171875 0.034375 0.053125
13 0.759375 0.315625 0.028125 0.059375
8 0.853125 0.66875 0.0296875 0.0484375
3 0.390625 0.328125 0.028125 0.053125
13 0.759375 0.10625 0.028125 0.0578125
3 0.590625 0.328125 0.03125 0.053125
8 0.321875 0.45 0.0296875 0.05
13 0.6484375 0.321875 0.028125 0.0515625
13 0.50625 0.55625 0.028125 0.059375
11 0.4515625 0.975 0.034375 0.046875
13 0.50625 0.128125 0.0296875 0.0609375
3 0.7921875 0.5375 0.028125 0.059375
11 0.565625 0.771875 0.028125 0.046875
3 0.45 0.55 0.034375 0.0546875
13 0.68125 0.109375 0.028125 0.053125
8 0.134375 0.88125 0.028125 0.0515625
13 0.321875 0.109375 0.0296875 0.0515625
11 0.13125 0.765625 0.0296875 0.0484375
13 0.353125 0.1125 0.028125 0.0546875
13 0.50625 0.3375 0.028125 0.0625
8 0.35625 0.884375 0.034375 0.0515625
11 0.134375 0.33125 0.028125 0.0421875
8 0.134375 0.45 0.0296875 0.05
13 0.6796875 0.5375 0.0265625 0.053125
11 0.909375 0.784375 0.0296875 0.0453125
3 0.79375 0.1109375 0.03125 0.0625
8 0.5875 0.66875 0.028125 0.046875
11 0.353125 0.76875 0.028125 0.0484375
3 0.215625 0.334375 0.0359375 0.0515625
3 0.4484375 0.33125 0.0328125 0.0546875
3 0.21875 0.528125 0.0453125 0.0546875
12 0.93125 0.140625 0.0234375 0.0390625
13 0.65 0.1125 0.03125 0.05625
8 0.3203125 0.66875 0.0296875 0.0484375
8 0.5875 0.45 0.0265625 0.0484375
8 0.85625 0.45 0.03125 0.0515625
11 0.809375 0.7765625 0.0296875 0.05
3 0.540625 0.121875 0.0265625 0.053125
13 0.75625 0.771875 0.0359375 0.05
3 0.23125 0.965625 0.0375 0.0515625
8 0.56875 0.8875 0.0328125 0.0484375
13 0.2796875 0.5296875 0.0296875 0.05
13 0.540625 0.55 0.025 0.053125
12 0.93125 0.565625 0.025 0.0390625
12 0.93125 0.346875 0.0234375 0.0359375
13 0.2828125 0.1 0.03125 0.0515625
3 0.45 0.121875 0.034375 0.0546875
13 0.7203125 0.53125 0.0296875 0.0546875
11 0.85625 0.1203125 0.0296875 0.0453125
13 0.721875 0.3140625 0.03125 0.05625
13 0.309375 0.765625 0.0359375 0.053125
14 0.075 0.234375 0.034375 0.075
14 0.075 0.8734375 0.034375 0.0765625
1 0.146875 0.01875 0.01875 0.0375
11 0.85625 0.3359375 0.028125 0.0421875
1 0.1 0.559375 0.0171875 0.0390625
11 0.134375 0.5484375 0.03125 0.046875
13 0.725 0.1015625 0.034375 0.059375
3 0.21875 0.1 0.04375 0.0546875
13 0.309375 0.975 0.034375 0.05
1 0.1 0.134375 0.0203125 0.034375
11 0.134375 0.1203125 0.0296875 0.04375
14 0.075 0.6625 0.034375 0.075
14 0.075 0.44375 0.0359375 0.0765625
11 0.85625 0.5484375 0.0296875 0.046875
13 0.275 0.3359375 0.0390625 0.0484375
1 0.0984375 0.9796875 0.01875 0.040625
11 0.13125 0.9765625 0.03125 0.0453125
9 0.7875 0.225 0.0265625 0.0203125
9 0.80625 0.0140625 0.03125 0.021875
1 0.1015625 0.228125 0.0203125 0.0328125
9 0.3375 0.225 0.028125 0.01875
1 0.103125 0.771875 0.0203125 0.0328125
9 0.390625 0.0125 0.03125 0.021875
1 0.1015625 0.34375 0.0203125 0.0328125
1 0.1015625 0.865625 0.0203125 0.03125
1 0.103125 0.653125 0.0234375 0.0390625
1 0.1015625 0.434375 0.021875 0.0359375