11 0.8234375 0.296875 0.015625 0.0515625
11 0.80625 0.315625 0.009375 0.034375
11 0.796875 0.3125 0.0078125 0.0515625
4 0.7828125 0.325 0.015625 0.0515625
11 0.765625 0.31875 0.0125 0.0359375
3 0.7484375 0.328125 0.009375 0.0390625
11 0.7375 0.3296875 0.0140625 0.0453125
3 0.528125 0.33125 0.0078125 0.075
8 0.5140625 0.3375 0.0078125 0.0546875
11 0.4875 0.34375 0.015625 0.04375
11 0.478125 0.3375 0.0109375 0.046875
11 0.46875 0.334375 0.0140625 0.059375
11 0.453125 0.334375 0.021875 0.0515625
11 0.4375 0.334375 0.00625 0.0734375
11 0.41875 0.315625 0.0125 0.0640625
11 0.40625 0.315625 0.0078125 0.0671875
11 0.39375 0.303125 0.009375 0.0703125
8 0.3703125 0.321875 0.0140625 0.0703125
3 0.3515625 0.3046875 0.0125 0.0640625
3 0.340625 0.309375 0.0078125 0.06875
11 0.321875 0.321875 0.009375 0.0671875
11 0.309375 0.30625 0.0109375 0.0609375
11 0.296875 0.315625 0.015625 0.0859375
11 0.28125 0.3125 0.015625 0.075
11 0.2640625 0.3078125 0.0203125 0.0640625
3 0.2359375 0.2953125 0.0078125 0.0578125
11 0.221875 0.315625 0.009375 0.040625
11 0.2125 0.3125 0.00625 0.0609375
11 0.1984375 0.321875 0.015625 0.05625
3 0.128125 0.3265625 0.00625 0.0671875
11 0.1140625 0.3375 0.009375 0.0390625
11 0.0953125 0.340625 0.009375 0.0609375
11 0.08125 0.3328125 0.0109375 0.08125
11 0.065625 0.325 0.0078125 0.0671875
11 0.053125 0.321875 0.0171875 0.0765625
11 0.815625 0.478125 0.0140625 0.0546875
3 0.8 0.484375 0.0078125 0.05
11 0.790625 0.49375 0.0125 0.059375
4 0.78125 0.5 0.0078125 0.04375
11 0.765625 0.48125 0.0140625 0.0609375
3 0.746875 0.4625 0.0109375 0.0609375
11 0.7328125 0.478125 0.0109375 0.0609375
8 0.6078125 0.496875 0.0171875 0.059375
11 0.584375 0.4796875 0.0109375 0.0484375
11 0.5546875 0.4875 0.009375 0.075
11 0.540625 0.4984375 0.0109375 0.0828125
8 0.521875 0.490625 0.0171875 0.0640625
11 0.49375 0.4875 0.0140625 0.04375
11 0.4765625 0.4875 0.0125 0.08125
11 0.4625 0.484375 0.0109375 0.0640625
3 0.44375 0.4875 0.0109375 0.0671875
11 0.425 0.49375 0.009375 0.0625
11 0.4140625 0.484375 0.0046875 0.103125
11 0.384375 0.4828125 0.009375 0.0640625
11 0.35 0.503125 0.0078125 0.05625
11 0.31875 0.4859375 0.0125 0.05
11 0.303125 0.484375 0.0078125 0.065625
11 0.2890625 0.484375 0.0125 0.0765625
11 0.278125 0.5046875 0.0109375 0.0703125
3 0.240625 0.4859375 0.00625 0.0625
3 0.23125 0.5 0.0109375 0.053125
3 0.221875 0.496875 0.00625 0.05625
11 0.20625 0.484375 0.0109375 0.053125
11 0.196875 0.475 0.0046875 0.065625
11 0.1828125 0.48125 0.009375 0.06875
11 0.159375 0.475 0.0078125 0.05625
3 0.146875 0.4734375 0.00625 0.0625
3 0.1375 0.4703125 0.00625 0.0671875
11 0.115625 0.4859375 0.0078125 0.0578125
11 0.103125 0.50625 0.0109375 0.06875
11 0.090625 0.4828125 0.0125 0.0703125
11 0.0625 0.4875 0.0078125 0.06875
11 0.0453125 0.509375 0.0109375 0.0484375
11 0.8109375 0.709375 0.0125 0.0421875
3 0.79375 0.7171875 0.0078125 0.059375
11 0.7828125 0.715625 0.0046875 0.059375
4 0.771875 0.7125 0.0125 0.0421875
11 0.753125 0.678125 0.009375 0.0578125
3 0.7421875 0.7 0.0078125 0.05
11 0.7296875 0.7125 0.0078125 0.0625
3 0.69375 0.7453125 0.009375 0.0625
3 0.6796875 0.7359375 0.015625 0.0578125
11 0.6671875 0.7265625 0.00625 0.0703125
8 0.60625 0.70625 0.0109375 0.078125
11 0.5828125 0.6921875 0.0171875 0.0671875
3 0.5390625 0.71875 0.0046875 0.05
3 0.53125 0.734375 0.00625 0.0578125
8 0.5171875 0.7125 0.0203125 0.078125
11 0.49375 0.70625 0.015625 0.0515625
3 0.46875 0.6953125 0.0046875 0.059375
11 0.45625 0.70625 0.0109375 0.053125
11 0.425 0.703125 0.0109375 0.0578125
11 0.415625 0.709375 0.0109375 0.05625
8 0.3609375 0.703125 0.0109375 0.0703125
3 0.346875 0.709375 0.0078125 0.05
3 0.334375 0.7 0.0078125 0.0515625
11 0.3203125 0.7 0.009375 0.05625
11 0.309375 0.696875 0.0125 0.05625
11 0.296875 0.7 0.0078125 0.05
3 0.246875 0.709375 0.015625 0.05625
3 0.253125 0.721875 0.0078125 0.034375
3 0.2375 0.721875 0.0078125 0.0546875
3 0.221875 0.734375 0.009375 0.0578125
11 0.2125 0.71875 0.009375 0.0515625
11 0.178125 0.703125 0.009375 0.059375
3 0.11875 0.696875 0.00625 0.0578125
3 0.103125 0.734375 0.0078125 0.0421875
11 0.1078125 0.709375 0.003125 0.0484375
3 0.09375 0.7328125 0.00625 0.0515625
11 0.08125 0.7390625 0.0109375 0.0546875
11 0.0625 0.703125 0.0140625 0.0421875
11 0.8125 0.86875 0.0078125 0.0578125
11 0.784375 0.871875 0.009375 0.0625
4 0.76875 0.875 0.009375 0.059375
11 0.75 0.86875 0.0078125 0.0515625
3 0.73125 0.8734375 0.0125 0.078125
11 0.7171875 0.8546875 0.0109375 0.0609375
3 0.678125 0.875 0.0078125 0.0640625
3 0.6671875 0.8828125 0.009375 0.0640625
11 0.6546875 0.88125 0.009375 0.0453125
8 0.6015625 0.8921875 0.0140625 0.0578125
11 0.584375 0.903125 0.009375 0.05
3 0.55625 0.884375 0.0125 0.08125
3 0.5421875 0.875 0.0078125 0.075
11 0.53125 0.890625 0.0109375 0.0515625
8 0.5109375 0.86875 0.0125 0.0625
11 0.4875 0.8640625 0.0125 0.053125
11 0.471875 0.865625 0.0125 0.0546875
11 0.459375 0.8625 0.0125 0.0546875
3 0.44375 0.8828125 0.0125 0.0359375
11 0.421875 0.8625 0.0140625 0.0453125
11 0.409375 0.853125 0.00625 0.0640625
3 0.3984375 0.875 0.00625 0.0609375
3 0.3890625 0.8734375 0.009375 0.0484375
11 0.375 0.878125 0.0109375 0.0625
3 0.3421875 0.8703125 0.0078125 0.0484375
3 0.3296875 0.8796875 0.0078125 0.059375
11 0.3140625 0.884375 0.0078125 0.0484375
11 0.3015625 0.878125 0.00625 0.0515625
11 0.2875 0.884375 0.0125 0.0484375
11 0.275 0.865625 0.0109375 0.05625
11 0.259375 0.8921875 0.009375 0.0484375
11 0.24375 0.89375 0.0109375 0.0765625
11 0.228125 0.8921875 0.0109375 0.071875
11 0.2125 0.865625 0.015625 0.065625
11 0.184375 0.8625 0.0140625 0.078125
3 0.16875 0.865625 0.0125 0.05625
11 0.153125 0.86875 0.009375 0.0859375
3 0.1421875 0.8625 0.009375 0.0484375
3 0.128125 0.8609375 0.0046875 0.06875
11 0.1078125 0.853125 0.009375 0.065625
3 0.084375 0.8484375 0.009375 0.0609375
11 0.0765625 0.865625 0.0046875 0.0609375
3 0.0953125 0.840625 0.0125 0.040625
11 0.0546875 0.85 0.0125 0.05625
3 0.634375 0.3375 0.009375 0.0640625
3 0.6234375 0.34375 0.009375 0.06875
8 0.603125 0.353125 0.015625 0.0671875
3 0.18125 0.3359375 0.009375 0.04375
3 0.6375 0.7375 0.009375 0.05625
3 0.4796875 0.684375 0.0078125 0.05
3 0.38125 0.7171875 0.0109375 0.04375
3 0.375 0.709375 0.0078125 0.046875
3 0.2015625 0.684375 0.0125 0.04375
3 0.190625 0.6859375 0.00625 0.0515625
3 0.165625 0.7109375 0.0078125 0.0484375
3 0.6421875 0.878125 0.0078125 0.05625
3 0.628125 0.8671875 0.0125 0.0578125
4 0.721875 0.325 0.0109375 0.059375
4 0.7046875 0.321875 0.0140625 0.046875
4 0.7203125 0.503125 0.0109375 0.0515625
4 0.7 0.4921875 0.015625 0.0484375
4 0.71875 0.7015625 0.0078125 0.0515625
4 0.7015625 0.70625 0.009375 0.053125
4 0.70625 0.85625 0.009375 0.0640625
4 0.690625 0.8625 0.0078125 0.046875
3 0.6875 0.325 0.0125 0.06875
3 0.675 0.3265625 0.0078125 0.0640625
3 0.659375 0.321875 0.00625 0.0609375
3 0.6515625 0.328125 0.0078125 0.0609375
3 0.584375 0.334375 0.009375 0.0703125
3 0.5625 0.340625 0.0078125 0.05
3 0.553125 0.315625 0.0125 0.0625
3 0.5375 0.328125 0.0046875 0.071875
3 0.246875 0.290625 0.00625 0.053125
3 0.16875 0.325 0.009375 0.0390625
3 0.153125 0.3046875 0.009375 0.05625
3 0.140625 0.31875 0.0125 0.0390625
3 0.640625 0.496875 0.00625 0.075
3 0.39375 0.4796875 0.00625 0.0609375
3 0.6875 0.471875 0.009375 0.0578125
3 0.675 0.48125 0.009375 0.0671875
11 0.6625 0.484375 0.0078125 0.075
3 0.65 0.49375 0.0125 0.0734375
3 0.403125 0.471875 0.0109375 0.0484375
3 0.253125 0.4875 0.0109375 0.05625
3 0.65 0.734375 0.009375 0.0515625
3 0.5609375 0.7125 0.0078125 0.0546875
3 0.5484375 0.709375 0.009375 0.05625
3 0.4390625 0.69375 0.009375 0.040625
3 0.403125 0.7359375 0.0078125 0.0328125
3 0.3953125 0.721875 0.0109375 0.046875
3 0.2859375 0.709375 0.0078125 0.053125
3 0.275 0.7046875 0.0046875 0.0671875
3 0.1515625 0.69375 0.009375 0.0328125
3 0.140625 0.6875 0.00625 0.0359375
3 0.128125 0.684375 0.00625 0.059375
3 0.05625 0.746875 0.00625 0.0484375
3 0.04375 0.740625 0.009375 0.059375
3 0.040625 0.840625 0.0078125 0.065625
3 0.0296875 0.853125 0.0046875 0.090625
8 0.034375 0.3328125 0.015625 0.06875
8 0.03125 0.4890625 0.0140625 0.0671875
8 0.0296875 0.71875 0.0203125 0.06875
8 0.0171875 0.8703125 0.0078125 0.075