11 0.803125 0.753125 0.015625 0.053125
11 0.7875 0.734375 0.009375 0.0359375
11 0.775 0.7375 0.009375 0.053125
4 0.7625 0.7234375 0.015625 0.0515625
11 0.74375 0.73125 0.0140625 0.0359375
3 0.7265625 0.721875 0.0109375 0.0421875
11 0.715625 0.71875 0.0140625 0.0453125
3 0.4984375 0.7171875 0.009375 0.0765625
8 0.484375 0.7125 0.0078125 0.0546875
11 0.4578125 0.7046875 0.0171875 0.04375
11 0.45 0.7109375 0.0109375 0.046875
11 0.4375 0.7140625 0.0140625 0.059375
11 0.421875 0.7125 0.021875 0.053125
11 0.40625 0.7140625 0.00625 0.075
11 0.3875 0.734375 0.0125 0.0671875
11 0.375 0.73125 0.009375 0.06875
11 0.3625 0.746875 0.009375 0.071875
8 0.3375 0.728125 0.0140625 0.0734375
3 0.31875 0.74375 0.0125 0.065625
3 0.30625 0.740625 0.0078125 0.0703125
11 0.2875 0.728125 0.009375 0.0671875
11 0.275 0.74375 0.0109375 0.0625
11 0.2625 0.734375 0.015625 0.0890625
11 0.246875 0.7359375 0.015625 0.0765625
11 0.228125 0.740625 0.0203125 0.0671875
3 0.1984375 0.7546875 0.0078125 0.059375
11 0.184375 0.734375 0.009375 0.0421875
11 0.175 0.7359375 0.0078125 0.0625
11 0.159375 0.728125 0.0171875 0.0578125
3 0.0875 0.721875 0.00625 0.06875
11 0.0734375 0.7125 0.009375 0.040625
11 0.053125 0.709375 0.009375 0.0625
11 0.0390625 0.715625 0.0109375 0.0828125
11 0.0234375 0.721875 0.0078125 0.06875
11 0.009375 0.725 0.0171875 0.078125
11 0.796875 0.565625 0.0140625 0.05625
3 0.78125 0.559375 0.0078125 0.0515625
11 0.771875 0.55 0.0125 0.0609375
4 0.759375 0.54375 0.009375 0.0453125
11 0.74375 0.565625 0.0140625 0.0625
3 0.725 0.5828125 0.0109375 0.0625
11 0.7109375 0.565625 0.0109375 0.0625
8 0.58125 0.546875 0.015625 0.059375
11 0.55625 0.565625 0.0109375 0.05
11 0.5265625 0.55625 0.009375 0.075
11 0.5125 0.546875 0.0109375 0.084375
8 0.49375 0.553125 0.0171875 0.065625
11 0.4640625 0.5578125 0.0140625 0.0453125
11 0.446875 0.5578125 0.0125 0.0828125
11 0.43125 0.5609375 0.0125 0.065625
3 0.4125 0.5578125 0.0109375 0.06875
11 0.39375 0.5515625 0.0078125 0.0640625
11 0.38125 0.559375 0.00625 0.10625
11 0.353125 0.5625 0.0109375 0.065625
11 0.315625 0.5421875 0.009375 0.0578125
11 0.284375 0.559375 0.0125 0.0515625
11 0.26875 0.559375 0.0078125 0.0671875
11 0.253125 0.5625 0.0125 0.078125
11 0.2421875 0.5390625 0.0109375 0.0734375
3 0.2046875 0.559375 0.00625 0.0640625
3 0.19375 0.54375 0.009375 0.0546875
3 0.1828125 0.546875 0.00625 0.0578125
11 0.16875 0.5609375 0.0109375 0.0546875
11 0.1578125 0.5703125 0.00625 0.06875
11 0.14375 0.5625 0.009375 0.0703125
11 0.121875 0.5703125 0.009375 0.0578125
3 0.10625 0.571875 0.00625 0.0625
3 0.096875 0.575 0.00625 0.06875
11 0.075 0.559375 0.009375 0.059375
11 0.0625 0.5390625 0.0109375 0.0703125
11 0.0484375 0.5625 0.0125 0.071875
11 0.01875 0.55625 0.009375 0.071875
11 0.0046875 0.5359375 0.009375 0.0484375
11 0.790625 0.3296875 0.0125 0.04375
3 0.775 0.321875 0.0078125 0.0609375
11 0.7625 0.321875 0.00625 0.0609375
4 0.75 0.3265625 0.0125 0.0421875
11 0.73125 0.3609375 0.009375 0.059375
3 0.7203125 0.340625 0.0078125 0.0515625
11 0.70625 0.3265625 0.009375 0.0625
3 0.66875 0.2921875 0.0078125 0.0625
3 0.65625 0.3015625 0.015625 0.059375
11 0.6421875 0.3125 0.00625 0.0703125
8 0.58125 0.3328125 0.0109375 0.078125
11 0.55625 0.346875 0.01875 0.0703125
3 0.5109375 0.3203125 0.0046875 0.0515625
3 0.5015625 0.3046875 0.0078125 0.059375
8 0.4875 0.3265625 0.0203125 0.078125
11 0.4625 0.33125 0.015625 0.053125
3 0.4390625 0.34375 0.0046875 0.0609375
11 0.4265625 0.33125 0.0109375 0.0546875
11 0.3921875 0.3359375 0.0109375 0.059375
11 0.3828125 0.3296875 0.0109375 0.0578125
8 0.328125 0.3375 0.0109375 0.071875
3 0.3125 0.33125 0.0078125 0.0515625
3 0.3 0.3390625 0.0078125 0.053125
11 0.2859375 0.340625 0.0078125 0.0578125
11 0.275 0.340625 0.0125 0.0578125
11 0.2625 0.340625 0.0078125 0.0515625
3 0.2109375 0.33125 0.015625 0.05625
3 0.2171875 0.315625 0.0078125 0.0359375
3 0.2 0.315625 0.0078125 0.05625
3 0.184375 0.3046875 0.009375 0.059375
11 0.175 0.31875 0.0109375 0.053125
11 0.1375 0.3359375 0.009375 0.0609375
3 0.078125 0.3421875 0.00625 0.059375
3 0.0625 0.303125 0.0078125 0.04375
11 0.065625 0.3296875 0.003125 0.05
3 0.0515625 0.3046875 0.0078125 0.053125
11 0.040625 0.2984375 0.0125 0.05625
11 0.021875 0.3359375 0.0140625 0.04375
11 0.79375 0.165625 0.0078125 0.059375
11 0.7640625 0.1625 0.009375 0.0640625
4 0.746875 0.159375 0.009375 0.0625
11 0.728125 0.1640625 0.0078125 0.053125
3 0.709375 0.1609375 0.0125 0.0796875
11 0.69375 0.18125 0.0109375 0.0625
3 0.653125 0.1578125 0.0078125 0.065625
3 0.64375 0.1515625 0.009375 0.065625
11 0.6296875 0.1515625 0.009375 0.0453125
8 0.575 0.140625 0.0140625 0.059375
11 0.559375 0.13125 0.009375 0.0515625
3 0.528125 0.15 0.0125 0.0828125
3 0.5140625 0.1578125 0.009375 0.0765625
11 0.503125 0.1421875 0.0109375 0.053125
8 0.48125 0.165625 0.0125 0.0640625
11 0.45625 0.1703125 0.0125 0.0546875
11 0.440625 0.16875 0.0140625 0.05625
11 0.428125 0.171875 0.0125 0.05625
3 0.4125 0.1515625 0.0125 0.0375
11 0.390625 0.171875 0.0140625 0.046875
11 0.3765625 0.1828125 0.00625 0.065625
3 0.365625 0.159375 0.0078125 0.0625
3 0.35625 0.1609375 0.009375 0.05
11 0.34375 0.15625 0.0109375 0.0640625
3 0.309375 0.1640625 0.0078125 0.05
3 0.2953125 0.1546875 0.0078125 0.0609375
11 0.278125 0.1484375 0.0078125 0.05
11 0.265625 0.1546875 0.0078125 0.053125
11 0.25 0.1484375 0.0125 0.05
11 0.2390625 0.16875 0.0109375 0.0578125
11 0.221875 0.140625 0.009375 0.05
11 0.20625 0.140625 0.0109375 0.078125
11 0.190625 0.1421875 0.009375 0.0734375
11 0.175 0.16875 0.015625 0.0671875
11 0.146875 0.171875 0.015625 0.0796875
3 0.128125 0.16875 0.0125 0.0578125
11 0.1140625 0.165625 0.009375 0.0875
3 0.103125 0.171875 0.009375 0.05
3 0.0875 0.1734375 0.0046875 0.0703125
11 0.0671875 0.18125 0.009375 0.0671875
3 0.0421875 0.1859375 0.0078125 0.0625
11 0.034375 0.16875 0.0046875 0.0625
3 0.053125 0.19375 0.0125 0.0421875
11 0.0125 0.184375 0.0140625 0.05625
3 0.609375 0.7125 0.0078125 0.065625
3 0.596875 0.70625 0.009375 0.0703125
8 0.5765625 0.69375 0.015625 0.06875
3 0.14375 0.7125 0.009375 0.04375
3 0.6125 0.3015625 0.009375 0.0578125
3 0.45 0.35625 0.009375 0.0515625
3 0.3484375 0.321875 0.0109375 0.0453125
3 0.3421875 0.328125 0.0078125 0.0484375
3 0.1625 0.3546875 0.0125 0.04375
3 0.1515625 0.353125 0.00625 0.053125
3 0.125 0.328125 0.0078125 0.05
3 0.6171875 0.15625 0.0078125 0.0578125
3 0.603125 0.1671875 0.0125 0.059375
4 0.7 0.725 0.0109375 0.059375
4 0.68125 0.725 0.015625 0.046875
4 0.696875 0.5421875 0.0109375 0.053125
4 0.675 0.553125 0.015625 0.05
4 0.6953125 0.3375 0.009375 0.053125
4 0.678125 0.33125 0.009375 0.0546875
4 0.684375 0.178125 0.009375 0.065625
4 0.665625 0.171875 0.0078125 0.0484375
3 0.665625 0.7234375 0.0125 0.0703125
3 0.65 0.721875 0.0078125 0.0671875
3 0.634375 0.725 0.0078125 0.0625
3 0.628125 0.7203125 0.009375 0.0625
3 0.5578125 0.7140625 0.0078125 0.0734375
3 0.534375 0.709375 0.0078125 0.0515625
3 0.525 0.734375 0.0140625 0.0640625
3 0.509375 0.721875 0.0046875 0.075
3 0.209375 0.759375 0.0078125 0.0546875
3 0.1296875 0.721875 0.009375 0.040625
3 0.1125 0.74375 0.009375 0.0578125
3 0.1 0.73125 0.0125 0.0421875
3 0.615625 0.546875 0.00625 0.0765625
3 0.359375 0.565625 0.00625 0.0625
3 0.6640625 0.5734375 0.009375 0.059375
3 0.6515625 0.5625 0.0078125 0.0671875
11 0.6375 0.559375 0.0078125 0.0765625
3 0.625 0.5515625 0.0125 0.075
3 0.371875 0.571875 0.0109375 0.05
3 0.21875 0.55625 0.0109375 0.0578125
3 0.625 0.3046875 0.009375 0.053125
3 0.534375 0.325 0.0078125 0.05625
3 0.5203125 0.328125 0.009375 0.0578125
3 0.409375 0.346875 0.009375 0.040625
3 0.371875 0.303125 0.0078125 0.0328125
3 0.3625 0.315625 0.0109375 0.0484375
3 0.25 0.3296875 0.0078125 0.0546875
3 0.2375 0.334375 0.0046875 0.06875
3 0.1125 0.346875 0.0109375 0.0328125
3 0.1 0.353125 0.00625 0.0375
3 0.0875 0.35625 0.0046875 0.0609375
3 0.0140625 0.290625 0.0046875 0.0484375
3 0.003125 0.2984375 0.00625 0.0625
3 0.0015625 0.1953125 0.003125 0.0671875