0 0.01875 0.665625 0.0375 0.0484375
0 0.059375 0.31875 0.0328125 0.0453125
14 0.065625 0.221875 0.0359375 0.078125
3 0.6984375 0.675 0.0234375 0.0546875
3 0.325 0.68125 0.021875 0.046875
3 0.459375 0.675 0.0234375 0.05
3 0.434375 0.68125 0.021875 0.046875
3 0.2578125 0.321875 0.0234375 0.0515625
11 0.7765625 0.2125 0.0265625 0.0453125
11 0.471875 0.23125 0.0265625 0.046875
3 0.81875 0.675 0.0234375 0.046875
3 0.1703125 0.6875 0.025 0.04375
3 0.1140625 0.678125 0.0234375 0.046875
14 0.01875 0.5734375 0.0359375 0.078125
3 0.646875 0.321875 0.0234375 0.0546875
3 0.140625 0.671875 0.025 0.053125
3 0.153125 0.2203125 0.021875 0.0453125
3 0.81875 0.325 0.021875 0.0453125
3 0.6125 0.68125 0.025 0.04375
3 0.725 0.671875 0.025 0.0546875
11 0.278125 0.2265625 0.0265625 0.0453125
3 0.2546875 0.6796875 0.025 0.0515625
3 0.603125 0.325 0.0234375 0.0609375
3 0.53125 0.675 0.025 0.05625
11 0.3875 0.225 0.0265625 0.0453125
3 0.3 0.3203125 0.0234375 0.05625
3 0.559375 0.68125 0.0234375 0.046875
12 0.909375 0.5671875 0.025 0.0390625
3 0.43125 0.340625 0.0203125 0.04375
11 0.21875 0.93125 0.0296875 0.046875
3 0.29375 0.678125 0.0234375 0.05625
3 0.3484375 0.6765625 0.0234375 0.05625
11 0.6671875 0.2296875 0.028125 0.0453125
3 0.34375 0.321875 0.0234375 0.0515625
3 0.584375 0.6734375 0.025 0.059375
11 0.0625 0.565625 0.028125 0.0484375
3 0.3234375 0.221875 0.0234375 0.0515625
3 0.378125 0.675 0.0234375 0.065625
11 0.190625 0.215625 0.0265625 0.0453125
3 0.196875 0.675 0.021875 0.0625
11 0.8625 0.215625 0.0265625 0.0484375
3 0.409375 0.684375 0.0234375 0.046875
3 0.7921875 0.675 0.0234375 0.0578125
11 0.234375 0.21875 0.0265625 0.0484375
14 0.0171875 0.9265625 0.034375 0.078125
3 0.859375 0.3359375 0.021875 0.04375
3 0.84375 0.671875 0.0234375 0.05625
3 0.3625 0.928125 0.028125 0.0484375
3 0.903125 0.325 0.0203125 0.046875
11 0.8203125 0.215625 0.025 0.046875
11 0.296875 0.5625 0.0265625 0.04375
3 0.54375 0.225 0.0203125 0.05
3 0.0875 0.675 0.021875 0.059375
12 0.909375 0.665625 0.025 0.0390625
3 0.2265625 0.68125 0.0234375 0.046875
11 0.58125 0.221875 0.0265625 0.05
10 0.74375 0.921875 0.034375 0.0578125
3 0.815625 0.9203125 0.028125 0.05
3 0.2140625 0.31875 0.025 0.05625
11 0.43125 0.23125 0.025 0.04375
3 0.2796875 0.334375 0.021875 0.04375
11 0.621875 0.221875 0.028125 0.0484375
11 0.7 0.571875 0.03125 0.0484375
3 0.1125 0.5765625 0.025 0.046875
11 0.584375 0.565625 0.028125 0.046875
3 0.225 0.571875 0.025 0.05
8 0.3890625 0.928125 0.0265625 0.0484375
11 0.671875 0.928125 0.028125 0.0484375
3 0.128125 0.2234375 0.021875 0.0484375
11 0.534375 0.565625 0.028125 0.046875
3 0.64375 0.6890625 0.0234375 0.04375
3 0.90625 0.2234375 0.0265625 0.0515625
3 0.7125 0.325 0.0203125 0.0546875
3 0.884375 0.325 0.021875 0.0578125
3 0.2546875 0.578125 0.025 0.0453125
3 0.325 0.325 0.0203125 0.046875
3 0.6875 0.325 0.021875 0.0625
3 0.6234375 0.33125 0.0203125 0.0421875
3 0.5171875 0.2265625 0.0265625 0.053125
3 0.7078125 0.228125 0.0234375 0.0546875
3 0.66875 0.675 0.0234375 0.0625
3 0.234375 0.325 0.0203125 0.0484375
3 0.584375 0.928125 0.028125 0.05
11 0.1625 0.925 0.0296875 0.0515625
3 0.490625 0.66875 0.0234375 0.0546875
3 0.34375 0.225 0.0234375 0.046875
3 0.9296875 0.21875 0.025 0.0515625
3 0.7328125 0.23125 0.0234375 0.0484375
3 0.384375 0.334375 0.021875 0.053125
3 0.7734375 0.334375 0.0234375 0.0421875
11 0.171875 0.56875 0.0265625 0.0484375
7 0.771875 0.578125 0.0359375 0.046875
3 0.73125 0.321875 0.0234375 0.0546875
3 0.459375 0.571875 0.025 0.05
11 0.4046875 0.565625 0.0265625 0.046875
12 0.1265625 0.3171875 0.0234375 0.0375
3 0.40625 0.328125 0.0234375 0.0671875
3 0.8375 0.3203125 0.0234375 0.0515625
3 0.190625 0.334375 0.0234375 0.04375
3 0.928125 0.3203125 0.025 0.0515625
3 0.3484375 0.575 0.028125 0.0484375
3 0.13125 0.9328125 0.0296875 0.053125
3 0.79375 0.3234375 0.0234375 0.0578125
3 0.540625 0.328125 0.025 0.06875
3 0.4953125 0.328125 0.0234375 0.0671875
3 0.4859375 0.575 0.0234375 0.046875
3 0.76875 0.6875 0.0234375 0.0453125
3 0.515625 0.340625 0.0203125 0.04375
3 0.6671875 0.3390625 0.021875 0.04375
11 0.64375 0.56875 0.03125 0.0484375
11 0.871875 0.6640625 0.025 0.0453125
8 0.840625 0.9234375 0.025 0.0484375
3 0.140625 0.575 0.0234375 0.046875
3 0.471875 0.328125 0.0234375 0.0640625
10 0.0609375 0.928125 0.0390625 0.0515625
10 0.51875 0.928125 0.0359375 0.05
3 0.05625 0.684375 0.025 0.05
3 0.578125 0.3375 0.0234375 0.04375
3 0.45 0.3265625 0.0203125 0.0671875
11 0.615625 0.91875 0.025 0.046875
3 0.378125 0.571875 0.025 0.05
10 0.290625 0.925 0.0359375 0.0515625