0 0.0625 0.79375 0.0390625 0.046875
14 0.0625 0.696875 0.0390625 0.075
3 0.1 0.45625 0.0265625 0.0515625
3 0.184375 0.44375 0.0234375 0.0515625
3 0.39375 0.45 0.0234375 0.059375
3 0.6578125 0.453125 0.0234375 0.04375
14 0.059375 0.3453125 0.0375 0.0765625
3 0.296875 0.4515625 0.0234375 0.0515625
11 0.10625 0.340625 0.028125 0.05
3 0.5046875 0.4453125 0.025 0.0515625
3 0.36875 0.1 0.0203125 0.0453125
0 0.109375 0.0875 0.034375 0.04375
0 0.0625 0.440625 0.0390625 0.046875
3 0.628125 0.446875 0.025 0.059375
3 0.7390625 0.446875 0.0234375 0.0546875
3 0.665625 0.103125 0.0203125 0.04375
3 0.325 0.1078125 0.021875 0.04375
3 0.534375 0.440625 0.0234375 0.0546875
3 0.4890625 0.8078125 0.0234375 0.05
3 0.159375 0.45 0.021875 0.0453125
3 0.2703125 0.4546875 0.0234375 0.0453125
3 0.715625 0.8015625 0.0234375 0.0625
3 0.1296875 0.446875 0.0265625 0.059375
3 0.240625 0.446875 0.025 0.0625
11 0.7859375 0.784375 0.025 0.0421875
3 0.2328125 0.8 0.0234375 0.0609375
3 0.7125 0.1125 0.0203125 0.04375
3 0.75625 0.096875 0.0203125 0.0546875
3 0.45 0.45625 0.0234375 0.0515625
3 0.3390625 0.4515625 0.0234375 0.05625
3 0.459375 0.8 0.025 0.0625
3 0.278125 0.1 0.0203125 0.0453125
3 0.29375 0.3484375 0.0234375 0.046875
3 0.478125 0.453125 0.021875 0.04375
3 0.36875 0.45625 0.0234375 0.046875
3 0.2984375 0.09375 0.0234375 0.0515625
3 0.834375 0.44375 0.0234375 0.05625
3 0.175 0.70625 0.028125 0.0515625
3 0.534375 0.346875 0.0234375 0.046875
11 0.575 0.3375 0.028125 0.0484375
3 0.859375 0.4484375 0.0234375 0.0453125
8 0.434375 0.7 0.0265625 0.046875
3 0.515625 0.103125 0.021875 0.0671875
11 0.340625 0.334375 0.0265625 0.0453125
3 0.6890625 0.809375 0.025 0.0546875
11 0.5609375 0.790625 0.025 0.046875
3 0.8375 0.09375 0.0234375 0.059375
11 0.2625 0.703125 0.0296875 0.046875
3 0.684375 0.459375 0.021875 0.04375
3 0.3875 0.090625 0.0234375 0.0515625
3 0.471875 0.1125 0.021875 0.0453125
3 0.7125 0.446875 0.025 0.059375
3 0.5609375 0.1125 0.021875 0.0453125
3 0.2625 0.80625 0.025 0.0515625
3 0.859375 0.096875 0.0234375 0.0484375
3 0.215625 0.45625 0.025 0.0453125
3 0.421875 0.446875 0.025 0.0671875
3 0.26875 0.34375 0.025 0.05
3 0.940625 0.8078125 0.025 0.0546875
3 0.775 0.09375 0.025 0.0546875
11 0.74375 0.3453125 0.0296875 0.046875
3 0.6875 0.09375 0.021875 0.0546875
3 0.571875 0.446875 0.025 0.05625
3 0.20625 0.8046875 0.0265625 0.0515625
3 0.1578125 0.346875 0.025 0.0484375
11 0.91875 0.434375 0.025 0.04375
10 0.1078125 0.703125 0.0375 0.0484375
12 0.95625 0.340625 0.025 0.040625
3 0.43125 0.796875 0.025 0.0578125
11 0.8296875 0.7921875 0.0265625 0.0453125
3 0.646875 0.096875 0.025 0.065625
3 0.928125 0.09375 0.021875 0.05625
11 0.603125 0.79375 0.0265625 0.046875
11 0.10625 0.784375 0.0265625 0.0453125
3 0.4515625 0.1 0.025 0.0671875
3 0.740625 0.80625 0.025 0.046875
3 0.50625 0.34375 0.0265625 0.0515625
3 0.621875 0.1109375 0.0234375 0.0453125
3 0.903125 0.10625 0.021875 0.04375
3 0.58125 0.1 0.0234375 0.06875
3 0.603125 0.453125 0.0234375 0.04375
11 0.628125 0.3375 0.028125 0.046875
11 0.378125 0.803125 0.028125 0.04375
11 0.15 0.7921875 0.0265625 0.046875
11 0.20625 0.6953125 0.028125 0.0484375
3 0.4296875 0.10625 0.021875 0.0515625
11 0.684375 0.340625 0.0296875 0.046875
3 0.81875 0.1078125 0.021875 0.04375
3 0.540625 0.1 0.021875 0.065625
3 0.259375 0.09375 0.025 0.0609375
3 0.8828125 0.09375 0.021875 0.0515625
3 0.8875 0.44375 0.0234375 0.05
3 0.659375 0.8125 0.0234375 0.0484375
3 0.884375 0.796875 0.025 0.0578125
3 0.9484375 0.096875 0.021875 0.0484375
3 0.8125 0.459375 0.0234375 0.0453125
3 0.39375 0.34375 0.025 0.046875
3 0.51875 0.809375 0.0265625 0.0578125
12 0.9578125 0.440625 0.0234375 0.0390625
7 0.815625 0.353125 0.03125 0.046875
3 0.915625 0.8 0.0234375 0.0609375
11 0.2140625 0.3421875 0.0265625 0.046875
3 0.184375 0.346875 0.0234375 0.0484375
12 0.16875 0.0890625 0.025 0.0375
3 0.34375 0.096875 0.021875 0.059375
11 0.715625 0.7 0.0296875 0.046875
11 0.3328125 0.7921875 0.0265625 0.046875
3 0.234375 0.1078125 0.0234375 0.0453125
3 0.859375 0.69375 0.025 0.0546875
8 0.884375 0.696875 0.0265625 0.046875
10 0.340625 0.69375 0.034375 0.059375
3 0.403125 0.7 0.028125 0.046875
3 0.7375 0.0984375 0.0203125 0.0609375
10 0.5640625 0.6984375 0.0359375 0.0546875
3 0.6296875 0.7 0.028125 0.0484375
3 0.290625 0.8109375 0.0234375 0.046875
3 0.76875 0.44375 0.0234375 0.0515625
3 0.971875 0.815625 0.025 0.05
11 0.45 0.3375 0.028125 0.0484375
11 0.6609375 0.6890625 0.025 0.046875
3 0.421875 0.3421875 0.0234375 0.0484375
10 0.790625 0.69375 0.03125 0.0609375
3 0.9734375 0.0875 0.028125 0.059375