0 0.040625 0.825 0.0375 0.04375
14 0.040625 0.38125 0.0375 0.0765625
14 0.040625 0.73125 0.0375 0.075
0 0.040625 0.11875 0.0375 0.0453125
3 0.7203125 0.13125 0.0234375 0.053125
0 0.040625 0.4734375 0.0375 0.04375
11 0.609375 0.021875 0.028125 0.0421875
3 0.4859375 0.128125 0.021875 0.05
3 0.609375 0.125 0.0234375 0.05625
3 0.746875 0.125 0.025 0.0546875
11 0.7203125 0.025 0.028125 0.0484375
3 0.2390625 0.4859375 0.025 0.053125
3 0.921875 0.4875 0.0234375 0.05625
11 0.0828125 0.021875 0.028125 0.0421875
11 0.32109375 0.01875 0.0265625 0.0375
3 0.434375 0.834375 0.025 0.05625
3 0.696875 0.48125 0.025 0.0609375
3 0.253125 0.828125 0.025 0.053125
11 0.43125 0.021875 0.0265625 0.0421875
3 0.221875 0.834375 0.0234375 0.046875
3 0.45625 0.1359375 0.0234375 0.0421875
3 0.465625 0.4890625 0.025 0.05
11 0.6640625 0.025 0.028125 0.0484375
3 0.5125 0.025 0.0234375 0.0484375
11 0.76875 0.46875 0.025 0.04375
3 0.2125 0.48125 0.025 0.059375
3 0.49375 0.8390625 0.025 0.0484375
3 0.840625 0.13125 0.021875 0.046875
3 0.134375 0.0296875 0.025 0.05
12 0.925 0.825 0.025 0.0359375
3 0.3453125 0.1375 0.0234375 0.0453125
11 0.19375 0.0234375 0.0265625 0.046875
3 0.6546875 0.834375 0.03125 0.075
11 0.73125 0.828125 0.0265625 0.0484375
12 0.925 0.725 0.025 0.0390625
3 0.440625 0.48125 0.0234375 0.0609375
11 0.55546875 0.021875 0.0265625 0.04375
3 0.5796875 0.1375 0.0234375 0.0421875
3 0.184375 0.4859375 0.025 0.0515625
3 0.0828125 0.1421875 0.028125 0.0484375
3 0.165625 0.1234375 0.025 0.053125
3 0.4625 0.8359375 0.0234375 0.053125
3 0.865625 0.478125 0.0265625 0.059375
8 0.5703125 0.728125 0.0265625 0.046875
3 0.140625 0.13125 0.021875 0.0484375
3 0.221875 0.13125 0.025 0.0609375
3 0.521875 0.84375 0.025 0.046875
3 0.815625 0.125 0.0234375 0.05625
3 0.375 0.0265625 0.0234375 0.05
3 0.278125 0.1328125 0.025 0.05
3 0.665625 0.490625 0.0234375 0.0515625
3 0.5203125 0.73125 0.0234375 0.0484375
11 0.253125 0.728125 0.028125 0.046875
3 0.69375 0.13125 0.025 0.0625
11 0.8109375 0.475 0.0265625 0.0484375
3 0.86875 0.121875 0.0234375 0.05
3 0.246875 0.1375 0.0234375 0.0453125
3 0.321875 0.13125 0.0234375 0.05625
11 0.640625 0.36875 0.0234375 0.0546875
11 0.696875 0.38125 0.028125 0.046875
11 0.6875 0.825 0.0234375 0.0453125
3 0.4015625 0.721875 0.028125 0.046875
3 0.484375 0.025 0.0265625 0.0484375
8 0.6828125 0.7390625 0.0265625 0.04375
3 0.721875 0.490625 0.021875 0.0453125
11 0.13125 0.8203125 0.028125 0.046875
3 0.625 0.84375 0.025 0.0546875
3 0.596875 0.85 0.021875 0.046875
3 0.553125 0.128125 0.0234375 0.05625
3 0.375 0.1296875 0.0234375 0.053125
11 0.240625 0.384375 0.0296875 0.046875
3 0.4125 0.478125 0.0234375 0.0546875
11 0.3765625 0.8203125 0.028125 0.046875
3 0.4296875 0.1359375 0.025 0.0484375
3 0.165625 0.0265625 0.0234375 0.0484375
3 0.5125 0.121875 0.025 0.0546875
3 0.89375 0.478125 0.0234375 0.0625
11 0.79375 0.8203125 0.025 0.0453125
3 0.1109375 0.125 0.025 0.05625
8 0.415625 0.3796875 0.0265625 0.0453125
3 0.665625 0.1421875 0.0234375 0.04375
11 0.88125 0.81875 0.028125 0.0453125
3 0.490625 0.725 0.025 0.05
11 0.084375 0.4671875 0.025 0.046875
3 0.190625 0.140625 0.025 0.0453125
8 0.865625 0.3765625 0.025 0.046875
12 0.9359375 0.1203125 0.025 0.0375
3 0.153125 0.38125 0.028125 0.0515625
12 0.93125 0.021875 0.025 0.0375
3 0.6375 0.134375 0.025 0.04375
11 0.5421875 0.46875 0.0265625 0.046875
3 0.28125 0.828125 0.025 0.0515625
11 0.1265625 0.471875 0.0265625 0.0484375
3 0.246875 0.0265625 0.0265625 0.0515625
11 0.35625 0.4875 0.028125 0.0421875
3 0.7890625 0.140625 0.0234375 0.0421875
3 0.4 0.125 0.025 0.0609375
3 0.2765625 0.0296875 0.0234375 0.0453125
11 0.325 0.8296875 0.0265625 0.0453125
7 0.7921875 0.0328125 0.03125 0.046875
10 0.7703125 0.378125 0.0359375 0.0609375
3 0.8375 0.378125 0.028125 0.046875
3 0.1609375 0.725 0.028125 0.046875
3 0.496875 0.48125 0.021875 0.0390625
3 0.9484375 0.4921875 0.0265625 0.0453125
3 0.4 0.0234375 0.0234375 0.046875
3 0.56875 0.8375 0.025 0.065625
11 0.184375 0.3765625 0.0265625 0.046875
10 0.090625 0.38125 0.0375 0.05
10 0.54375 0.378125 0.034375 0.0625
3 0.6109375 0.38125 0.028125 0.046875
11 0.309375 0.4734375 0.028125 0.0484375
11 0.434375 0.721875 0.0265625 0.046875
3 0.19375 0.8453125 0.0234375 0.0421875
11 0.89375 0.115625 0.025 0.0453125
11 0.58125 0.471875 0.028125 0.0484375
3 0.271875 0.490625 0.0234375 0.0390625
11 0.1890625 0.71875 0.0265625 0.04375
3 0.640625 0.4953125 0.0234375 0.0453125
10 0.328125 0.725 0.0359375 0.053125
11 0.08125 0.828125 0.0265625 0.0484375
10 0.315625 0.378125 0.0328125 0.059375
3 0.384375 0.38125 0.028125 0.046875
10 0.0890625 0.73125 0.0359375 0.05
7 0.79375 0.7375 0.0359375 0.05
11 0.8359375 0.828125 0.0265625 0.046875