3 0.4328125 0.346875 0.0234375 0.0515625
3 0.58125 0.3546875 0.021875 0.046875
3 0.415625 0.709375 0.0234375 0.05
3 0.321875 0.35 0.0234375 0.05625
3 0.0578125 0.346875 0.025 0.0609375
3 0.665625 0.3484375 0.025 0.053125
11 0.715625 0.690625 0.0234375 0.040625
11 0.03125 0.240625 0.0296875 0.0484375
3 0.19375 0.35625 0.021875 0.046875
11 0.26875 0.2359375 0.028125 0.0453125
3 0.3875 0.7 0.0234375 0.0609375
3 0.6125 0.709375 0.0234375 0.0515625
3 0.55625 0.346875 0.025 0.0609375
3 0.1125 0.34375 0.0234375 0.05
3 0.403125 0.35625 0.0234375 0.0453125
12 0.88125 0.24375 0.025 0.0390625
3 0.084375 0.35 0.021875 0.0453125
3 0.159375 0.7 0.0234375 0.059375
8 0.6296875 0.9625 0.028125 0.046875
11 0.4890625 0.690625 0.025 0.04375
3 0.64375 0.703125 0.025 0.0640625
3 0.86875 0.7078125 0.025 0.0546875
3 0.809375 0.696875 0.0234375 0.0578125
8 0.5203125 0.946875 0.0265625 0.0484375
3 0.840625 0.7 0.0234375 0.0609375
3 0.225 0.353125 0.025 0.05
3 0.46875 0.9546875 0.0265625 0.0484375
3 0.2640625 0.353125 0.0234375 0.0546875
3 0.640625 0.346875 0.0234375 0.0609375
3 0.7625 0.346875 0.0265625 0.05625
3 0.1875 0.70625 0.025 0.05
3 0.378125 0.359375 0.0234375 0.05
3 0.4390625 0.946875 0.028125 0.05
3 0.66875 0.709375 0.0234375 0.0453125
3 0.53125 0.3546875 0.0234375 0.04375
3 0.4578125 0.3421875 0.0234375 0.0546875
11 0.7578125 0.69375 0.0265625 0.046875
3 0.346875 0.94375 0.028125 0.0484375
8 0.3578125 0.6 0.025 0.046875
11 0.503125 0.2390625 0.028125 0.0484375
11 0.0296875 0.690625 0.0265625 0.0453125
12 0.871875 0.9453125 0.028125 0.040625
11 0.2 0.946875 0.0296875 0.0484375
3 0.584375 0.7140625 0.0234375 0.046875
3 0.296875 0.35625 0.0203125 0.046875
3 0.5 0.346875 0.025 0.0578125
11 0.66875 0.246875 0.03125 0.0484375
7 0.740625 0.959375 0.034375 0.046875
3 0.35625 0.696875 0.0234375 0.0578125
3 0.346875 0.346875 0.0265625 0.0671875
11 0.55625 0.2390625 0.028125 0.0484375
3 0.1296875 0.703125 0.0234375 0.0484375
3 0.165625 0.35 0.0234375 0.059375
3 0.8953125 0.715625 0.0234375 0.0515625
3 0.14375 0.3609375 0.025 0.0453125
11 0.6125 0.2421875 0.0296875 0.0484375
11 0.1875 0.603125 0.0296875 0.0453125
3 0.696875 0.34375 0.025 0.0515625
11 0.840625 0.334375 0.0265625 0.0421875
3 0.7875 0.346875 0.0234375 0.0453125
3 0.44375 0.70625 0.0234375 0.05
12 0.88125 0.3390625 0.0234375 0.0375
3 0.45625 0.25 0.0234375 0.046875
3 0.221875 0.253125 0.0234375 0.0453125
3 0.028125 0.359375 0.0265625 0.046875
3 0.6125 0.365625 0.0234375 0.0421875
3 0.43125 0.24375 0.0265625 0.0515625
3 0.19375 0.25 0.0265625 0.05
8 0.8140625 0.596875 0.0265625 0.046875
3 0.321875 0.246875 0.0234375 0.046875
11 0.075 0.696875 0.028125 0.05
11 0.64375 0.6 0.028125 0.046875
8 0.74375 0.2515625 0.034375 0.0484375
11 0.53125 0.69375 0.0265625 0.046875
3 0.7359375 0.3578125 0.0234375 0.0453125
3 0.8125 0.34375 0.0234375 0.046875
11 0.375 0.940625 0.0265625 0.046875
11 0.3765625 0.2390625 0.0265625 0.046875
10 0.490625 0.6 0.0359375 0.0578125
3 0.55625 0.596875 0.028125 0.0484375
10 0.71875 0.5953125 0.0328125 0.059375
3 0.78125 0.596875 0.028125 0.05
3 0.2171875 0.70625 0.0234375 0.04375
10 0.265625 0.59375 0.04375 0.0609375
3 0.33125 0.6 0.028125 0.0484375
3 0.1078125 0.946875 0.028125 0.0484375
11 0.584375 0.59375 0.0265625 0.046875
3 0.103125 0.603125 0.028125 0.0484375
3 0.08125 0.253125 0.0265625 0.0484375
11 0.259375 0.69375 0.025 0.046875
11 0.3046875 0.703125 0.0265625 0.04375
3 0.346875 0.24375 0.021875 0.0484375
10 0.03125 0.95 0.0375 0.0484375
11 0.1421875 0.24375 0.0265625 0.05
11 0.13125 0.59375 0.0265625 0.0484375
10 0.03125 0.6 0.0359375 0.046875
11 0.1390625 0.940625 0.0265625 0.0484375
10 0.271875 0.946875 0.0328125 0.0484375
3 0.1125 0.246875 0.025 0.0484375