0 0.0375 0.28125 0.0390625 0.046875
14 0.0375 0.8921875 0.0375 0.078125
0 0.0375 0.634375 0.0375 0.04375
14 0.0375 0.5390625 0.0375 0.078125
3 0.1625 0.284375 0.025 0.0515625
3 0.4828125 0.2875 0.025 0.0515625
3 0.6921875 0.2875 0.0265625 0.0625
11 0.603125 0.178125 0.0265625 0.046875
3 0.7171875 0.290625 0.0234375 0.0546875
3 0.4625 0.6515625 0.025 0.0515625
3 0.890625 0.6421875 0.0234375 0.059375
11 0.08125 0.18125 0.028125 0.0484375
3 0.665625 0.653125 0.0234375 0.0515625
11 0.25 0.8890625 0.0296875 0.0484375
14 0.0375 0.1890625 0.034375 0.078125
3 0.69375 0.640625 0.025 0.0640625
3 0.74375 0.284375 0.025 0.053125
11 0.31875 0.178125 0.0265625 0.0453125
3 0.371875 0.290625 0.0234375 0.0546875
3 0.91875 0.65 0.025 0.0578125
3 0.509375 0.2828125 0.0234375 0.0546875
11 0.0796875 0.628125 0.0265625 0.046875
8 0.565625 0.884375 0.025 0.046875
8 0.6796875 0.9 0.025 0.04375
3 0.5078125 0.1875 0.0234375 0.0484375
3 0.4375 0.6421875 0.025 0.059375
3 0.634375 0.6578125 0.0234375 0.046875
11 0.765625 0.628125 0.0234375 0.04375
11 0.428125 0.1796875 0.0265625 0.0484375
3 0.109375 0.2875 0.025 0.059375
3 0.134375 0.2890625 0.021875 0.0453125
3 0.1546875 0.546875 0.0265625 0.05
3 0.428125 0.296875 0.0265625 0.05
12 0.93125 0.1828125 0.0265625 0.040625
11 0.809375 0.634375 0.0265625 0.0453125
3 0.21875 0.2875 0.025 0.059375
11 0.1234375 0.634375 0.0265625 0.046875
3 0.24375 0.29375 0.021875 0.0421875
11 0.553125 0.18125 0.028125 0.0484375
11 0.1859375 0.878125 0.028125 0.046875
3 0.6328125 0.2953125 0.0234375 0.04375
3 0.371875 0.1875 0.025 0.0484375
11 0.69375 0.540625 0.028125 0.046875
11 0.7171875 0.184375 0.028125 0.046875
12 0.921875 0.8859375 0.025 0.0375
3 0.8375 0.290625 0.021875 0.0453125
11 0.2375 0.546875 0.028125 0.046875
3 0.48125 0.184375 0.0265625 0.0515625
3 0.275 0.29375 0.0234375 0.0484375
11 0.6625 0.1828125 0.028125 0.05
3 0.55 0.2859375 0.025 0.0546875
3 0.60625 0.2875 0.025 0.0578125
7 0.7921875 0.8953125 0.0359375 0.0484375
3 0.8125 0.2875 0.025 0.0578125
10 0.765625 0.534375 0.0359375 0.059375
3 0.8328125 0.5375 0.028125 0.0484375
3 0.315625 0.290625 0.025 0.0546875
8 0.409375 0.540625 0.025 0.046875
3 0.3984375 0.884375 0.028125 0.05
3 0.40625 0.640625 0.025 0.0578125
7 0.7890625 0.19375 0.034375 0.046875
8 0.8640625 0.5375 0.0265625 0.046875
3 0.34375 0.2953125 0.0234375 0.04375
12 0.928125 0.2859375 0.0234375 0.0375
3 0.94375 0.65625 0.0265625 0.0546875
3 0.8625 0.640625 0.025 0.0546875
3 0.453125 0.29375 0.0234375 0.04375
3 0.2109375 0.640625 0.025 0.05625
3 0.2375 0.646875 0.025 0.0515625
3 0.184375 0.646875 0.025 0.046875
3 0.2734375 0.190625 0.025 0.0453125
10 0.0859375 0.546875 0.0359375 0.0484375
11 0.8921875 0.278125 0.025 0.04375
3 0.6625 0.303125 0.0234375 0.0453125
3 0.4890625 0.8890625 0.0265625 0.0515625
3 0.24375 0.1875 0.0265625 0.05
11 0.3515625 0.6453125 0.0265625 0.0421875
3 0.1578125 0.8875 0.028125 0.05
3 0.521875 0.89375 0.0265625 0.046875
11 0.5390625 0.63125 0.025 0.04375
3 0.7203125 0.65 0.0234375 0.0453125
3 0.578125 0.29375 0.0234375 0.0390625
3 0.38125 0.5421875 0.028125 0.05
10 0.084375 0.8890625 0.0359375 0.05
3 0.1328125 0.190625 0.0265625 0.0484375
11 0.30625 0.634375 0.025 0.046875
3 0.49375 0.653125 0.025 0.0515625
3 0.19375 0.303125 0.0234375 0.0421875
3 0.396875 0.2875 0.0234375 0.0609375
10 0.3109375 0.540625 0.0359375 0.05
11 0.578125 0.634375 0.0265625 0.046875
10 0.54375 0.5390625 0.034375 0.053125
3 0.60625 0.5421875 0.028125 0.05
10 0.325 0.884375 0.034375 0.0484375
3 0.2671875 0.653125 0.025 0.0421875
11 0.18125 0.5375 0.0265625 0.0484375
3 0.8625 0.284375 0.0234375 0.05
11 0.634375 0.53125 0.028125 0.05
3 0.7859375 0.3 0.021875 0.0453125
11 0.43125 0.884375 0.025 0.046875
3 0.08125 0.303125 0.025 0.0421875
3 0.1625 0.1859375 0.025 0.0484375
3 0.396875 0.184375 0.0234375 0.0484375
11 0.1890625 0.184375 0.0265625 0.0484375