0 0.053125 0.1390625 0.034375 0.0421875
14 0.053125 0.04375 0.0359375 0.078125
3 0.6828125 0.496875 0.0234375 0.053125
3 0.4234375 0.503125 0.021875 0.04375
3 0.1421875 0.0421875 0.021875 0.046875
3 0.103125 0.5 0.0234375 0.0484375
3 0.434375 0.859375 0.0234375 0.05
3 0.0734375 0.496875 0.0265625 0.059375
3 0.4484375 0.496875 0.0234375 0.05
11 0.7640625 0.034375 0.025 0.0453125
11 0.221875 0.040625 0.0265625 0.05
3 0.6125 0.153125 0.0203125 0.0453125
12 0.8984375 0.390625 0.0265625 0.0421875
3 0.3328125 0.14375 0.0234375 0.05
3 0.2875 0.14375 0.0234375 0.0578125
3 0.128125 0.49375 0.025 0.0515625
3 0.403125 0.846875 0.0234375 0.0609375
3 0.184375 0.496875 0.0234375 0.0609375
3 0.8078125 0.4984375 0.0234375 0.0453125
11 0.65625 0.053125 0.0265625 0.0453125
3 0.309375 0.5046875 0.0234375 0.046875
3 0.11875 0.0421875 0.025 0.046875
3 0.203125 0.1421875 0.0234375 0.05625
3 0.159375 0.5078125 0.025 0.04375
3 0.6296875 0.859375 0.0234375 0.053125
3 0.659375 0.846875 0.025 0.0625
3 0.3375 0.5 0.0234375 0.0578125
11 0.85 0.0375 0.025 0.046875
3 0.6 0.503125 0.0234375 0.04375
11 0.05 0.3875 0.028125 0.0484375
3 0.284375 0.496875 0.0234375 0.0546875
3 0.24375 0.140625 0.0234375 0.05
11 0.18125 0.0375 0.025 0.046875
3 0.65625 0.496875 0.0234375 0.0625
3 0.2234375 0.146875 0.021875 0.0484375
3 0.590625 0.14375 0.0234375 0.0609375
3 0.390625 0.503125 0.0234375 0.046875
3 0.8484375 0.1578125 0.021875 0.04375
3 0.309375 0.146875 0.021875 0.0484375
3 0.85625 0.846875 0.0234375 0.0609375
3 0.41875 0.1640625 0.0234375 0.0453125
11 0.459375 0.053125 0.0265625 0.0453125
3 0.915625 0.040625 0.021875 0.0484375
3 0.240625 0.50625 0.025 0.0515625
11 0.809375 0.0390625 0.025 0.0453125
3 0.50625 0.05 0.0265625 0.053125
3 0.8859375 0.85625 0.025 0.05625
3 0.20625 0.853125 0.025 0.053125
3 0.7 0.146875 0.0234375 0.05625
3 0.8921875 0.15 0.021875 0.0453125
11 0.284375 0.3859375 0.0265625 0.04375
3 0.80625 0.15 0.021875 0.0453125
11 0.51875 0.3890625 0.028125 0.0484375
3 0.2125 0.5046875 0.0234375 0.046875
3 0.7796875 0.4953125 0.0234375 0.05625
11 0.56875 0.0421875 0.0265625 0.05
12 0.8984375 0.490625 0.025 0.0375
11 0.41875 0.053125 0.0265625 0.04375
3 0.1765625 0.846875 0.0234375 0.0609375
3 0.7125 0.4953125 0.0234375 0.053125
3 0.83125 0.85 0.0265625 0.0578125
11 0.6109375 0.0453125 0.0265625 0.0484375
3 0.546875 0.503125 0.021875 0.0421875
11 0.375 0.0484375 0.0265625 0.046875
3 0.459375 0.859375 0.0234375 0.0546875
3 0.240625 0.403125 0.0234375 0.04375
3 0.63125 0.14375 0.021875 0.053125
3 0.26875 0.159375 0.021875 0.04375
11 0.734375 0.840625 0.025 0.04375
3 0.65625 0.1625 0.021875 0.0421875
11 0.503125 0.8390625 0.025 0.0453125
3 0.375 0.846875 0.0265625 0.059375
3 0.234375 0.859375 0.021875 0.046875
3 0.83125 0.49375 0.0234375 0.0484375
11 0.684375 0.39375 0.03125 0.0484375
11 0.159375 0.3921875 0.0265625 0.0484375
11 0.321875 0.853125 0.0265625 0.04375
11 0.265625 0.0453125 0.0234375 0.0453125
3 0.2140625 0.396875 0.025 0.05
8 0.83125 0.746875 0.0265625 0.0484375
11 0.775 0.8421875 0.028125 0.0484375
3 0.1015625 0.3984375 0.0265625 0.0484375
8 0.378125 0.75 0.025 0.046875
3 0.50625 0.1640625 0.0234375 0.0453125
11 0.20625 0.753125 0.0296875 0.046875
3 0.15 0.8515625 0.025 0.053125
3 0.6890625 0.85625 0.025 0.046875
11 0.05 0.8359375 0.0265625 0.046875
3 0.89375 0.0453125 0.0234375 0.0515625
3 0.3671875 0.496875 0.025 0.0671875
7 0.759375 0.403125 0.0328125 0.05
3 0.628125 0.5109375 0.0234375 0.04375
11 0.546875 0.84375 0.028125 0.046875
11 0.571875 0.3875 0.028125 0.046875
3 0.721875 0.05625 0.0234375 0.0484375
3 0.571875 0.496875 0.0234375 0.05625
3 0.478125 0.490625 0.0265625 0.05625
3 0.675 0.1453125 0.021875 0.0609375
3 0.603125 0.8640625 0.025 0.046875
11 0.859375 0.4875 0.0234375 0.0421875
3 0.571875 0.75 0.028125 0.05
3 0.53125 0.046875 0.0234375 0.05
3 0.7 0.0515625 0.0265625 0.0546875
3 0.521875 0.4921875 0.025 0.053125
11 0.09375 0.84375 0.0265625 0.046875
3 0.7203125 0.1453125 0.0234375 0.0546875
11 0.659375 0.75 0.028125 0.046875
3 0.375 0.1578125 0.021875 0.0546875
11 0.15 0.746875 0.028125 0.05
3 0.9125 0.8609375 0.025 0.0515625
3 0.128125 0.396875 0.025 0.046875
11 0.628125 0.390625 0.028125 0.046875
3 0.825 0.14375 0.0234375 0.053125
3 0.178125 0.15625 0.021875 0.04375
3 0.3375 0.3921875 0.0234375 0.0453125
3 0.7625 0.159375 0.021875 0.0421875
3 0.446875 0.39375 0.025 0.0515625
12 0.1140625 0.140625 0.0234375 0.0375
3 0.309375 0.04375 0.0265625 0.0515625
3 0.7828125 0.146875 0.0203125 0.059375
3 0.4734375 0.396875 0.0234375 0.0484375
3 0.871875 0.146875 0.0203125 0.0578125
10 0.28125 0.7484375 0.0328125 0.059375
3 0.346875 0.746875 0.025 0.046875
3 0.4375 0.153125 0.0203125 0.0671875
3 0.046875 0.5078125 0.0265625 0.046875
10 0.05 0.75 0.0359375 0.05
3 0.5671875 0.1625 0.0203125 0.04375
3 0.525 0.153125 0.025 0.0703125
3 0.1203125 0.7546875 0.028125 0.05
3 0.3328125 0.05 0.0234375 0.0453125
3 0.915625 0.140625 0.0234375 0.05
3 0.39375 0.1515625 0.0234375 0.071875
3 0.803125 0.7421875 0.028125 0.0484375
3 0.459375 0.153125 0.021875 0.065625
3 0.3640625 0.39375 0.0234375 0.0484375
11 0.275 0.8421875 0.025 0.0453125
11 0.603125 0.7390625 0.025 0.046875
3 0.75625 0.5078125 0.0234375 0.0453125
10 0.73125 0.74375 0.03125 0.046875
10 0.50625 0.75 0.0359375 0.046875
3 0.484375 0.1515625 0.0234375 0.06875
11 0.39375 0.3875 0.0265625 0.046875