0 0.046875 0.25625 0.0359375 0.0453125
3 0.709375 0.6125 0.025 0.0546875
3 0.653125 0.615625 0.0234375 0.0625
3 0.209375 0.625 0.0234375 0.0515625
3 0.125 0.609375 0.025 0.0515625
3 0.625 0.9765625 0.0234375 0.046875
3 0.596875 0.621875 0.0203125 0.040625
3 0.21875 0.265625 0.021875 0.0484375
14 0.046875 0.165625 0.0359375 0.078125
3 0.44375 0.615625 0.0234375 0.05
3 0.6796875 0.615625 0.0234375 0.0546875
3 0.6796875 0.9765625 0.025 0.046875
3 0.85 0.96796875 0.025 0.0640625
3 0.2359375 0.6203125 0.0234375 0.0484375
3 0.1984375 0.97421875 0.025 0.0515625
3 0.428125 0.9765625 0.0265625 0.046875
3 0.1125 0.165625 0.0234375 0.05
3 0.06875 0.615625 0.025 0.059375
3 0.334375 0.6171875 0.0234375 0.0546875
11 0.175 0.15625 0.028125 0.0484375
3 0.134375 0.1609375 0.021875 0.0453125
3 0.653125 0.96875 0.025 0.0625
11 0.28125 0.5046875 0.0265625 0.046875
3 0.625 0.63125 0.0234375 0.0421875
3 0.69375 0.265625 0.0203125 0.0578125
3 0.803125 0.615625 0.021875 0.046875
11 0.0453125 0.9546875 0.0265625 0.046875
11 0.0859375 0.965625 0.028125 0.05
3 0.4 0.96875 0.0265625 0.0625
11 0.45625 0.171875 0.0265625 0.0453125
3 0.628125 0.2625 0.0234375 0.053125
3 0.3890625 0.625 0.0265625 0.046875
3 0.41875 0.6203125 0.0234375 0.04375
3 0.2640625 0.275 0.021875 0.0421875
3 0.1 0.6171875 0.021875 0.0484375
3 0.3046875 0.265625 0.0203125 0.046875
3 0.1796875 0.615625 0.0265625 0.0625
11 0.5 0.959375 0.0265625 0.0453125
3 0.821875 0.2609375 0.021875 0.053125
3 0.775 0.615625 0.0234375 0.0578125
3 0.1421875 0.97421875 0.025 0.0515625
3 0.56875 0.6140625 0.025 0.0578125
11 0.2640625 0.1671875 0.028125 0.0453125
11 0.3125 0.975 0.0265625 0.0453125
3 0.3328125 0.5125 0.025 0.046875
3 0.36875 0.96875 0.025 0.0609375
11 0.846875 0.15625 0.0265625 0.0484375
3 0.60625 0.2734375 0.0203125 0.0453125
11 0.76875 0.9625 0.0265625 0.0484375
12 0.8921875 0.50625 0.0265625 0.040625
3 0.9125 0.15625 0.0234375 0.0515625
11 0.271875 0.9625 0.0265625 0.0484375
3 0.88125 0.975 0.025 0.05
11 0.60625 0.1625 0.0265625 0.046875
11 0.853125 0.6046875 0.025 0.04375
11 0.8 0.15625 0.0265625 0.0484375
3 0.46875 0.609375 0.0234375 0.0546875
11 0.6234375 0.509375 0.0296875 0.05
11 0.759375 0.153125 0.025 0.0453125
11 0.6515625 0.171875 0.0265625 0.0453125
8 0.825 0.8640625 0.028125 0.0484375
3 0.4125 0.28125 0.0234375 0.04375
11 0.725 0.95625 0.025 0.0453125
3 0.803125 0.265625 0.021875 0.046875
3 0.328125 0.259375 0.0234375 0.0484375
11 0.203125 0.871875 0.0296875 0.046875
3 0.5828125 0.2671875 0.0234375 0.065625
3 0.1703125 0.96875 0.025 0.0625
3 0.278125 0.61875 0.0234375 0.0546875
3 0.825 0.96875 0.0265625 0.0609375
3 0.303125 0.621875 0.0234375 0.0453125
3 0.115625 0.871875 0.0296875 0.05
3 0.5125 0.615625 0.025 0.0578125
3 0.0984375 0.5171875 0.0265625 0.046875
3 0.9078125 0.2609375 0.021875 0.0515625
3 0.209375 0.5140625 0.025 0.0484375
3 0.6515625 0.28125 0.0203125 0.04375
8 0.3734375 0.8671875 0.028125 0.0453125
11 0.6546875 0.86875 0.028125 0.046875
11 0.046875 0.5078125 0.028125 0.0484375
3 0.715625 0.2625 0.0234375 0.053125
11 0.3703125 0.1671875 0.0265625 0.0453125
3 0.8890625 0.165625 0.025 0.0515625
11 0.21875 0.159375 0.0265625 0.0484375
11 0.5671875 0.50625 0.028125 0.046875
11 0.5640625 0.159375 0.0265625 0.0484375
3 0.434375 0.2671875 0.025 0.075
3 0.5 0.2828125 0.0234375 0.0453125
11 0.54375 0.9609375 0.028125 0.046875
3 0.44375 0.509375 0.0265625 0.0484375
3 0.540625 0.621875 0.0234375 0.0421875
3 0.828125 0.6109375 0.0234375 0.05
7 0.753125 0.525 0.034375 0.046875
12 0.89375 0.603125 0.025 0.0390625
3 0.153125 0.625 0.025 0.04375
3 0.5015625 0.1671875 0.0265625 0.053125
3 0.8875 0.265625 0.0203125 0.05
11 0.678125 0.5125 0.028125 0.0484375
3 0.228125 0.978125 0.0265625 0.0421875
3 0.746875 0.625 0.0234375 0.04375
3 0.46875 0.5125 0.0234375 0.046875
11 0.515625 0.50625 0.028125 0.046875
3 0.778125 0.265625 0.021875 0.059375
3 0.303125 0.1625 0.0234375 0.05
3 0.234375 0.51875 0.025 0.04375
3 0.125 0.5140625 0.0234375 0.046875
3 0.284375 0.2640625 0.021875 0.0609375
3 0.796875 0.859375 0.028125 0.0484375
11 0.4140625 0.16875 0.0265625 0.04375
3 0.9078125 0.978125 0.0265625 0.0421875
3 0.359375 0.615625 0.025 0.065625
3 0.2375 0.2609375 0.021875 0.053125
3 0.86875 0.265625 0.0234375 0.0625
3 0.1734375 0.275 0.0234375 0.04375
3 0.84375 0.275 0.021875 0.04375
3 0.5625 0.2796875 0.0234375 0.04375
10 0.2734375 0.86875 0.034375 0.046875
3 0.45390625 0.97734375 0.0234375 0.0453125
3 0.359375 0.509375 0.0234375 0.046875
3 0.671875 0.265625 0.0234375 0.065625
3 0.453125 0.271875 0.021875 0.065625
3 0.3890625 0.2703125 0.0234375 0.0671875
3 0.5203125 0.26875 0.0234375 0.0703125
10 0.046875 0.871875 0.0359375 0.0484375
10 0.50625 0.86875 0.034375 0.046875
3 0.7578125 0.275 0.0234375 0.04375
3 0.365625 0.275 0.0234375 0.05625
3 0.328125 0.16875 0.0234375 0.0453125
3 0.19375 0.265625 0.021875 0.0578125
3 0.34375 0.86875 0.0265625 0.0484375
11 0.6 0.859375 0.0265625 0.0484375
3 0.56875 0.86875 0.028125 0.05
12 0.109375 0.2578125 0.025 0.0390625
3 0.04375 0.625 0.0265625 0.046875
3 0.48125 0.26875 0.021875 0.06875
11 0.153125 0.5109375 0.025 0.0484375
3 0.521875 0.165625 0.021875 0.046875
3 0.696875 0.16875 0.03125 0.053125
11 0.3875 0.50625 0.025 0.0484375
3 0.7171875 0.171875 0.025 0.0484375
11 0.146875 0.865625 0.028125 0.05
10 0.73125 0.865625 0.034375 0.0453125