0 0.028125 0.8953125 0.0359375 0.0453125
0 0.028125 0.54375 0.0375 0.0453125
3 0.2375 0.903125 0.025 0.0546875
14 0.028125 0.80625 0.0359375 0.078125
0 0.028125 0.1921875 0.0359375 0.0484375
3 0.209375 0.909375 0.025 0.053125
3 0.4703125 0.1984375 0.0234375 0.05
3 0.48125 0.9125 0.025 0.0484375
3 0.709375 0.203125 0.0234375 0.0546875
11 0.1203125 0.890625 0.028125 0.046875
11 0.3609375 0.890625 0.028125 0.0453125
3 0.65625 0.5609375 0.0234375 0.0515625
3 0.44375 0.2078125 0.0234375 0.0453125
3 0.6234375 0.2078125 0.0234375 0.0453125
3 0.45 0.90625 0.0234375 0.0484375
14 0.028125 0.45 0.034375 0.0765625
3 0.421875 0.903125 0.025 0.0515625
12 0.909375 0.796875 0.025 0.0375
3 0.334375 0.2078125 0.0234375 0.046875
3 0.359375 0.2046875 0.025 0.05625
8 0.4 0.45 0.0265625 0.046875
11 0.871875 0.890625 0.028125 0.046875
3 0.30625 0.20625 0.0234375 0.0546875
8 0.671875 0.8125 0.028125 0.0453125
3 0.6125 0.915625 0.025 0.0546875
3 0.228125 0.55625 0.025 0.0515625
11 0.071875 0.09375 0.028125 0.05
12 0.9234375 0.0953125 0.025 0.0390625
3 0.45625 0.5609375 0.025 0.05
3 0.509375 0.91875 0.025 0.0484375
3 0.171875 0.55625 0.0265625 0.053125
3 0.428125 0.55 0.025 0.059375
3 0.734375 0.1984375 0.025 0.0546875
3 0.678125 0.2015625 0.025 0.0625
11 0.78125 0.890625 0.025 0.04375
3 0.828125 0.203125 0.0234375 0.0453125
3 0.15 0.803125 0.028125 0.046875
12 0.9234375 0.19375 0.025 0.0375
11 0.2375 0.8015625 0.0296875 0.046875
3 0.80625 0.2 0.0234375 0.059375
8 0.55625 0.79375 0.025 0.0484375
3 0.178125 0.9171875 0.025 0.046875
3 0.18125 0.2125 0.025 0.0453125
7 0.78125 0.80625 0.0328125 0.0484375
3 0.90625 0.559375 0.025 0.0578125
3 0.68125 0.553125 0.025 0.0625
3 0.153125 0.196875 0.025 0.053125
3 0.48125 0.8015625 0.0265625 0.0515625
10 0.315625 0.79375 0.034375 0.059375
3 0.390625 0.796875 0.028125 0.0484375
11 0.30625 0.090625 0.0265625 0.046875
3 0.209375 0.2 0.025 0.0609375
3 0.2359375 0.2078125 0.0234375 0.0453125
3 0.596875 0.2 0.025 0.059375
3 0.125 0.2046875 0.0234375 0.0484375
3 0.54375 0.203125 0.025 0.05625
11 0.06875 0.8984375 0.0265625 0.0484375
11 0.228125 0.45625 0.0296875 0.046875
3 0.56875 0.209375 0.021875 0.0453125
12 0.909375 0.896875 0.025 0.0390625
3 0.4203125 0.2125 0.0234375 0.0484375
3 0.58125 0.921875 0.0234375 0.04375
11 0.5453125 0.09375 0.028125 0.0484375
3 0.509375 0.80625 0.025 0.0484375
3 0.2015625 0.5515625 0.0234375 0.0578125
3 0.7125 0.559375 0.0234375 0.04375
11 0.709375 0.1 0.0296875 0.05
3 0.265625 0.9 0.025 0.053125
3 0.88125 0.55 0.0234375 0.0578125
10 0.075 0.8 0.0359375 0.05
11 0.06875 0.54375 0.025 0.046875
11 0.715625 0.8984375 0.028125 0.046875
3 0.265625 0.20625 0.025 0.05
3 0.1 0.196875 0.025 0.0625
8 0.8515625 0.446875 0.025 0.0484375
3 0.625 0.56875 0.0234375 0.046875
11 0.825 0.896875 0.0296875 0.0484375
11 0.171875 0.446875 0.028125 0.0484375
11 0.596875 0.0890625 0.028125 0.046875
3 0.853125 0.196875 0.0234375 0.0484375
3 0.259375 0.5625 0.0234375 0.0421875
3 0.484375 0.565625 0.025 0.059375
11 0.5296875 0.54375 0.025 0.0453125
11 0.3125 0.9 0.0265625 0.0453125
14 0.0265625 0.1 0.0328125 0.0796875
3 0.5 0.19375 0.025 0.05625
7 0.78125 0.1046875 0.034375 0.05
11 0.884375 0.1875 0.0234375 0.04375
11 0.68125 0.45 0.028125 0.0484375
11 0.421875 0.796875 0.0265625 0.046875
3 0.64375 0.90625 0.025 0.06875
3 0.85 0.55 0.0265625 0.0578125
3 0.778125 0.2125 0.025 0.04375
11 0.75625 0.540625 0.0234375 0.04375
11 0.115625 0.546875 0.0265625 0.0484375
3 0.3984375 0.5515625 0.0265625 0.0578125
3 0.653125 0.215625 0.0234375 0.0421875
11 0.671875 0.8953125 0.0234375 0.0453125
3 0.9375 0.565625 0.0234375 0.0515625
3 0.125 0.1046875 0.0265625 0.05
11 0.34375 0.55625 0.0265625 0.040625
3 0.3875 0.096875 0.0234375 0.0578125
3 0.46875 0.096875 0.0265625 0.0546875
3 0.234375 0.1 0.028125 0.0515625
11 0.653125 0.096875 0.03125 0.05
3 0.3890625 0.1984375 0.025 0.065625
3 0.553125 0.909375 0.025 0.0671875
3 0.1453125 0.45625 0.028125 0.0515625
3 0.5984375 0.453125 0.0265625 0.0484375
3 0.371875 0.45 0.0265625 0.0484375
3 0.153125 0.1 0.025 0.05
3 0.5 0.1015625 0.025 0.0484375
3 0.3578125 0.1015625 0.025 0.0484375
3 0.825 0.446875 0.028125 0.0484375
11 0.7953125 0.546875 0.028125 0.0484375
11 0.18125 0.096875 0.028125 0.05
3 0.265625 0.1046875 0.0234375 0.046875
10 0.53125 0.45 0.0359375 0.0515625
10 0.0765625 0.4546875 0.0359375 0.0484375
3 0.06875 0.2125 0.0265625 0.046875
11 0.625 0.4421875 0.0265625 0.046875
11 0.56875 0.546875 0.028125 0.046875
11 0.2984375 0.546875 0.028125 0.046875
11 0.178125 0.79375 0.025 0.0453125
10 0.7546875 0.446875 0.0359375 0.046875
10 0.303125 0.4515625 0.0359375 0.0484375
11 0.41875 0.09375 0.025 0.046875