3 0.6828125 0.1484375 0.0234375 0.0546875
3 0.428125 0.853125 0.0234375 0.05
3 0.184375 0.8515625 0.0234375 0.05
3 0.403125 0.496875 0.0234375 0.0609375
3 0.45625 0.859375 0.025 0.05
12 0.8875 0.7421875 0.025 0.0390625
3 0.6296875 0.50625 0.0234375 0.053125
3 0.659375 0.4984375 0.025 0.0625
3 0.0734375 0.14375 0.0265625 0.0609375
3 0.3375 0.15 0.0234375 0.059375
3 0.4234375 0.153125 0.0234375 0.04375
3 0.4484375 0.146875 0.0234375 0.0515625
3 0.8078125 0.15 0.0234375 0.0453125
3 0.309375 0.1546875 0.0234375 0.046875
3 0.215625 0.84375 0.025 0.05625
3 0.4328125 0.50625 0.025 0.05
3 0.103125 0.15 0.0234375 0.0484375
8 0.65 0.7578125 0.0265625 0.04375
11 0.0984375 0.8359375 0.028125 0.0453125
12 0.896875 0.040625 0.0265625 0.0390625
3 0.128125 0.14375 0.0265625 0.053125
3 0.6 0.153125 0.0234375 0.04375
12 0.8984375 0.1390625 0.0234375 0.0359375
3 0.396875 0.846875 0.025 0.0515625
3 0.85625 0.496875 0.0234375 0.0609375
11 0.2921875 0.846875 0.0296875 0.05
11 0.3390625 0.834375 0.028125 0.046875
11 0.05 0.0359375 0.028125 0.05
3 0.20625 0.503125 0.0265625 0.0546875
8 0.534375 0.74375 0.025 0.0453125
3 0.7125 0.1453125 0.0234375 0.053125
11 0.571875 0.034375 0.028125 0.05
3 0.184375 0.146875 0.0234375 0.0609375
3 0.159375 0.1578125 0.0234375 0.0453125
3 0.65625 0.1484375 0.0234375 0.0625
11 0.284375 0.034375 0.028125 0.046875
3 0.240625 0.146875 0.025 0.0515625
3 0.590625 0.859375 0.025 0.053125
3 0.4875 0.859375 0.025 0.0453125
3 0.39375 0.15625 0.025 0.05
11 0.51875 0.0375 0.028125 0.046875
11 0.846875 0.8359375 0.0265625 0.0453125
11 0.684375 0.0453125 0.0296875 0.0484375
11 0.20625 0.4 0.0296875 0.046875
3 0.559375 0.865625 0.0234375 0.0421875
8 0.83125 0.390625 0.0265625 0.046875
11 0.628125 0.0375 0.028125 0.046875
3 0.2859375 0.146875 0.0234375 0.0546875
8 0.378125 0.3953125 0.0265625 0.046875
3 0.884375 0.5015625 0.0265625 0.0546875
3 0.459375 0.5078125 0.0234375 0.0515625
3 0.828125 0.4953125 0.0265625 0.05625
3 0.2140625 0.153125 0.0234375 0.0453125
12 0.8875 0.8421875 0.025 0.0375
3 0.375 0.496875 0.0265625 0.0578125
11 0.759375 0.8359375 0.025 0.04375
3 0.175 0.4984375 0.025 0.059375
3 0.1515625 0.8609375 0.025 0.046875
11 0.60625 0.3875 0.028125 0.059375
11 0.659375 0.3953125 0.0296875 0.046875
3 0.571875 0.1421875 0.025 0.05625
3 0.83125 0.14375 0.021875 0.0484375
3 0.365625 0.146875 0.0234375 0.0671875
11 0.73125 0.4859375 0.028125 0.046875
3 0.478125 0.140625 0.0265625 0.05625
3 0.546875 0.153125 0.021875 0.0421875
11 0.05 0.484375 0.0265625 0.0453125
11 0.321875 0.503125 0.028125 0.0421875
3 0.15 0.503125 0.025 0.0515625
11 0.546875 0.49375 0.028125 0.046875
3 0.628125 0.1609375 0.0234375 0.0453125
11 0.775 0.4921875 0.028125 0.046875
10 0.29375 0.7375 0.03125 0.05625
3 0.36875 0.7421875 0.028125 0.046875
3 0.7796875 0.14375 0.025 0.05625
3 0.61875 0.853125 0.025 0.0703125
11 0.0453125 0.846875 0.028125 0.0484375
3 0.6859375 0.503125 0.0234375 0.0484375
3 0.240625 0.05 0.025 0.046875
3 0.234375 0.509375 0.0234375 0.0453125
11 0.859375 0.1328125 0.0234375 0.0421875
11 0.50625 0.4875 0.0296875 0.0484375
3 0.603125 0.5140625 0.0234375 0.046875
3 0.2125 0.04375 0.0265625 0.05
3 0.803125 0.3921875 0.0265625 0.0484375
11 0.15 0.390625 0.028125 0.0484375
3 0.5171875 0.1453125 0.025 0.0546875
3 0.103125 0.046875 0.0265625 0.046875
11 0.696875 0.8421875 0.0265625 0.046875
11 0.159375 0.0421875 0.025 0.05
11 0.65 0.840625 0.0265625 0.046875
11 0.09375 0.4875 0.0265625 0.0453125
11 0.8 0.8421875 0.0265625 0.0484375
3 0.446875 0.040625 0.0265625 0.053125
3 0.4875 0.75 0.0265625 0.046875
3 0.125 0.746875 0.028125 0.0484375
3 0.24375 0.8453125 0.0234375 0.053125
3 0.128125 0.0421875 0.025 0.046875
3 0.5734375 0.396875 0.028125 0.0484375
3 0.4546875 0.7484375 0.025 0.05
3 0.11875 0.4015625 0.028125 0.0515625
3 0.5328125 0.853125 0.025 0.0609375
3 0.475 0.04375 0.025 0.0484375
3 0.3375 0.0421875 0.0234375 0.046875
3 0.9125 0.509375 0.025 0.05
3 0.75625 0.15625 0.0234375 0.04375
10 0.28125 0.39375 0.0421875 0.059375
3 0.346875 0.396875 0.0265625 0.0484375
10 0.5046875 0.396875 0.0359375 0.0484375
10 0.05 0.4015625 0.0359375 0.05
7 0.7609375 0.753125 0.034375 0.046875
7 0.759375 0.05 0.034375 0.0484375
10 0.0453125 0.746875 0.0359375 0.0484375
11 0.275 0.4921875 0.025 0.0453125
10 0.7359375 0.396875 0.034375 0.046875
11 0.396875 0.7390625 0.025 0.046875
11 0.1546875 0.734375 0.0234375 0.0515625
11 0.2140625 0.74375 0.028125 0.046875
3 0.3625 0.040625 0.0234375 0.05
11 0.39375 0.0375 0.0265625 0.0484375
3 0.046875 0.15625 0.0265625 0.046875