0 0.0625 0.678125 0.0375 0.046875
3 0.5078125 0.6875 0.0234375 0.05
14 0.0625 0.934375 0.0390625 0.078125
14 0.0625 0.584375 0.0359375 0.0796875
11 0.28125 0.228125 0.0265625 0.0484375
11 0.63125 0.575 0.028125 0.05
0 0.1125 0.3265625 0.0359375 0.04375
3 0.74375 0.690625 0.0234375 0.0546875
3 0.8375 0.684375 0.0234375 0.0578125
3 0.2 0.2296875 0.0203125 0.0453125
3 0.10625 0.6921875 0.0265625 0.0546875
3 0.1875 0.684375 0.025 0.0515625
11 0.453125 0.575 0.0265625 0.0484375
11 0.578125 0.5765625 0.028125 0.0484375
11 0.51875 0.240625 0.0265625 0.0453125
3 0.715625 0.6890625 0.025 0.0609375
11 0.109375 0.5796875 0.028125 0.05
3 0.5375 0.678125 0.0234375 0.0546875
3 0.69375 0.33125 0.025 0.0515625
3 0.2734375 0.6953125 0.021875 0.0453125
3 0.5359375 0.5859375 0.0234375 0.0484375
3 0.3953125 0.5859375 0.0234375 0.0484375
11 0.20625 0.9328125 0.0234375 0.053125
11 0.265625 0.940625 0.0296875 0.046875
3 0.865625 0.3375 0.0203125 0.04375
11 0.328125 0.2359375 0.0265625 0.0453125
11 0.21875 0.578125 0.0265625 0.05
3 0.48125 0.69375 0.0234375 0.0453125
3 0.5109375 0.58125 0.025 0.05
3 0.271875 0.584375 0.025 0.05
3 0.8859375 0.3296875 0.0234375 0.0515625
3 0.175 0.234375 0.0234375 0.05
11 0.8234375 0.221875 0.0265625 0.046875
3 0.865625 0.6890625 0.021875 0.04375
3 0.63125 0.6875 0.025 0.059375
3 0.15625 0.5859375 0.025 0.0484375
12 0.959375 0.578125 0.025 0.040625
11 0.34375 0.5734375 0.0265625 0.046875
3 0.328125 0.3453125 0.021875 0.04375
3 0.28125 0.334375 0.021875 0.0453125
11 0.434375 0.2375 0.025 0.0453125
11 0.909375 0.225 0.0265625 0.0484375
11 0.475 0.240625 0.0265625 0.04375
11 0.74375 0.5859375 0.03125 0.0484375
3 0.2984375 0.6890625 0.025 0.05
3 0.36875 0.2328125 0.025 0.0515625
11 0.628125 0.2296875 0.0265625 0.05
11 0.8671875 0.225 0.025 0.0484375
11 0.2390625 0.225 0.0265625 0.046875
3 0.396875 0.6859375 0.0234375 0.0515625
3 0.24375 0.684375 0.025 0.059375
11 0.6875 0.5796875 0.028125 0.05
12 0.1734375 0.328125 0.0234375 0.0359375
14 0.1125 0.23125 0.0359375 0.078125
3 0.846875 0.334375 0.0234375 0.0578125
3 0.66875 0.3375 0.01875 0.0421875
11 0.715625 0.240625 0.0265625 0.04375
3 0.453125 0.69375 0.025 0.0484375
3 0.5890625 0.2328125 0.021875 0.0484375
3 0.346875 0.33125 0.0203125 0.05625
3 0.2609375 0.33125 0.021875 0.05625
3 0.6609375 0.69375 0.0234375 0.0453125
3 0.1796875 0.940625 0.03125 0.053125
3 0.575 0.684375 0.025 0.05625
3 0.2984375 0.5875 0.0234375 0.0453125
3 0.7375 0.334375 0.0234375 0.059375
3 0.425 0.58125 0.025 0.05
11 0.66875 0.23125 0.0265625 0.046875
3 0.93125 0.334375 0.0234375 0.05625
10 0.1109375 0.9390625 0.0375 0.05
3 0.759375 0.240625 0.025 0.053125
3 0.1328125 0.6875 0.025 0.059375
3 0.9515625 0.3375 0.01875 0.0453125
3 0.390625 0.3296875 0.0234375 0.05
3 0.953125 0.234375 0.028125 0.0515625
3 0.65 0.334375 0.0234375 0.059375
3 0.771875 0.68125 0.0234375 0.0515625
3 0.371875 0.334375 0.0203125 0.0453125
3 0.3921875 0.2359375 0.0234375 0.04375
3 0.1875 0.584375 0.025 0.05
3 0.303125 0.33125 0.0234375 0.0515625
3 0.63125 0.9375 0.028125 0.0515625
3 0.890625 0.6796875 0.0234375 0.05
3 0.565625 0.2375 0.028125 0.053125
3 0.1625 0.6890625 0.021875 0.046875
10 0.79375 0.934375 0.03125 0.0515625
3 0.8625 0.934375 0.028125 0.05
3 0.6875 0.7 0.0203125 0.0421875
3 0.7796875 0.240625 0.025 0.0484375
7 0.81875 0.590625 0.0328125 0.046875
10 0.3390625 0.9375 0.0359375 0.05
3 0.60625 0.690625 0.0234375 0.04375
3 0.9765625 0.2296875 0.021875 0.0484375
3 0.371875 0.69375 0.021875 0.0421875
3 0.759375 0.334375 0.0203125 0.053125
11 0.71875 0.9359375 0.028125 0.046875
3 0.975 0.33125 0.0234375 0.05
3 0.815625 0.6984375 0.0234375 0.04375
3 0.478125 0.35 0.021875 0.04375
3 0.2171875 0.696875 0.025 0.04375
3 0.5625 0.35 0.0203125 0.0453125
3 0.428125 0.68125 0.025 0.059375
11 0.921875 0.671875 0.025 0.046875
8 0.4375 0.9375 0.028125 0.0484375
3 0.34375 0.6859375 0.0234375 0.0546875
12 0.95625 0.68125 0.0234375 0.0390625
3 0.78125 0.3296875 0.021875 0.0515625
3 0.40625 0.9390625 0.028125 0.05
3 0.453125 0.3375 0.025 0.0640625
3 0.2375 0.34375 0.021875 0.04375
8 0.8875 0.9328125 0.0265625 0.046875
3 0.5875 0.33125 0.0234375 0.05625
3 0.434375 0.34375 0.0234375 0.0515625
3 0.715625 0.35 0.0203125 0.040625
3 0.90625 0.3453125 0.0203125 0.0421875
3 0.54375 0.3375 0.0234375 0.0640625
3 0.821875 0.34375 0.021875 0.0421875
11 0.6640625 0.93125 0.0265625 0.05
3 0.51875 0.3390625 0.0234375 0.065625
10 0.5640625 0.9359375 0.0359375 0.05
3 0.625 0.35 0.021875 0.04375
3 0.496875 0.3359375 0.0203125 0.0609375