3 0.68125 0.121875 0.0234375 0.053125
3 0.471875 0.021875 0.025 0.0421875
3 0.446875 0.1203125 0.0234375 0.05
12 0.8953125 0.015625 0.025 0.03125
3 0.6578125 0.475 0.025 0.0625
3 0.30625 0.128125 0.0234375 0.0484375
3 0.7109375 0.11875 0.0234375 0.053125
3 0.0453125 0.1328125 0.0234375 0.046875
3 0.128125 0.115625 0.025 0.053125
11 0.68125 0.0203125 0.028125 0.040625
3 0.1828125 0.828125 0.0234375 0.05
3 0.65625 0.121875 0.025 0.0609375
3 0.2046875 0.4796875 0.025 0.0546875
3 0.3359375 0.1234375 0.025 0.0578125
3 0.80625 0.121875 0.0234375 0.046875
11 0.5171875 0.01875 0.028125 0.0359375
3 0.853125 0.475 0.0234375 0.0609375
3 0.4015625 0.475 0.0234375 0.059375
3 0.4265625 0.828125 0.0234375 0.0515625
3 0.4875 0.8375 0.025 0.046875
11 0.3375 0.8125 0.028125 0.046875
12 0.8859375 0.7171875 0.025 0.0390625
3 0.2140625 0.821875 0.025 0.05625
3 0.453125 0.83125 0.0265625 0.05
3 0.421875 0.125 0.0234375 0.04375
3 0.2125 0.1265625 0.0234375 0.0453125
3 0.1015625 0.121875 0.025 0.0484375
3 0.628125 0.4828125 0.0234375 0.053125
3 0.1828125 0.1203125 0.025 0.0625
3 0.778125 0.11875 0.0234375 0.05625
8 0.6484375 0.73125 0.0265625 0.04375
3 0.43125 0.48125 0.025 0.0484375
3 0.6 0.1265625 0.025 0.04375
3 0.884375 0.478125 0.025 0.0546875
7 0.759375 0.73125 0.034375 0.0484375
3 0.39375 0.825 0.025 0.0515625
12 0.8953125 0.1125 0.025 0.0375
11 0.69375 0.815625 0.0265625 0.046875
11 0.0984375 0.809375 0.0296875 0.0484375
12 0.8859375 0.8171875 0.025 0.040625
3 0.8265625 0.471875 0.025 0.0578125
3 0.284375 0.125 0.0234375 0.0546875
3 0.2375 0.021875 0.025 0.04375
3 0.2390625 0.125 0.025 0.0515625
10 0.29375 0.7140625 0.0359375 0.0515625
3 0.365625 0.715625 0.028125 0.046875
8 0.375 0.371875 0.028125 0.046875
3 0.5859375 0.8359375 0.025 0.0546875
11 0.84375 0.8125 0.028125 0.046875
3 0.071875 0.1203125 0.0265625 0.059375
3 0.390625 0.128125 0.0234375 0.05
3 0.484375 0.7234375 0.025 0.046875
3 0.8296875 0.115625 0.025 0.05
3 0.175 0.471875 0.025 0.0625
3 0.365625 0.11875 0.025 0.0671875
3 0.375 0.46875 0.0265625 0.0578125
8 0.5328125 0.715625 0.0265625 0.046875
11 0.2046875 0.3765625 0.0296875 0.046875
3 0.559375 0.840625 0.0234375 0.046875
3 0.15625 0.13125 0.0234375 0.0453125
3 0.1 0.0234375 0.0265625 0.046875
11 0.7578125 0.8125 0.025 0.04375
11 0.659375 0.3703125 0.028125 0.046875
11 0.503125 0.4625 0.025 0.0453125
3 0.4734375 0.1140625 0.025 0.05625
8 0.828125 0.36875 0.0265625 0.046875
3 0.459375 0.484375 0.0234375 0.053125
3 0.1484375 0.478125 0.0265625 0.053125
11 0.04375 0.815625 0.0265625 0.0484375
3 0.209375 0.021875 0.025 0.04375
11 0.05 0.4578125 0.0265625 0.0453125
3 0.684375 0.478125 0.0234375 0.046875
3 0.5703125 0.11875 0.0234375 0.05625
3 0.515625 0.11875 0.025 0.05625
11 0.65 0.8171875 0.025 0.0484375
11 0.73125 0.459375 0.025 0.04375
3 0.6265625 0.1375 0.025 0.04375
3 0.23125 0.484375 0.025 0.0453125
3 0.453125 0.71875 0.025 0.05
3 0.5453125 0.125 0.0234375 0.0421875
3 0.128125 0.021875 0.0234375 0.0421875
3 0.753125 0.1296875 0.0234375 0.04375
11 0.85625 0.109375 0.021875 0.0421875
11 0.3203125 0.4796875 0.028125 0.0421875
11 0.771875 0.465625 0.028125 0.0484375
11 0.39375 0.715625 0.0265625 0.046875
3 0.8 0.36875 0.028125 0.0484375
3 0.6171875 0.828125 0.025 0.0671875
7 0.75625 0.025 0.034375 0.046875
3 0.6015625 0.490625 0.0234375 0.046875
3 0.121875 0.71875 0.0296875 0.05
3 0.909375 0.4875 0.025 0.0484375
3 0.1546875 0.8328125 0.025 0.0453125
11 0.796875 0.81875 0.0265625 0.0484375
3 0.24375 0.81875 0.025 0.053125
3 0.334375 0.021875 0.0265625 0.04375
3 0.11875 0.378125 0.028125 0.0515625
11 0.153125 0.7125 0.0328125 0.0515625
11 0.2140625 0.71875 0.028125 0.046875
3 0.571875 0.371875 0.0265625 0.0484375
11 0.5453125 0.465625 0.028125 0.046875
3 0.53125 0.828125 0.025 0.071875
10 0.5078125 0.3703125 0.0359375 0.0484375
10 0.0453125 0.71875 0.034375 0.046875
11 0.15 0.36875 0.028125 0.0484375
11 0.0875 0.465625 0.028125 0.0484375
11 0.2875 0.821875 0.0265625 0.046875
11 0.275 0.4640625 0.028125 0.0484375
3 0.3625 0.0203125 0.0234375 0.040625
10 0.05 0.3765625 0.0359375 0.0484375
10 0.734375 0.365625 0.034375 0.046875
11 0.603125 0.365625 0.025 0.046875
3 0.34375 0.3734375 0.028125 0.0484375
10 0.28125 0.36875 0.0359375 0.0515625