0 0.078125 0.896875 0.0359375 0.0453125
14 0.078125 0.453125 0.0375 0.078125
14 0.078125 0.80625 0.0375 0.078125
0 0.121875 0.19375 0.0375 0.0453125
0 0.078125 0.5453125 0.0375 0.046875
3 0.728125 0.553125 0.025 0.0625
3 0.51875 0.553125 0.0234375 0.0515625
3 0.284375 0.559375 0.0234375 0.04375
3 0.759375 0.553125 0.0234375 0.0515625
3 0.9859375 0.921875 0.0265625 0.0546875
11 0.121875 0.446875 0.028125 0.05
3 0.784375 0.5515625 0.0234375 0.0546875
3 0.503125 0.915625 0.025 0.053125
3 0.771875 0.10625 0.0265625 0.053125
3 0.73125 0.909375 0.0265625 0.065625
3 0.4078125 0.55625 0.021875 0.0546875
3 0.3109375 0.55625 0.025 0.0484375
3 0.1734375 0.5546875 0.0234375 0.0484375
3 0.646875 0.553125 0.025 0.059375
3 0.2140625 0.1 0.021875 0.0453125
3 0.671875 0.5609375 0.021875 0.04375
3 0.95625 0.9125 0.025 0.059375
3 0.2203125 0.9109375 0.0265625 0.053125
3 0.703125 0.9171875 0.0234375 0.053125
11 0.1203125 0.8921875 0.0265625 0.046875
11 0.534375 0.109375 0.0265625 0.04375
3 0.203125 0.55 0.025 0.053125
11 0.8390625 0.0921875 0.0265625 0.0453125
3 0.85 0.5515625 0.0234375 0.0546875
11 0.7265625 0.109375 0.0265625 0.0453125
3 0.2765625 0.9125 0.0234375 0.0546875
3 0.259375 0.553125 0.025 0.0609375
3 0.49375 0.5578125 0.0234375 0.04375
3 0.4625 0.5625 0.025 0.0484375
3 0.3828125 0.559375 0.0234375 0.04375
11 0.68125 0.1 0.028125 0.0484375
8 0.9 0.803125 0.0265625 0.046875
11 0.575 0.8953125 0.0265625 0.046875
3 0.98984375 0.09921875 0.0203125 0.0515625
3 0.9 0.90625 0.0265625 0.059375
11 0.35625 0.4421875 0.0265625 0.0453125
3 0.478125 0.903125 0.025 0.0609375
12 0.971875 0.5453125 0.025 0.0390625
11 0.7578125 0.4515625 0.0296875 0.0484375
3 0.878125 0.5546875 0.021875 0.046875
11 0.80625 0.890625 0.025 0.04375
3 0.590625 0.553125 0.025 0.059375
3 0.29375 0.203125 0.021875 0.0453125
3 0.228125 0.5625 0.025 0.04375
11 0.25625 0.09375 0.025 0.0484375
11 0.878125 0.096875 0.025 0.0484375
11 0.7015625 0.446875 0.028125 0.05
3 0.6171875 0.559375 0.0234375 0.0421875
3 0.1875 0.103125 0.021875 0.05
3 0.9296875 0.90625 0.025 0.0640625
3 0.759375 0.9125 0.0234375 0.0484375
8 0.4484375 0.80625 0.028125 0.04375
11 0.925 0.0921875 0.0265625 0.0484375
3 0.353125 0.55625 0.0234375 0.053125
14 0.1234375 0.1 0.034375 0.0765625
11 0.3390625 0.1046875 0.028125 0.0453125
3 0.68125 0.2109375 0.01875 0.0421875
3 0.1734375 0.45625 0.025 0.046875
3 0.403125 0.2 0.0234375 0.05
3 0.534375 0.909375 0.0234375 0.0453125
11 0.1640625 0.9 0.0265625 0.05
3 0.6625 0.2046875 0.0203125 0.059375
11 0.2765625 0.809375 0.028125 0.046875
3 0.675 0.925 0.0265625 0.0484375
3 0.55 0.5484375 0.0234375 0.05625
11 0.678125 0.8 0.0265625 0.05
11 0.7296875 0.80625 0.028125 0.046875
12 0.9734375 0.446875 0.0296875 0.040625
11 0.4453125 0.10625 0.0265625 0.0453125
11 0.221875 0.803125 0.028125 0.05
3 0.5765625 0.10625 0.0265625 0.05
3 0.1484375 0.5515625 0.025 0.059375
3 0.490625 0.21875 0.0234375 0.04375
3 0.2 0.453125 0.0234375 0.0484375
3 0.246875 0.9046875 0.0234375 0.0578125
3 0.7265625 0.21875 0.021875 0.0421875
3 0.703125 0.56875 0.0234375 0.04375
11 0.490625 0.109375 0.0265625 0.0453125
3 0.9875 0.196875 0.025 0.053125
3 0.79375 0.109375 0.0203125 0.0515625
11 0.61875 0.9 0.028125 0.046875
3 0.4375 0.553125 0.025 0.065625
11 0.3921875 0.909375 0.0265625 0.04375
3 0.9015625 0.546875 0.025 0.05
12 0.184375 0.19375 0.0234375 0.0375
10 0.8078125 0.8 0.0359375 0.059375
3 0.8734375 0.8 0.028125 0.046875
3 0.446875 0.903125 0.0265625 0.059375
3 0.359375 0.203125 0.0203125 0.0578125
3 0.553125 0.203125 0.0234375 0.0796875
3 0.575 0.21875 0.021875 0.0421875
3 0.2484375 0.2125 0.021875 0.0453125
3 0.5484375 0.453125 0.0234375 0.0484375
7 0.8328125 0.45625 0.0328125 0.046875
3 0.51875 0.45 0.0265625 0.0515625
11 0.64375 0.0984375 0.0265625 0.0484375
3 0.31875 0.2 0.0203125 0.05
3 0.921875 0.2125 0.021875 0.04375
11 0.29375 0.096875 0.0265625 0.0484375
11 0.59375 0.446875 0.028125 0.0484375
3 0.70625 0.196875 0.0234375 0.0546875
3 0.3390625 0.2125 0.021875 0.04375
3 0.96875 0.1015625 0.025 0.053125
3 0.384375 0.203125 0.01875 0.0421875
11 0.228125 0.45 0.0265625 0.05
3 0.2828125 0.4515625 0.0265625 0.0515625
11 0.9328125 0.5421875 0.025 0.04375
3 0.40625 0.4515625 0.025 0.05
3 0.965625 0.203125 0.0203125 0.05
3 0.309375 0.45625 0.0234375 0.0453125
3 0.19375 0.8078125 0.028125 0.0515625
3 0.3828125 0.1015625 0.0265625 0.053125
3 0.640625 0.21875 0.0234375 0.04375
3 0.790625 0.2 0.0234375 0.053125
3 0.8328125 0.209375 0.025 0.0578125
3 0.878125 0.203125 0.0203125 0.0484375
3 0.825 0.5625 0.0234375 0.0421875
3 0.771875 0.203125 0.0203125 0.053125
11 0.84375 0.896875 0.028125 0.046875
3 0.4453125 0.215625 0.025 0.0546875
11 0.6484375 0.4453125 0.0296875 0.046875
3 0.303125 0.915625 0.0234375 0.0421875
3 0.896875 0.1984375 0.0234375 0.0515625
3 0.2734375 0.196875 0.021875 0.0578125
3 0.646875 0.803125 0.0265625 0.046875
3 0.940625 0.203125 0.0234375 0.0578125
3 0.403125 0.1046875 0.0234375 0.046875
11 0.346875 0.896875 0.028125 0.0484375
3 0.853125 0.2 0.025 0.0578125
10 0.575 0.803125 0.0359375 0.0484375
3 0.4375 0.4484375 0.025 0.0484375
3 0.421875 0.80625 0.0265625 0.046875
11 0.4625 0.4453125 0.025 0.046875
3 0.6 0.20625 0.021875 0.0671875
10 0.121875 0.80625 0.0359375 0.0484375
3 0.11875 0.5625 0.025 0.046875
3 0.465625 0.203125 0.025 0.065625
3 0.603125 0.1046875 0.0203125 0.05
3 0.7484375 0.203125 0.0203125 0.0609375
10 0.35 0.80625 0.0328125 0.0453125
3 0.509375 0.20625 0.0203125 0.0703125
3 0.534375 0.209375 0.0234375 0.0671875
3 0.99921875 0.09921875 0.0015625 0.0515625