14 0.15390625 0.034375 0.0359375 0.06875
0 0.109375 0.83125 0.0375 0.04375
0 0.15 0.1265625 0.0328125 0.046875
3 0.278125 0.146875 0.0234375 0.0453125
3 0.34375 0.13125 0.0234375 0.05
3 0.534375 0.846875 0.0234375 0.05
3 0.73125 0.8484375 0.0234375 0.053125
3 0.434375 0.13125 0.0234375 0.0515625
3 0.409375 0.034375 0.025 0.05
0 0.1078125 0.48125 0.0375 0.046875
11 0.3234375 0.028125 0.0265625 0.0484375
11 0.95 0.025 0.0265625 0.05
11 0.8640625 0.021875 0.025 0.04375
11 0.90625 0.0265625 0.025 0.046875
11 0.28125 0.0265625 0.0265625 0.0484375
11 0.15 0.3796875 0.028125 0.0484375
14 0.1078125 0.740625 0.0375 0.075
3 0.73125 0.13125 0.0234375 0.053125
3 0.5203125 0.49375 0.0203125 0.04375
3 0.784375 0.4890625 0.0234375 0.053125
3 0.8125 0.4828125 0.0234375 0.05
3 0.146875 0.496875 0.028125 0.05625
3 0.228125 0.484375 0.025 0.053125
3 0.21875 0.0328125 0.0234375 0.0515625
11 0.75625 0.04375 0.0265625 0.046875
3 0.853125 0.496875 0.0265625 0.046875
3 0.9046875 0.4890625 0.021875 0.04375
10 0.15 0.74375 0.034375 0.0515625
3 0.98671875 0.84609375 0.0265625 0.0609375
3 0.7578125 0.4875 0.025 0.0609375
14 0.10625 0.3890625 0.0359375 0.0765625
11 0.671875 0.3796875 0.028125 0.046875
11 0.5609375 0.04375 0.0265625 0.046875
3 0.7015625 0.4953125 0.0234375 0.04375
3 0.340625 0.4890625 0.0234375 0.05
3 0.3859375 0.134375 0.0234375 0.0578125
3 0.203125 0.490625 0.0234375 0.0453125
3 0.60625 0.0390625 0.025 0.0546875
3 0.4375 0.3828125 0.0265625 0.0484375
11 0.384375 0.378125 0.0265625 0.0453125
11 0.303125 0.740625 0.0296875 0.046875
11 0.66875 0.03125 0.0265625 0.0484375
3 0.3140625 0.3828125 0.025 0.0484375
3 0.409375 0.49375 0.021875 0.04375
3 0.55 0.4875 0.021875 0.0484375
11 0.365625 0.0375 0.0265625 0.0453125
11 0.471875 0.0375 0.025 0.0453125
11 0.7125 0.0328125 0.0265625 0.0484375
3 0.3828125 0.490625 0.025 0.0546875
3 0.340625 0.3875 0.0234375 0.0453125
3 0.2390625 0.034375 0.0234375 0.046875
11 0.6203125 0.38125 0.028125 0.0484375
3 0.6484375 0.49375 0.021875 0.0421875
3 0.759375 0.840625 0.025 0.0640625
11 0.784375 0.3859375 0.028125 0.0484375
11 0.759375 0.7375 0.028125 0.046875
3 0.6734375 0.4859375 0.0234375 0.0578125
3 0.690625 0.1359375 0.025 0.0609375
3 0.434375 0.0359375 0.0234375 0.046875
11 0.15 0.8265625 0.0265625 0.0453125
3 0.503125 0.8375 0.025 0.059375
3 0.315625 0.496875 0.0234375 0.0453125
3 0.203125 0.390625 0.0265625 0.046875
3 0.903125 0.1390625 0.0203125 0.04375
3 0.284375 0.4875 0.025 0.0609375
3 0.821875 0.04375 0.021875 0.0484375
3 0.559375 0.85 0.025 0.0515625
11 0.834375 0.828125 0.0265625 0.05
3 0.228125 0.3875 0.025 0.046875
3 0.625 0.0375 0.0265625 0.05
3 0.175 0.4875 0.025 0.0578125
3 0.4375 0.490625 0.0234375 0.05625
3 0.515625 0.15625 0.021875 0.0453125
3 0.4953125 0.140625 0.025 0.071875
3 0.575 0.4828125 0.0234375 0.053125
3 0.9296875 0.8375 0.0265625 0.0578125
3 0.559375 0.14375 0.021875 0.065625
8 0.478125 0.740625 0.0265625 0.046875
11 0.959375 0.475 0.025 0.04375
3 0.796875 0.0421875 0.025 0.053125
3 0.4734375 0.8375 0.0265625 0.059375
11 0.6046875 0.83125 0.025 0.0453125
3 0.49375 0.496875 0.025 0.0484375
3 0.61875 0.4875 0.025 0.0578125
3 0.58125 0.140625 0.0234375 0.0703125
11 0.65 0.834375 0.0265625 0.046875
3 0.259375 0.5 0.025 0.04375
10 0.83125 0.734375 0.03125 0.059375
3 0.9 0.734375 0.028125 0.05
3 0.5484375 0.384375 0.0265625 0.0515625
3 0.246875 0.8421875 0.025 0.05
3 0.95 0.15 0.021875 0.04375
3 0.278125 0.8375 0.025 0.0578125
3 0.3 0.1328125 0.0234375 0.0546875
3 0.95625 0.8375 0.0234375 0.059375
3 0.88125 0.4859375 0.025 0.05625
11 0.7 0.734375 0.0265625 0.046875
3 0.575 0.3859375 0.0234375 0.0484375
11 0.515625 0.04375 0.0265625 0.0453125
3 0.7875 0.846875 0.0234375 0.0453125
3 0.928125 0.1296875 0.0234375 0.0515625
3 0.4640625 0.4859375 0.0234375 0.0609375
3 0.9328125 0.484375 0.0234375 0.046875
3 0.796875 0.134375 0.0203125 0.0515625
3 0.36875 0.15 0.0203125 0.04375
3 0.60625 0.1546875 0.021875 0.0453125
3 0.884375 0.134375 0.021875 0.0578125
7 0.85625 0.390625 0.034375 0.046875
11 0.875 0.834375 0.028125 0.05
3 0.303125 0.84375 0.025 0.0515625
3 0.3234375 0.134375 0.0203125 0.0453125
11 0.25 0.734375 0.028125 0.05
3 0.75625 0.153125 0.0203125 0.04375
3 0.7125 0.1421875 0.0234375 0.0484375
3 0.446875 0.7375 0.0265625 0.0484375
3 0.625 0.134375 0.025 0.0578125
3 0.409375 0.134375 0.01875 0.046875
3 0.728125 0.503125 0.025 0.04375
3 0.540625 0.1421875 0.021875 0.0703125
11 0.190625 0.8328125 0.0265625 0.0484375
3 0.703125 0.853125 0.0234375 0.046875
11 0.728125 0.38125 0.028125 0.05
10 0.609375 0.7375 0.0328125 0.059375
3 0.675 0.7375 0.0265625 0.05
8 0.93125 0.7328125 0.025 0.0484375
3 0.7765625 0.1375 0.0203125 0.059375
3 0.821875 0.13125 0.0234375 0.0515625
3 0.2203125 0.7421875 0.028125 0.0515625
11 0.421875 0.846875 0.0265625 0.0484375
3 0.465625 0.38125 0.0234375 0.0484375
10 0.3765625 0.740625 0.034375 0.05
3 0.471875 0.146875 0.0234375 0.053125
12 0.215625 0.1296875 0.025 0.0375
11 0.49375 0.38125 0.025 0.046875
11 0.259375 0.3828125 0.025 0.0484375
3 0.9734375 0.134375 0.021875 0.0578125
3 0.334375 0.85 0.0234375 0.0453125
11 0.3765625 0.8328125 0.0265625 0.05
3 0.859375 0.146875 0.0234375 0.0421875
3 0.66875 0.153125 0.0234375 0.04375
3 0.99921875 0.84609375 0.0015625 0.0609375