0 0.0171875 0.39375 0.034375 0.0484375
14 0.015625 0.65625 0.03125 0.0796875
0 0.015625 0.7484375 0.03125 0.04375
3 0.221875 0.4125 0.0234375 0.04375
3 0.1375 0.4 0.025 0.0515625
0 0.059375 0.04375 0.0359375 0.0453125
3 0.69375 0.40625 0.0234375 0.053125
3 0.6640625 0.40625 0.025 0.0625
3 0.45625 0.403125 0.0234375 0.0515625
3 0.08125 0.4015625 0.025 0.059375
14 0.015625 0.3 0.03125 0.08125
3 0.71875 0.4 0.025 0.0546875
3 0.440625 0.7640625 0.025 0.0515625
12 0.903125 0.3 0.0265625 0.0421875
3 0.125 0.659375 0.028125 0.0515625
3 0.246875 0.4078125 0.025 0.0484375
3 0.609375 0.4125 0.021875 0.0421875
3 0.6375 0.765625 0.0234375 0.0515625
3 0.190625 0.403125 0.025 0.0625
3 0.2125 0.7625 0.025 0.0546875
3 0.89375 0.7625 0.025 0.0578125
3 0.6671875 0.75625 0.025 0.0625
3 0.2203125 0.3015625 0.025 0.05
3 0.184375 0.75625 0.0234375 0.059375
3 0.4 0.4109375 0.025 0.046875
3 0.1125 0.4078125 0.0234375 0.046875
3 0.3453125 0.4046875 0.021875 0.053125
3 0.5796875 0.4015625 0.025 0.059375
3 0.484375 0.396875 0.0234375 0.05625
11 0.2125 0.659375 0.028125 0.0453125
3 0.8671875 0.75625 0.0234375 0.0625
11 0.05625 0.2953125 0.028125 0.0484375
3 0.384375 0.753125 0.0265625 0.0578125
11 0.05625 0.74375 0.0265625 0.0453125
11 0.5125 0.74375 0.0265625 0.04375
3 0.43125 0.4109375 0.0234375 0.0421875
3 0.31875 0.053125 0.021875 0.046875
3 0.834375 0.0484375 0.0234375 0.053125
8 0.8375 0.6515625 0.0265625 0.046875
3 0.165625 0.415625 0.0234375 0.04375
3 0.8140625 0.40625 0.021875 0.046875
3 0.8390625 0.75625 0.025 0.05625
3 0.61875 0.059375 0.0203125 0.0421875
3 0.275 0.0625 0.021875 0.04375
11 0.2921875 0.290625 0.0265625 0.0453125
3 0.153125 0.7609375 0.025 0.053125
3 0.246875 0.3078125 0.0234375 0.04375
3 0.553125 0.4125 0.0234375 0.0421875
3 0.31875 0.4125 0.0234375 0.0453125
11 0.665625 0.65625 0.028125 0.046875
3 0.7625 0.4125 0.0234375 0.04375
8 0.384375 0.6546875 0.025 0.04375
3 0.64375 0.05 0.0234375 0.053125
11 0.1578125 0.653125 0.028125 0.05
11 0.1 0.7484375 0.028125 0.0484375
3 0.815625 0.053125 0.021875 0.0484375
3 0.109375 0.3046875 0.0265625 0.046875
3 0.2890625 0.4046875 0.0234375 0.05625
3 0.528125 0.403125 0.025 0.059375
3 0.2296875 0.053125 0.021875 0.0484375
3 0.4109375 0.75625 0.025 0.0625
11 0.7375 0.7421875 0.0265625 0.0453125
3 0.6359375 0.4171875 0.0234375 0.0421875
3 0.7875 0.4015625 0.025 0.0578125
3 0.7078125 0.053125 0.0203125 0.05625
3 0.790625 0.0484375 0.021875 0.0578125
3 0.728125 0.05 0.025 0.05625
11 0.53125 0.2984375 0.028125 0.0484375
3 0.1359375 0.3015625 0.0234375 0.046875
11 0.578125 0.296875 0.028125 0.0546875
11 0.165625 0.2984375 0.025 0.0484375
12 0.9046875 0.39375 0.025 0.040625
11 0.690625 0.3046875 0.03125 0.05
11 0.78125 0.746875 0.028125 0.0484375
12 0.121875 0.0421875 0.0265625 0.0390625
7 0.765625 0.309375 0.034375 0.0484375
3 0.6109375 0.771875 0.025 0.0453125
3 0.5984375 0.053125 0.0234375 0.0640625
3 0.340625 0.046875 0.0234375 0.0515625
3 0.4546875 0.303125 0.0265625 0.0484375
3 0.46875 0.7671875 0.021875 0.053125
3 0.8390625 0.396875 0.0234375 0.05
3 0.484375 0.3 0.0234375 0.0484375
11 0.86875 0.390625 0.025 0.0453125
3 0.696875 0.7625 0.0234375 0.04375
3 0.34375 0.3015625 0.025 0.046875
3 0.8796875 0.046875 0.025 0.0578125
11 0.634375 0.296875 0.0296875 0.05
10 0.05625 0.659375 0.0375 0.05
3 0.921875 0.7703125 0.025 0.0515625
3 0.184375 0.0625 0.0234375 0.04375
11 0.5546875 0.746875 0.0296875 0.0484375
3 0.375 0.4 0.025 0.065625
3 0.684375 0.046875 0.0234375 0.059375
3 0.6640625 0.065625 0.021875 0.046875
11 0.328125 0.7625 0.0265625 0.0421875
10 0.74375 0.6546875 0.0390625 0.0546875
3 0.809375 0.65 0.028125 0.046875
3 0.05 0.415625 0.025 0.0484375
3 0.5125 0.06875 0.0234375 0.0453125
3 0.9 0.053125 0.0203125 0.05
3 0.375 0.059375 0.025 0.0546875
3 0.85625 0.0625 0.021875 0.04375
3 0.534375 0.05 0.025 0.0640625
3 0.4265625 0.06875 0.0234375 0.0421875
3 0.403125 0.05 0.025 0.0625
3 0.5734375 0.065625 0.0234375 0.0453125
3 0.9234375 0.05 0.0234375 0.053125
10 0.5125 0.653125 0.0328125 0.0546875
3 0.5796875 0.65625 0.028125 0.05
3 0.76875 0.0625 0.025 0.04375
3 0.240625 0.76875 0.025 0.046875
11 0.6125 0.6484375 0.028125 0.0484375
3 0.209375 0.053125 0.021875 0.05625
3 0.2953125 0.053125 0.0203125 0.05625
3 0.253125 0.0484375 0.0234375 0.053125
10 0.2875 0.653125 0.0296875 0.0515625
3 0.3546875 0.65625 0.0265625 0.046875
3 0.375 0.3 0.0234375 0.0484375
11 0.4 0.29375 0.025 0.0484375
3 0.490625 0.05 0.0234375 0.0609375
11 0.284375 0.746875 0.025 0.046875
3 0.465625 0.0578125 0.0234375 0.065625