11 0.375 0.1390625 0.0421875 0.0625
11 0.459375 0.15 0.0453125 0.06875
11 0.7546875 0.140625 0.05 0.078125
11 0.8421875 0.153125 0.04375 0.0765625
11 0.3734375 0.275 0.04375 0.065625
11 0.4546875 0.2875 0.04375 0.075
11 0.540625 0.2890625 0.0453125 0.059375
11 0.628125 0.28125 0.0421875 0.0703125
11 0.7546875 0.271875 0.05 0.075
11 0.8375 0.2828125 0.0390625 0.075
11 0.93125 0.29375 0.040625 0.0671875
11 0.2546875 0.50625 0.04375 0.0640625
11 0.346875 0.515625 0.0421875 0.0796875
11 0.44375 0.5171875 0.0453125 0.075
11 0.540625 0.5171875 0.05 0.065625
11 0.66875 0.509375 0.046875 0.0609375
11 0.76875 0.51875 0.0484375 0.065625
11 0.8703125 0.5203125 0.046875 0.0609375
11 0.96875 0.525 0.046875 0.065625
11 0.2515625 0.6375 0.0453125 0.0671875
11 0.346875 0.65 0.046875 0.0703125
11 0.440625 0.659375 0.0484375 0.071875
11 0.540625 0.646875 0.0515625 0.0671875
11 0.66875 0.640625 0.0484375 0.0578125
11 0.7640625 0.6484375 0.0515625 0.0734375
11 0.865625 0.6609375 0.0453125 0.0640625
11 0.96875 0.646875 0.046875 0.0796875
11 0.253125 0.8875 0.04375 0.0625
11 0.34375 0.8875 0.0484375 0.059375
11 0.4390625 0.8875 0.0453125 0.0640625
11 0.534375 0.884375 0.0453125 0.071875
11 0.659375 0.884375 0.04375 0.075
11 0.753125 0.88125 0.0515625 0.065625
8 0.853125 0.8765625 0.0515625 0.065625
8 0.546875 0.153125 0.0515625 0.059375
8 0.93125 0.15625 0.040625 0.0671875
14 0.259375 0.146875 0.0546875 0.0984375
14 0.1734375 0.515625 0.0625 0.103125
14 0.175 0.878125 0.065625 0.0984375
0 0.259375 0.2765625 0.059375 0.059375
0 0.175 0.640625 0.0671875 0.059375