11 0.2484375 0.0875 0.0515625 0.065625
11 0.34375 0.09375 0.053125 0.0671875
11 0.4390625 0.096875 0.04375 0.0625
11 0.534375 0.0984375 0.04375 0.0640625
11 0.6671875 0.0921875 0.0515625 0.0671875
11 0.765625 0.1 0.0578125 0.065625
11 0.8625 0.1015625 0.05 0.059375
11 0.9625 0.1015625 0.0484375 0.0609375
11 0.25 0.21875 0.05 0.0671875
11 0.340625 0.23125 0.046875 0.0703125
11 0.43125 0.240625 0.04375 0.0625
11 0.525 0.228125 0.0484375 0.0609375
11 0.6640625 0.228125 0.04375 0.065625
11 0.759375 0.228125 0.046875 0.065625
11 0.859375 0.24375 0.0390625 0.0546875
11 0.953125 0.225 0.04375 0.0640625
11 0.2484375 0.465625 0.040625 0.065625
11 0.3390625 0.46875 0.046875 0.065625
11 0.434375 0.465625 0.0515625 0.0734375
11 0.5328125 0.465625 0.0453125 0.071875
11 0.65 0.465625 0.04375 0.0671875
11 0.746875 0.4625 0.04375 0.059375
8 0.840625 0.45625 0.05625 0.0734375
11 0.246875 0.58125 0.0375 0.0671875
11 0.334375 0.58125 0.04375 0.0609375
11 0.43125 0.6 0.0375 0.059375
11 0.5234375 0.58125 0.04375 0.071875
11 0.6515625 0.578125 0.0515625 0.065625
11 0.7421875 0.584375 0.04375 0.0671875
11 0.8390625 0.596875 0.0390625 0.0609375
11 0.93125 0.578125 0.040625 0.0640625
11 0.2453125 0.809375 0.0421875 0.0625
11 0.3390625 0.81875 0.05 0.065625
11 0.43125 0.815625 0.0390625 0.0703125
11 0.5296875 0.8125 0.0453125 0.0703125
11 0.6578125 0.809375 0.0515625 0.0734375
11 0.7578125 0.821875 0.05 0.075
11 0.853125 0.825 0.046875 0.065625
11 0.953125 0.821875 0.05 0.06875
11 0.25 0.9375 0.0484375 0.0703125
11 0.33125 0.95 0.0390625 0.071875
11 0.43125 0.959375 0.04375 0.065625
11 0.5203125 0.946875 0.0421875 0.0640625
11 0.65625 0.9453125 0.0484375 0.0671875
11 0.753125 0.95 0.0515625 0.071875
11 0.85 0.9625 0.04375 0.0625
11 0.946875 0.9484375 0.0546875 0.0640625
14 0.1671875 0.09375 0.059375 0.096875
14 0.16875 0.459375 0.0609375 0.0984375
14 0.16875 0.8125 0.059375 0.0984375
0 0.16875 0.2234375 0.0703125 0.071875
0 0.16875 0.58125 0.0671875 0.0671875
0 0.16875 0.94375 0.0640625 0.0640625