0 0.059375 0.1890625 0.0625 0.0578125
14 0.05625 0.059375 0.0625 0.1
11 0.171875 0.0515625 0.046875 0.0640625
11 0.25625 0.059375 0.046875 0.059375
11 0.55 0.053125 0.0453125 0.065625
11 0.640625 0.0671875 0.046875 0.0671875
11 0.9375 0.0734375 0.05 0.0640625
11 0.171875 0.184375 0.04375 0.053125
11 0.2546875 0.19375 0.046875 0.06875
11 0.340625 0.2 0.04375 0.0609375
11 0.4265625 0.190625 0.046875 0.065625
11 0.55 0.1875 0.040625 0.0671875
11 0.6375 0.190625 0.040625 0.071875
11 0.725 0.20625 0.0484375 0.0578125
11 0.815625 0.19375 0.0421875 0.0640625
11 0.9375 0.1828125 0.04375 0.059375
11 0.05 0.4125 0.0390625 0.065625
11 0.14375 0.428125 0.040625 0.0609375
11 0.24375 0.428125 0.04375 0.075
11 0.3375 0.4234375 0.0484375 0.0625
11 0.4671875 0.4203125 0.040625 0.059375
11 0.56875 0.428125 0.04375 0.0828125
11 0.6671875 0.428125 0.05 0.0734375
11 0.765625 0.428125 0.046875 0.0703125
11 0.896875 0.4375 0.05 0.0625
11 0.0515625 0.5484375 0.046875 0.0625
11 0.140625 0.55625 0.0421875 0.0671875
11 0.2375 0.5703125 0.040625 0.0703125
11 0.33125 0.55625 0.0453125 0.0703125
11 0.46875 0.5515625 0.04375 0.0703125
11 0.5625 0.55625 0.0421875 0.0609375
11 0.665625 0.5734375 0.0421875 0.0515625
11 0.7625 0.55625 0.0515625 0.065625
11 0.8953125 0.546875 0.04375 0.0609375
11 0.05 0.7984375 0.0421875 0.071875
11 0.14375 0.7921875 0.0390625 0.0734375
11 0.2375 0.796875 0.04375 0.0609375
11 0.33125 0.7984375 0.0453125 0.0625
11 0.453125 0.796875 0.046875 0.065625
11 0.55 0.790625 0.05 0.071875
11 0.8640625 0.7921875 0.046875 0.0640625
11 0.9546875 0.790625 0.04375 0.0640625
11 0.05 0.909375 0.0484375 0.0640625
11 0.1375 0.909375 0.0421875 0.0703125
11 0.2375 0.928125 0.0390625 0.059375
11 0.328125 0.909375 0.0421875 0.065625
11 0.453125 0.909375 0.04375 0.0640625
11 0.546875 0.9125 0.046875 0.06875
11 0.64375 0.928125 0.0359375 0.059375
11 0.7421875 0.9078125 0.04375 0.06875
11 0.8625 0.903125 0.0421875 0.059375
11 0.95 0.9125 0.0453125 0.071875
8 0.646875 0.784375 0.0421875 0.075
8 0.73125 0.065625 0.040625 0.0671875
8 0.340625 0.059375 0.04375 0.06875