11 0.925 0.225 0.046875 0.0703125
11 0.709375 0.9375 0.0484375 0.0671875
11 0.525 0.9421875 0.046875 0.0671875
11 0.709375 0.4125 0.0453125 0.06875
11 0.8328125 0.221875 0.0453125 0.0671875
11 0.03125 0.2359375 0.0453125 0.0671875
11 0.215625 0.234375 0.0453125 0.0671875
11 0.359375 0.0359375 0.0453125 0.0671875
12 0.303125 0.925 0.0421875 0.0578125
11 0.615625 0.21875 0.046875 0.0703125
11 0.615625 0.9421875 0.046875 0.065625
8 0.4328125 0.403125 0.040625 0.0625
11 0.4359375 0.94375 0.0453125 0.0671875
11 0.70625 0.225 0.0484375 0.06875
8 0.43125 0.221875 0.0453125 0.0671875
11 0.0984375 0.040625 0.046875 0.0671875
12 0.478125 0.025 0.040625 0.05
11 0.6171875 0.4046875 0.0453125 0.06875
12 0.9234375 0.93125 0.0421875 0.059375
11 0.296875 0.684375 0.046875 0.065625
11 0.0234375 0.6796875 0.04375 0.065625
12 0.303125 0.415625 0.04375 0.059375
11 0.20625 0.671875 0.046875 0.065625
12 0.1203125 0.21875 0.0421875 0.059375
11 0.834375 0.93125 0.0484375 0.0671875
11 0.1140625 0.690625 0.0453125 0.06875
8 0.565625 0.025 0.04375 0.0484375
11 0.8578125 0.040625 0.0453125 0.0671875
11 0.421875 0.6703125 0.0453125 0.065625
7 0.040625 0.4078125 0.05625 0.065625
11 0.3046875 0.225 0.0484375 0.0703125
11 0.275 0.03125 0.046875 0.0625
7 0.5125 0.6671875 0.05625 0.0671875
5 0.8125 0.6875 0.05 0.0265625
7 0.8375 0.4328125 0.059375 0.0734375
7 0.040625 0.928125 0.0546875 0.0671875