8 0.14375 0.040625 0.0390625 0.071875
8 0.15 0.2265625 0.0453125 0.0671875
11 0.325 0.0375 0.0515625 0.0671875
11 0.415625 0.040625 0.0453125 0.065625
11 0.54375 0.040625 0.046875 0.065625
11 0.634375 0.04375 0.0546875 0.0625
11 0.728125 0.05625 0.0421875 0.0625
11 0.825 0.03125 0.0453125 0.0625
11 0.334375 0.221875 0.053125 0.0734375
11 0.4234375 0.23125 0.05625 0.06875
11 0.13125 0.4875 0.0484375 0.0625
11 0.146875 0.7625 0.04375 0.071875
11 0.2390625 0.7625 0.0421875 0.0640625
11 0.33125 0.7640625 0.046875 0.065625
11 0.4234375 0.753125 0.04375 0.0796875
11 0.54375 0.7515625 0.0453125 0.0828125
11 0.73125 0.7609375 0.0453125 0.0640625
11 0.8125 0.75 0.05 0.0734375
11 0.140625 0.95625 0.0484375 0.071875
11 0.2359375 0.9546875 0.04375 0.06875
11 0.3328125 0.95625 0.053125 0.059375
11 0.41875 0.953125 0.0453125 0.065625
11 0.5484375 0.94375 0.04375 0.08125
11 0.728125 0.95625 0.0515625 0.06875
11 0.81875 0.94375 0.0578125 0.0671875
12 0.6375 0.7484375 0.0359375 0.0625
12 0.6359375 0.9453125 0.0359375 0.059375
12 0.821875 0.2375 0.059375 0.0671875
7 0.55 0.246875 0.05625 0.0734375
7 0.228125 0.484375 0.0625 0.0609375
5 0.525 0.503125 0.0515625 0.0359375
12 0.021875 0.9484375 0.0421875 0.05625
12 0.015625 0.75 0.03125 0.0640625
12 0.021875 0.23125 0.0421875 0.065625
11 0.01875 0.04296875 0.0375 0.0671875