7 0.4828125 0.31875 0.0546875 0.06875
7 0.1734375 0.8375 0.0546875 0.075
7 0.478125 0.8328125 0.0625 0.078125
7 0.95625 0.584375 0.059375 0.059375
8 0.875 0.1359375 0.0421875 0.075
8 0.878125 0.3203125 0.0421875 0.0609375
8 0.1625 0.5828125 0.046875 0.0703125
11 0.1703125 0.128125 0.04375 0.0609375
11 0.259375 0.125 0.046875 0.0640625
11 0.3515625 0.121875 0.04375 0.059375
11 0.471875 0.153125 0.04375 0.059375
11 0.653125 0.153125 0.0453125 0.0640625
11 0.746875 0.134375 0.04375 0.0796875
11 0.16875 0.325 0.0421875 0.075
11 0.259375 0.321875 0.046875 0.0671875
11 0.353125 0.3359375 0.040625 0.0703125
11 0.340625 0.5828125 0.0421875 0.0703125
11 0.075 0.5875 0.04375 0.0703125
11 0.465625 0.596875 0.040625 0.0671875
11 0.5515625 0.609375 0.0421875 0.0640625
11 0.646875 0.58125 0.0484375 0.0671875
11 0.740625 0.596875 0.046875 0.0640625
11 0.8625 0.584375 0.0390625 0.05625
11 0.078125 0.840625 0.04375 0.0625
11 0.8765625 0.859375 0.0453125 0.0609375
11 0.96875 0.85625 0.0359375 0.0703125
12 0.746875 0.8453125 0.0375 0.0515625
12 0.746875 0.328125 0.040625 0.059375
12 0.565625 0.13125 0.0390625 0.05625
12 0.0703125 0.1359375 0.0296875 0.053125
12 0.0734375 0.33125 0.0359375 0.0546875