8 0.7859375 0.0328125 0.0484375 0.065625
11 0.74375 0.9546875 0.046875 0.0671875
11 0.9265625 0.240625 0.046875 0.06875
8 0.653125 0.4203125 0.0421875 0.0640625
11 0.40625 0.03125 0.0453125 0.0625
11 0.834375 0.23125 0.046875 0.06875
11 0.8359375 0.41875 0.046875 0.06875
11 0.428125 0.6859375 0.046875 0.065625
11 0.5234375 0.240625 0.046875 0.0703125
11 0.515625 0.696875 0.0453125 0.065625
11 0.334375 0.7046875 0.0453125 0.065625
11 0.034375 0.425 0.04375 0.0671875
11 0.928125 0.425 0.0453125 0.06875
11 0.128125 0.434375 0.04375 0.06875
11 0.11875 0.684375 0.0453125 0.0640625
11 0.578125 0.046875 0.0453125 0.0703125
11 0.653125 0.95625 0.04375 0.06875
11 0.128125 0.221875 0.04375 0.06875
11 0.0375 0.225 0.04375 0.0703125
11 0.928125 0.95 0.046875 0.06875
11 0.8359375 0.95625 0.0484375 0.0671875
11 0.24375 0.6953125 0.04375 0.0671875
11 0.0234375 0.03125 0.0453125 0.0625
8 0.65 0.23125 0.04375 0.0671875
7 0.2546875 0.940625 0.0578125 0.06875
11 0.6375 0.684375 0.046875 0.0671875
11 0.434375 0.246875 0.046875 0.0671875
11 0.3140625 0.0515625 0.0453125 0.0671875
7 0.259375 0.41875 0.05625 0.065625
12 0.525 0.4265625 0.0421875 0.0609375
11 0.2515625 0.25 0.04375 0.065625
12 0.51875 0.940625 0.0421875 0.059375
12 0.696875 0.034375 0.0390625 0.0546875
11 0.49375 0.040625 0.04375 0.0703125
12 0.340625 0.228125 0.0421875 0.0578125
11 0.1125 0.034375 0.0484375 0.0640625
11 0.1953125 0.028125 0.04375 0.05625
7 0.73125 0.68125 0.0546875 0.065625
11 0.9609375 0.028125 0.046875 0.05625