11 0.0609375 0.1375 0.0484375 0.0578125
11 0.1515625 0.146875 0.05 0.059375
11 0.234375 0.153125 0.0359375 0.0703125
11 0.6203125 0.128125 0.0515625 0.0734375
11 0.7359375 0.159375 0.04375 0.065625
11 0.821875 0.1328125 0.04375 0.0640625
11 0.90625 0.15 0.0359375 0.06875
11 0.0875 0.35625 0.0484375 0.0703125
11 0.1828125 0.3421875 0.0421875 0.0703125
11 0.49375 0.340625 0.04375 0.0609375
11 0.58125 0.346875 0.0421875 0.075
11 0.7109375 0.3421875 0.0421875 0.065625
11 0.796875 0.346875 0.0421875 0.0640625
11 0.884375 0.3546875 0.0453125 0.0703125
11 0.9796875 0.3296875 0.040625 0.0625
11 0.4953125 0.525 0.0421875 0.065625
11 0.5875 0.5296875 0.0421875 0.0578125
11 0.08125 0.79375 0.0359375 0.0703125
11 0.1734375 0.8 0.0375 0.0625
11 0.2953125 0.7875 0.0453125 0.065625
12 0.35625 0.1421875 0.0390625 0.059375
12 0.18125 0.53125 0.0328125 0.0578125
12 0.978125 0.534375 0.03125 0.05
8 0.44375 0.140625 0.040625 0.06875
8 0.30625 0.340625 0.0390625 0.0703125
8 0.309375 0.525 0.0390625 0.059375
7 0.7171875 0.546875 0.059375 0.078125
7 0.390625 0.7875 0.0546875 0.0578125
5 0.690625 0.80625 0.04375 0.0265625