11 0.6125 0.7640625 0.0453125 0.0671875
11 0.8265625 0.5796875 0.046875 0.0703125
11 0.609375 0.5796875 0.046875 0.0703125
8 0.334375 0.575 0.04375 0.0671875
11 0.2109375 0.5796875 0.046875 0.0703125
11 0.734375 0.575 0.0453125 0.06875
11 0.1765625 0.38125 0.0453125 0.0703125
11 0.0875 0.371875 0.0484375 0.0703125
11 0.9359375 0.3828125 0.046875 0.06875
8 0.3375 0.7609375 0.04375 0.065625
11 0.1171875 0.590625 0.0453125 0.0671875
11 0.5203125 0.759375 0.0453125 0.0671875
11 0.51875 0.571875 0.046875 0.0671875
11 0.915625 0.590625 0.0453125 0.0671875
8 0.46875 0.371875 0.046875 0.0703125
11 0.265625 0.3875 0.046875 0.06875
11 0.85 0.371875 0.0484375 0.0703125
11 0.646875 0.3671875 0.046875 0.06875
11 0.7640625 0.390625 0.04375 0.0671875
12 0.209375 0.7671875 0.040625 0.059375
12 0.38125 0.375 0.0421875 0.0546875
12 0.021875 0.56875 0.040625 0.0546875
7 0.7390625 0.784375 0.059375 0.065625