11 0.0421875 0.29375 0.0390625 0.06875
11 0.125 0.29375 0.0359375 0.0640625
11 0.2125 0.284375 0.04375 0.0703125
11 0.3328125 0.3203125 0.0390625 0.0671875
11 0.421875 0.29375 0.0390625 0.06875
11 0.503125 0.30625 0.04375 0.0703125
11 0.596875 0.3140625 0.0453125 0.065625
11 0.978125 0.2890625 0.04375 0.0609375
11 0.053125 0.4953125 0.04375 0.0609375
11 0.1421875 0.4859375 0.040625 0.071875
11 0.265625 0.515625 0.0421875 0.075
11 0.45 0.5140625 0.0375 0.065625
11 0.5390625 0.5 0.0390625 0.0625
11 0.85 0.496875 0.053125 0.06875
11 0.9375 0.5 0.05 0.0640625
11 0.053125 0.6875 0.0484375 0.0671875
11 0.1421875 0.7 0.0375 0.059375
11 0.8546875 0.68125 0.053125 0.0640625
11 0.940625 0.6875 0.0421875 0.0640625
11 0.13125 0.95 0.040625 0.05625
11 0.253125 0.95625 0.0359375 0.06875
11 0.440625 0.9484375 0.04375 0.0640625
11 0.5328125 0.95625 0.040625 0.075
11 0.65625 0.946875 0.0359375 0.065625
12 0.7125 0.296875 0.034375 0.0578125
12 0.353125 0.49375 0.0453125 0.059375
12 0.5375 0.690625 0.028125 0.0625
9 0.803125 0.290625 0.0453125 0.065625
9 0.665625 0.5015625 0.04375 0.0765625
9 0.671875 0.684375 0.04375 0.0609375
9 0.271875 0.684375 0.0546875 0.06875
9 0.75 0.9453125 0.0484375 0.0609375
11 0.346875 0.9703125 0.04375 0.059375