11 0.05625 0.046875 0.040625 0.0671875
11 0.05 0.2953125 0.0359375 0.0625
11 0.171875 0.303125 0.0359375 0.0859375
11 0.2625 0.315625 0.0359375 0.0625
11 0.3578125 0.2921875 0.04375 0.0609375
11 0.45 0.30625 0.0375 0.0609375
11 0.571875 0.2953125 0.04375 0.0625
11 0.76875 0.03125 0.0390625 0.059375
11 0.859375 0.034375 0.046875 0.0625
11 0.5875 0.56875 0.04375 0.0640625
11 0.675 0.56875 0.0484375 0.0640625
11 0.7671875 0.565625 0.0484375 0.065625
11 0.859375 0.559375 0.0375 0.0625
11 0.05 0.76875 0.0578125 0.0734375
11 0.5796875 0.765625 0.0546875 0.0640625
11 0.671875 0.7625 0.0390625 0.0765625
11 0.76875 0.7625 0.0484375 0.0734375
11 0.85625 0.75625 0.040625 0.075
11 0.98125 0.75 0.0359375 0.0859375
7 0.184375 0.75625 0.05 0.065625
7 0.1875 0.55 0.05 0.06875
7 0.66875 0.29375 0.053125 0.059375
7 0.190625 0.03125 0.053125 0.0625
12 0.45 0.040625 0.0421875 0.0625
12 0.45 0.5578125 0.03125 0.059375
12 0.45625 0.75 0.0375 0.0625
8 0.5828125 0.0296875 0.0359375 0.059375
8 0.98046875 0.0578125 0.0390625 0.065625
5 0.121875 0.9578125 0.0359375 0.0296875
5 0.965625 0.309375 0.0390625 0.0234375
9 0.78125 0.946875 0.05625 0.0640625
11 0.7 0.946875 0.040625 0.065625
14 0.596875 0.9546875 0.0546875 0.090625
2 0.646875 0.93125 0.028125 0.04375
8 0.99921875 0.0578125 0.0015625 0.065625