11 0.2734375 0.103125 0.04375 0.059375
11 0.3984375 0.115625 0.04375 0.0671875
11 0.4859375 0.121875 0.0546875 0.0640625
11 0.578125 0.103125 0.0421875 0.0671875
11 0.66875 0.1125 0.05 0.0625
11 0.79375 0.103125 0.04375 0.059375
11 0.809375 0.378125 0.040625 0.0609375
11 0.9 0.378125 0.0453125 0.0640625
11 0.190625 0.5671875 0.0453125 0.0609375
11 0.278125 0.58125 0.0390625 0.065625
11 0.80625 0.575 0.040625 0.065625
11 0.896875 0.575 0.040625 0.065625
11 0.159375 0.778125 0.0515625 0.0640625
11 0.2359375 0.75 0.0484375 0.065625
2 0.871875 0.7375 0.04375 0.0515625
11 0.9234375 0.753125 0.04375 0.05625
8 0.096875 0.1 0.04375 0.0640625
8 0.8875 0.103125 0.05 0.065625
8 0.10625 0.3625 0.0515625 0.0609375
8 0.409375 0.35625 0.0515625 0.065625
12 0.675 0.3625 0.0625 0.059375
12 0.6765625 0.559375 0.04375 0.065625
12 0.409375 0.5640625 0.06875 0.071875
5 0.34375 0.7640625 0.04375 0.03125
14 0.815625 0.7625 0.0640625 0.0984375