3 0.23125 0.6625 0.025 0.0515625
3 0.3875 0.2328125 0.0234375 0.05625
11 0.28125 0.665625 0.025 0.0421875
3 0.2796875 0.215625 0.0328125 0.0453125
11 0.2234375 0.21875 0.025 0.0453125
3 0.1953125 0.6625 0.0234375 0.0453125
3 0.7953125 0.66875 0.0234375 0.05
3 0.175 0.45625 0.0234375 0.0484375
11 0.5375 0.4484375 0.0265625 0.046875
3 0.73125 0.215625 0.0234375 0.046875
3 0.2125 0.865625 0.0234375 0.0421875
3 0.83125 0.665625 0.025 0.05625
11 0.053125 0.4375 0.025 0.0453125
11 0.659375 0.659375 0.025 0.0484375
8 0.05 0.53125 0.025 0.04375
11 0.5578125 0.2140625 0.0234375 0.04375
3 0.190625 0.0234375 0.025 0.046875
11 0.1015625 0.4375 0.0265625 0.0453125
3 0.1625 0.6625 0.025 0.0484375
8 0.628125 0.8671875 0.025 0.0453125
3 0.15 0.8640625 0.021875 0.04375
3 0.8875 0.2265625 0.0265625 0.05
3 0.7265625 0.6625 0.025 0.05625
11 0.896875 0.8734375 0.0265625 0.046875
3 0.1265625 0.6609375 0.0265625 0.0484375
3 0.578125 0.45625 0.0234375 0.0484375
3 0.690625 0.44375 0.025 0.0515625
3 0.4578125 0.434375 0.025 0.0484375
8 0.775 0.215625 0.0265625 0.0453125
3 0.3546875 0.2390625 0.0234375 0.0484375
3 0.91875 0.21875 0.025 0.046875
11 0.846875 0.8765625 0.028125 0.046875
3 0.71875 0.446875 0.025 0.0484375
11 0.4984375 0.6515625 0.025 0.0484375
11 0.60625 0.653125 0.0265625 0.0453125
3 0.65 0.2140625 0.0234375 0.0453125
11 0.38125 0.878125 0.025 0.046875
3 0.7046875 0.215625 0.0203125 0.04375
3 0.221875 0.025 0.025 0.0484375
11 0.553125 0.653125 0.0234375 0.046875
8 0.43125 0.959375 0.0234375 0.04375
11 0.603125 0.215625 0.0234375 0.0453125
3 0.278125 0.8640625 0.021875 0.0421875
3 0.20625 0.459375 0.0234375 0.05
3 0.0828125 0.8609375 0.0265625 0.04375
3 0.7625 0.665625 0.025 0.0515625
3 0.1515625 0.23125 0.021875 0.046875
3 0.490625 0.43125 0.021875 0.0453125
8 0.05625 0.2984375 0.0265625 0.0453125
4 0.05 0.871875 0.0203125 0.0328125
8 0.05 0.95625 0.0265625 0.046875
3 0.6125 0.4515625 0.025 0.0546875
8 0.4078125 0.51875 0.0234375 0.0453125
8 0.775 0.953125 0.028125 0.0484375
12 0.8375 0.21875 0.0234375 0.0375
11 0.54375 0.859375 0.025 0.0453125
3 0.234375 0.4671875 0.0234375 0.05
8 0.5375 0.534375 0.025 0.04375
3 0.115625 0.865625 0.021875 0.0421875
3 0.4203125 0.2328125 0.021875 0.05625
8 0.6 0.746875 0.025 0.046875
11 0.328125 0.88125 0.025 0.04375
3 0.3125 0.4375 0.0234375 0.0546875
3 0.375 0.6515625 0.025 0.0453125
8 0.86875 0.7265625 0.025 0.0453125
3 0.24375 0.865625 0.0234375 0.0421875
8 0.725 0.7296875 0.0234375 0.046875
3 0.1828125 0.865625 0.025 0.04375
8 0.8375 0.53125 0.0265625 0.0453125
8 0.278125 0.528125 0.0234375 0.0453125
8 0.40625 0.74375 0.025 0.04375
3 0.05 0.2359375 0.0265625 0.05
8 0.7671875 0.51875 0.025 0.04375
8 0.284375 0.746875 0.025 0.04375
8 0.05 0.728125 0.0265625 0.0484375
8 0.5921875 0.1 0.025 0.04375
3 0.34375 0.434375 0.0234375 0.0578125
8 0.45 0.315625 0.025 0.0453125
8 0.178125 0.9578125 0.025 0.0453125
8 0.50625 0.1 0.025 0.0453125
3 0.6 0.865625 0.03125 0.0453125
3 0.88125 0.453125 0.0265625 0.053125
3 0.28125 0.4375 0.0265625 0.05625
3 0.0890625 0.234375 0.0265625 0.05
3 0.121875 0.23125 0.0234375 0.046875
11 0.64375 0.446875 0.0265625 0.0484375
8 0.146875 0.521875 0.025 0.046875
3 0.9125 0.45625 0.028125 0.05
8 0.64375 0.534375 0.025 0.0453125
8 0.3265625 0.303125 0.0234375 0.0453125
8 0.0515625 0.096875 0.0265625 0.0453125
8 0.8484375 0.9515625 0.028125 0.0484375
8 0.6625 0.953125 0.0265625 0.0484375
8 0.646875 0.309375 0.025 0.046875
8 0.5421875 0.9546875 0.0234375 0.0484375
3 0.328125 0.240625 0.021875 0.046875
8 0.1375 0.084375 0.025 0.046875
8 0.86875 0.6625 0.025 0.04375
8 0.553125 0.3125 0.025 0.046875
8 0.259375 0.0953125 0.025 0.0453125
8 0.496875 0.74375 0.025 0.0453125
8 0.8421875 0.3171875 0.025 0.0453125
3 0.675 0.2203125 0.0234375 0.059375
8 0.05 0.6625 0.025 0.046875
8 0.409375 0.653125 0.0265625 0.0484375
10 0.465625 0.859375 0.028125 0.0453125
3 0.146875 0.45 0.025 0.0546875
8 0.825 0.0875 0.0265625 0.0484375
3 0.190625 0.228125 0.0296875 0.0484375
8 0.125 0.728125 0.0265625 0.0453125
8 0.7140625 0.0890625 0.0234375 0.046875
8 0.190625 0.3171875 0.0265625 0.046875
3 0.378125 0.425 0.021875 0.0484375
8 0.775 0.315625 0.0265625 0.046875
3 0.3390625 0.65 0.0265625 0.04375
8 0.3875 0.084375 0.0234375 0.046875
4 0.725 0.871875 0.021875 0.0296875
8 0.328125 0.9578125 0.0234375 0.046875
7 0.76875 0.4453125 0.034375 0.0484375
3 0.45 0.234375 0.021875 0.0484375
11 0.409375 0.446875 0.0265625 0.0453125
3 0.43125 0.8828125 0.025 0.05
11 0.48125 0.21875 0.028125 0.046875
2 0.5375 0.665625 0.0171875 0.0328125
2 0.315625 0.94375 0.015625 0.028125
9 0.775 0.8671875 0.025 0.021875