3 0.30234375 0.021875 0.0359375 0.04375
3 0.2234375 0.9125 0.0265625 0.05
8 0.040625 0.9796875 0.025 0.040625
2 0.53125 0.9171875 0.0171875 0.0328125
3 0.1875 0.9125 0.025 0.046875
11 0.115625 0.04375 0.0296875 0.046875
3 0.790625 0.246875 0.03125 0.040625
0 0.0484375 0.115625 0.0328125 0.0453125
11 0.7125 0.2625 0.028125 0.046875
3 0.484375 0.6828125 0.0234375 0.0453125
3 0.1953125 0.7109375 0.0234375 0.0484375
3 0.825 0.9171875 0.0265625 0.0546875
3 0.184375 0.2734375 0.0234375 0.0484375
3 0.875 0.703125 0.028125 0.0546875
3 0.409375 0.04375 0.0234375 0.05625
3 0.409375 0.484375 0.021875 0.0546875
11 0.55 0.465625 0.0234375 0.04375
3 0.38125 0.484375 0.0234375 0.0578125
3 0.38125 0.05 0.0234375 0.0484375
3 0.9078125 0.46875 0.0234375 0.046875
3 0.271875 0.4625 0.034375 0.0453125
3 0.1671875 0.70625 0.0234375 0.046875
3 0.453125 0.2609375 0.034375 0.046875
3 0.35 0.490625 0.021875 0.0484375
11 0.275 0.9171875 0.025 0.04375
3 0.66875 0.2625 0.0234375 0.05
3 0.35 0.234375 0.0234375 0.0484375
11 0.215625 0.465625 0.025 0.0484375
3 0.846875 0.253125 0.0234375 0.046875
3 0.2265625 0.0359375 0.0296875 0.046875
3 0.11875 0.909375 0.0265625 0.0484375
3 0.878125 0.25625 0.0234375 0.0484375
3 0.903125 0.7046875 0.025 0.05
8 0.825 0.7765625 0.028125 0.046875
3 0.7109375 0.021875 0.021875 0.04375
11 0.0453125 0.684375 0.025 0.04375
3 0.64375 0.25625 0.0234375 0.05
3 0.4390625 0.04375 0.0234375 0.05625
11 0.0453125 0.246875 0.025 0.0453125
11 0.0859375 0.246875 0.025 0.04375
3 0.7125 0.6984375 0.025 0.0484375
3 0.1921875 0.0390625 0.0234375 0.05
8 0.70625 0.3359375 0.0234375 0.0484375
12 0.828125 0.46875 0.025 0.0390625
11 0.596875 0.4625 0.025 0.04375
3 0.571875 0.7078125 0.025 0.0484375
8 0.759375 0.765625 0.025 0.04375
3 0.225 0.715625 0.025 0.0453125
3 0.65859375 0.021875 0.0265625 0.04375
3 0.33125 0.896875 0.0265625 0.04375
8 0.4 0.903125 0.0234375 0.0515625
11 0.490625 0.9 0.025 0.046875
11 0.615625 0.021875 0.025 0.04375
11 0.5703125 0.021875 0.025 0.04375
8 0.384375 0.33125 0.0234375 0.046875
3 0.1578125 0.2703125 0.021875 0.05
3 0.7875 0.921875 0.0234375 0.05
3 0.66875 0.46875 0.0234375 0.05625
3 0.90625 0.259375 0.025 0.053125
11 0.525 0.7 0.0265625 0.046875
11 0.653125 0.909375 0.025 0.046875
3 0.725 0.4671875 0.0234375 0.0453125
11 0.6 0.903125 0.0265625 0.046875
3 0.6046875 0.7 0.025 0.0546875
11 0.54375 0.253125 0.025 0.0484375
3 0.6984375 0.4625 0.021875 0.04375
8 0.0484375 0.55 0.025 0.04375
8 0.6375 0.78125 0.0234375 0.04375
11 0.09375 0.684375 0.025 0.0453125
3 0.15 0.484375 0.021875 0.046875
8 0.8578125 0.9125 0.0265625 0.046875
3 0.3671875 0.9 0.0234375 0.0453125
12 0.8359375 0.028125 0.0234375 0.0390625
3 0.15625 0.9140625 0.025 0.0453125
3 0.45 0.684375 0.0265625 0.05
8 0.778125 0.028125 0.025 0.0453125
3 0.88125 0.4734375 0.0265625 0.0515625
3 0.584375 0.25625 0.0234375 0.0484375
8 0.1203125 0.978125 0.028125 0.0421875
8 0.584375 0.35 0.025 0.0453125
11 0.396875 0.7 0.028125 0.046875
8 0.65625 0.121875 0.028125 0.05
8 0.31875 0.553125 0.0234375 0.0453125
3 0.6796875 0.69375 0.0265625 0.0515625
8 0.8375 0.128125 0.0265625 0.0484375
4 0.75625 0.253125 0.0234375 0.034375
8 0.396875 0.765625 0.0265625 0.046875
3 0.2875 0.246875 0.0234375 0.053125
14 0.046875 0.034375 0.034375 0.06875
8 0.115625 0.1125 0.025 0.04375
8 0.04375 0.3484375 0.025 0.04375
3 0.2125 0.278125 0.025 0.046875
3 0.1828125 0.475 0.0296875 0.0484375
8 0.1375 0.76875 0.025 0.0484375
3 0.6828125 0.0328125 0.0234375 0.059375
8 0.25625 0.3421875 0.025 0.0453125
3 0.303125 0.684375 0.025 0.0546875
8 0.35 0.115625 0.0234375 0.0453125
3 0.1640625 0.0421875 0.025 0.0515625
8 0.56875 0.121875 0.028125 0.0484375
11 0.25625 0.0265625 0.025 0.046875
3 0.1390625 0.7015625 0.0234375 0.0546875
11 0.5 0.25625 0.0234375 0.046875
3 0.615625 0.2625 0.025 0.0609375
3 0.753125 0.9140625 0.0234375 0.053125
3 0.7375 0.025 0.0234375 0.0484375
11 0.634375 0.7 0.0265625 0.0484375
8 0.18125 0.565625 0.025 0.046875
8 0.44375 0.565625 0.025 0.046875
8 0.271875 0.7765625 0.025 0.046875
8 0.128125 0.334375 0.0234375 0.046875
8 0.76875 0.4671875 0.0234375 0.0453125
3 0.1140625 0.4828125 0.0234375 0.046875
8 0.5484375 0.559375 0.025 0.04375
8 0.4671875 0.128125 0.025 0.0484375
8 0.834375 0.5640625 0.0234375 0.0453125
8 0.528125 0.78125 0.025 0.04375
3 0.36875 0.6734375 0.0234375 0.046875
8 0.640625 0.5609375 0.025 0.0484375
3 0.08125 0.48125 0.0234375 0.0515625
8 0.815625 0.3359375 0.0234375 0.046875
8 0.5 0.346875 0.0265625 0.0453125
8 0.7671875 0.565625 0.0234375 0.04375
8 0.04375 0.78125 0.025 0.0453125
3 0.8203125 0.246875 0.025 0.04375
8 0.7765625 0.125 0.025 0.046875
8 0.221875 0.128125 0.0265625 0.046875
3 0.71875 0.9125 0.0234375 0.05625
3 0.884375 0.034375 0.028125 0.0515625
7 0.759375 0.69375 0.03125 0.0484375
3 0.253125 0.246875 0.0234375 0.053125
3 0.321875 0.2453125 0.025 0.0546875
3 0.35 0.0484375 0.0234375 0.046875
3 0.3359375 0.684375 0.0234375 0.0578125
3 0.046875 0.4859375 0.028125 0.0484375
3 0.2734375 0.684375 0.025 0.0546875
10 0.4765625 0.4671875 0.03125 0.046875
3 0.128125 0.259375 0.0234375 0.0546875
3 0.640625 0.465625 0.025 0.05
3 0.31875 0.490625 0.0234375 0.046875
11 0.546875 0.903125 0.021875 0.046875
3 0.909375 0.0296875 0.0234375 0.0453125
3 0.4671875 0.046875 0.025 0.0484375
10 0.3875 0.2625 0.034375 0.0453125
8 0.04375 0.9109375 0.025 0.04375
3 0.44375 0.48125 0.021875 0.0484375
10 0.5046875 0.0265625 0.03125 0.0484375