14 0.090625 0.5921875 0.0375 0.0765625
0 0.09375 0.4515625 0.034375 0.0453125
14 0.090625 0.378125 0.0359375 0.075
0 0.090625 0.665625 0.0359375 0.046875
3 0.45625 0.359375 0.0234375 0.046875
11 0.409375 0.8125 0.025 0.04375
0 0.090625 0.2375 0.0375 0.0453125
0 0.090625 0.88125 0.0359375 0.04375
3 0.971875 0.159375 0.0265625 0.0515625
14 0.09375 0.803125 0.0375 0.0765625
3 0.259375 0.390625 0.021875 0.05
11 0.625 0.79375 0.0265625 0.04375
0 0.090625 0.01875 0.0359375 0.0375
3 0.9125 0.596875 0.0265625 0.0546875
3 0.3625 0.1484375 0.0328125 0.0453125
3 0.846875 0.596875 0.0234375 0.0515625
3 0.3125 0.5921875 0.025 0.0515625
11 0.6390625 0.5859375 0.021875 0.0453125
3 0.965625 0.384375 0.0265625 0.053125
3 0.803125 0.38125 0.0234375 0.0453125
3 0.2875 0.39375 0.0234375 0.0515625
3 0.6640625 0.3875 0.025 0.0484375
11 0.6171875 0.38125 0.025 0.0453125
8 0.4078125 0.234375 0.0234375 0.04375
11 0.18125 0.36875 0.025 0.0453125
3 0.8796875 0.603125 0.025 0.0484375
3 0.571875 0.365625 0.0234375 0.046875
3 0.46875 0.1671875 0.0234375 0.0578125
3 0.24375 0.596875 0.0234375 0.046875
11 0.9328125 0.8125 0.0265625 0.046875
14 0.09375 0.15625 0.0375 0.0765625
3 0.2796875 0.596875 0.0234375 0.046875
11 0.4625 0.809375 0.0265625 0.046875
3 0.4078125 0.171875 0.0234375 0.05
3 0.771875 0.378125 0.0234375 0.0515625
3 0.390625 0.365625 0.0234375 0.0546875
3 0.265625 0.79375 0.0234375 0.04375
8 0.13125 0.6625 0.025 0.046875
3 0.5015625 0.165625 0.0234375 0.05625
3 0.3578125 0.79375 0.021875 0.04375
11 0.725 0.3828125 0.0265625 0.0453125
3 0.440625 0.171875 0.021875 0.0484375
8 0.4921875 0.5828125 0.025 0.04375
8 0.8125 0.6625 0.0265625 0.0484375
3 0.2375 0.165625 0.0234375 0.046875
11 0.365625 0.6 0.0234375 0.04375
11 0.740625 0.590625 0.025 0.04375
8 0.1390625 0.23125 0.025 0.0421875
3 0.2125 0.596875 0.025 0.0484375
3 0.8125 0.59375 0.0234375 0.05625
3 0.16875 0.1671875 0.025 0.0515625
3 0.2296875 0.7953125 0.0234375 0.04375
11 0.6890625 0.5828125 0.0265625 0.046875
3 0.4234375 0.58125 0.025 0.04375
11 0.6375 0.1453125 0.025 0.04375
8 0.8 0.0203125 0.028125 0.040625
3 0.365625 0.36875 0.0234375 0.0546875
8 0.6375 0.2453125 0.025 0.04375
3 0.5125 0.815625 0.025 0.046875
11 0.98125 0.80625 0.0265625 0.046875
11 0.684375 0.146875 0.0234375 0.04375
8 0.928125 0.884375 0.0234375 0.046875
8 0.725 0.465625 0.0265625 0.0453125
8 0.534375 0.246875 0.0234375 0.0453125
8 0.846875 0.4484375 0.025 0.04375
11 0.134375 0.36875 0.0234375 0.0453125
8 0.2125 0.6625 0.028125 0.0484375
8 0.621875 0.884375 0.0265625 0.0484375
8 0.8578125 0.884375 0.0234375 0.046875
11 0.5796875 0.584375 0.025 0.046875
3 0.31875 0.39375 0.0234375 0.046875
8 0.8546875 0.25 0.025 0.0453125
8 0.95 0.6625 0.0265625 0.05
3 0.196875 0.79375 0.021875 0.04375
7 0.85 0.378125 0.03125 0.0484375
8 0.13125 0.4625 0.025 0.04375
3 0.20625 0.165625 0.025 0.046875
8 0.90625 0.021875 0.0265625 0.0421875
3 0.1390625 0.165625 0.0296875 0.0484375
8 0.675 0.03125 0.0265625 0.046875
3 0.696875 0.3859375 0.0234375 0.0515625
8 0.3609375 0.4609375 0.0265625 0.0453125
3 0.7875 0.14375 0.0203125 0.0421875
8 0.271875 0.246875 0.025 0.0453125
8 0.4859375 0.45 0.025 0.046875
8 0.615625 0.4625 0.0234375 0.04375
3 0.734375 0.1453125 0.0234375 0.0453125
8 0.228125 0.453125 0.0265625 0.046875
12 0.921875 0.153125 0.025 0.040625
8 0.578125 0.675 0.0234375 0.0453125
8 0.6875 0.6765625 0.0265625 0.0484375
8 0.7125 0.8 0.025 0.04375
8 0.13125 0.03125 0.025 0.0453125
4 0.13125 0.8 0.021875 0.028125
8 0.4875 0.6765625 0.025 0.046875
8 0.728125 0.246875 0.025 0.0453125
3 0.759375 0.15 0.0234375 0.059375
8 0.746875 0.884375 0.025 0.0484375
3 0.29375 0.79375 0.0234375 0.04375
8 0.2203125 0.01875 0.028125 0.0375
3 0.45625 0.58125 0.0234375 0.04375
11 0.3046875 0.153125 0.025 0.0453125
3 0.8140625 0.146875 0.021875 0.0453125
8 0.13125 0.8875 0.0234375 0.0453125
3 0.54375 0.365625 0.025 0.046875
8 0.3625 0.6734375 0.025 0.046875
3 0.275 0.159375 0.03125 0.0484375
8 0.13125 0.59375 0.0265625 0.046875
8 0.9234375 0.25 0.0265625 0.0453125
8 0.5875 0.0296875 0.025 0.046875
8 0.259375 0.8875 0.0265625 0.046875
10 0.5671875 0.153125 0.028125 0.0453125
8 0.85625 0.15 0.0234375 0.0453125
8 0.34375 0.025 0.0265625 0.0453125
8 0.9171875 0.459375 0.0265625 0.0453125
11 0.490625 0.38125 0.025 0.0453125
8 0.409375 0.8875 0.0234375 0.046875
4 0.809375 0.8 0.021875 0.03125
3 0.3265625 0.7953125 0.0234375 0.04375
3 0.68125 0.796875 0.03125 0.0453125
3 0.228125 0.3828125 0.025 0.053125
8 0.5171875 0.8890625 0.0234375 0.0453125
3 0.165625 0.7953125 0.0234375 0.04375
8 0.95 0.596875 0.0265625 0.04375
10 0.55 0.79375 0.028125 0.0453125
3 0.428125 0.36875 0.0234375 0.059375
2 0.61875 0.6 0.01875 0.0359375
3 0.534375 0.1671875 0.0234375 0.0453125
9 0.8546875 0.7984375 0.0234375 0.01875
2 0.396875 0.88125 0.015625 0.0390625