3 0.665625 0.134375 0.075 0.128125
13 0.259375 0.5109375 0.065625 0.1375
3 0.45625 0.9 0.0734375 0.128125
3 0.8359375 0.9015625 0.075 0.1328125
3 0.334375 0.5109375 0.05625 0.128125
3 0.421875 0.09375 0.0671875 0.1265625
3 0.2390625 0.88125 0.065625 0.1328125
3 0.68125 0.5078125 0.0640625 0.128125
3 0.778125 0.134375 0.065625 0.128125
3 0.896875 0.475 0.06875 0.1265625
3 0.7984375 0.475 0.078125 0.1296875
3 0.353125 0.890625 0.0703125 0.1265625
3 0.615625 0.89375 0.0765625 0.1265625
3 0.9390625 0.890625 0.065625 0.128125
3 0.56875 0.1453125 0.0640625 0.1140625
3 0.878125 0.1484375 0.06875 0.1140625
3 0.721875 0.89375 0.0671875 0.1265625
3 0.58125 0.515625 0.0625 0.125
14 0.034375 0.4875 0.0671875 0.19375
3 0.325 0.115625 0.08125 0.1375
14 0.034375 0.8734375 0.0671875 0.196875
3 0.13125 0.515625 0.06875 0.1203125
3 0.128125 0.865625 0.0671875 0.1140625
3 0.434375 0.534375 0.06875 0.115625
14 0.0359375 0.10625 0.071875 0.196875
11 0.13125 0.11875 0.071875 0.1203125