3 0.7125 0.60625 0.0734375 0.128125
3 0.4671875 0.5671875 0.0671875 0.1265625
3 0.8296875 0.60625 0.0625 0.1296875
3 0.490625 0.184375 0.071875 0.1296875
3 0.3890625 0.184375 0.065625 0.125
3 0.940625 0.946875 0.065625 0.10625
3 0.584375 0.18125 0.0609375 0.128125
3 0.9234375 0.19375 0.075 0.128125
3 0.734375 0.19375 0.06875 0.128125
14 0.078125 0.58125 0.096875 0.1953125
3 0.828125 0.1921875 0.0640625 0.1265625
3 0.8515625 0.946875 0.075 0.10625
3 0.925 0.628125 0.06875 0.1125
3 0.615625 0.625 0.0640625 0.1140625
3 0.3703125 0.5875 0.0796875 0.1375
14 0.078125 0.2046875 0.0953125 0.1921875
3 0.31875 0.95625 0.0578125 0.0859375
3 0.38125 0.9625 0.05625 0.0734375
11 0.18125 0.590625 0.0734375 0.1265625