3 0.384375 0.540625 0.0640625 0.128125
3 0.453125 0.20625 0.071875 0.125
3 0.025 0.1546875 0.05 0.128125
3 0.21875 0.175 0.0640625 0.13125
3 0.028125 0.5734375 0.0546875 0.13125
3 0.39375 0.921875 0.0625 0.1265625
3 0.3546875 0.203125 0.0734375 0.128125
3 0.14375 0.915625 0.0640625 0.1265625
3 0.125 0.15625 0.0765625 0.1296875
3 0.65 0.1828125 0.0671875 0.125
3 0.5984375 0.9203125 0.0671875 0.13125
3 0.50625 0.90625 0.0734375 0.125
3 0.59375 0.5390625 0.0640625 0.1265625
3 0.2984375 0.909375 0.0734375 0.125
3 0.290625 0.54375 0.06875 0.125
3 0.559375 0.19375 0.06875 0.13125
3 0.125 0.5921875 0.071875 0.1171875
3 0.5046875 0.5328125 0.078125 0.1265625
3 0.046875 0.921875 0.0703125 0.125
10 0.8 0.1921875 0.078125 0.121875
10 0.753125 0.571875 0.0765625 0.1171875
10 0.7515625 0.946875 0.0765625 0.10625