3 0.41875 0.58125 0.065625 0.128125
3 0.046875 0.2 0.0625 0.128125
3 0.478125 0.2453125 0.06875 0.1234375
3 0.6734375 0.2234375 0.0671875 0.125
3 0.24375 0.2203125 0.065625 0.13125
3 0.584375 0.2359375 0.071875 0.13125
3 0.046875 0.621875 0.0625 0.125
3 0.315625 0.58125 0.06875 0.125
3 0.61875 0.5828125 0.065625 0.1296875
3 0.38125 0.246875 0.0703125 0.1234375
3 0.146875 0.203125 0.0765625 0.1265625
3 0.528125 0.5703125 0.075 0.1234375
3 0.1515625 0.63125 0.075 0.1171875
10 0.8265625 0.240625 0.071875 0.1296875
10 0.7734375 0.6171875 0.078125 0.121875