3 0.409375 0.859375 0.065625 0.128125
3 0.309375 0.88125 0.06875 0.125
3 0.55625 0.471875 0.065625 0.128125
3 0.346875 0.46875 0.065625 0.1265625
3 0.45625 0.4625 0.0703125 0.125
3 0.453125 0.084375 0.075 0.1328125
3 0.1421875 0.890625 0.06875 0.1265625
3 0.34375 0.09375 0.0625 0.128125
3 0.103125 0.46875 0.0671875 0.1265625
3 0.034375 0.89453125 0.06875 0.1296875
4 0.9796875 0.871875 0.040625 0.0703125
3 0.6265625 0.8546875 0.0703125 0.1265625
3 0.553125 0.0953125 0.0671875 0.128125
3 0.24375 0.0875 0.0734375 0.128125
3 0.25 0.465625 0.0734375 0.1234375
3 0.08125 0.146875 0.06875 0.1140625
3 0.528125 0.85 0.075 0.125
10 0.7 0.1328125 0.0765625 0.121875
4 0.959375 0.10625 0.0515625 0.0703125
4 0.9625 0.484375 0.0546875 0.071875
10 0.709375 0.496875 0.0703125 0.121875
10 0.8 0.89375 0.075 0.1125