3 0.0625 0.20625 0.071875 0.1296875
3 0.1703125 0.209375 0.0625 0.1296875
3 0.08125 0.584375 0.0671875 0.128125
3 0.546875 0.55 0.065625 0.1265625
3 0.825 0.934375 0.0671875 0.125
3 0.753125 0.55 0.06875 0.1296875
3 0.5390625 0.1671875 0.06875 0.1265625
3 0.2984375 0.55 0.0671875 0.125
3 0.2734375 0.225 0.071875 0.115625
3 0.653125 0.540625 0.075 0.1265625
3 0.7171875 0.921875 0.075 0.125
3 0.4375 0.16875 0.0671875 0.1265625
3 0.2 0.546875 0.078125 0.1265625
3 0.74375 0.16875 0.065625 0.125
3 0.6515625 0.159375 0.0734375 0.1265625
3 0.446875 0.54375 0.075 0.125
10 0.9046875 0.575 0.075 0.125
10 0.903125 0.20625 0.0765625 0.1125